2013 10 24 19 25 10.300 -58.259 -12.802 10 6
2013 01 21 22 22 54.780 4.962 95.921 24.6 6
2013 01 28 16 38 53.840 42.582 79.721 14.3 6
2013 10 04 17 26 14.250 -38.707 78.5 11 6
2013 10 12 13 11 53.650 35.527 23.371 46.9 6
2013 10 15 00 12 33.250 9.833 124.123 23.2 6
2013 10 31 12 02 09.350 23.543 121.458 14.8 6
2013 11 03 11 03 40.460 4.641 123.4 556.8 6
2013 11 13 23 45 48.200 -60.309 -47.287 10 6
2013 11 16 03 34 34.790 -60.307 -47.199 24 6
2013 11 17 09 04 56.260 -60.378 -46.587 7.9 6
2013 12 01 06 29 58.320 2.017 96.848 21.6 6
2012 11 02 18 17 34.680 9.235 126.281 55.5 6
2012 12 11 06 18 28.980 0.56 126.223 43.8 6
2012 12 17 09 16 31.250 -0.693 123.883 46.4 6
2013 02 16 04 37 37.320 5.778 125.779 116.4 6
2013 07 26 21 33 00.60 -58.035 -24.28 17 6
2012 04 11 08 38 37.800 2.237 93.014 26.3 6
2012 04 11 09 27 57.30 1.218 91.714 10 6
2012 04 11 10 43 10.530 0.767 92.428 21.6 6
2012 04 15 05 57 40.120 2.581 90.335 25 6
2012 04 17 19 03 57.120 -59.187 -16.807 13.6 6
2012 08 18 09 41 55.160 -1.351 120.127 27.9 6
2012 08 30 13 43 25.300 71.446 -11.034 11.1 6
2012 09 03 18 23 08.350 -10.677 113.964 34.8 6
2012 09 14 04 51 48.60 -3.3 100.67 23.3 6
2012 10 17 04 42 31.60 4.179 124.561 338.4 6
2012 11 11 01 12 39.150 22.89 95.848 14.2 6
2012 05 20 02 03 53.990 44.873 11.222 17.7 6
2012 05 24 22 47 46.470 73.027 5.505 8.2 6
2011 03 20 08 26 11.110 19.074 121.306 39.9 6
2011 03 24 13 55 13.390 20.629 99.917 12.8 6
2011 04 01 13 29 11.510 35.731 26.546 75.5 6
2011 04 03 20 06 43.260 -9.734 107.769 31.9 6
2011 04 24 23 07 54.700 -4.48 122.864 28.3 6
2011 05 14 21 07 21.810 36.425 70.723 207.6 6
2011 05 15 13 08 15.420 0.458 -25.608 18.9 6
2011 07 11 20 47 04.890 9.527 122.245 21.6 6
2011 07 15 13 26 02.850 -60.986 -23.662 8.6 6
2011 07 19 19 35 43.380 40.156 71.501 19.5 6
2012 06 10 12 44 16.360 36.384 28.967 32 6
2012 06 16 22 18 49.330 15.542 119.603 44.9 6
2012 06 23 04 34 53.600 3.002 97.911 101.9 6
2012 06 29 21 07 32.950 43.433 84.612 17.1 6
2012 07 25 00 27 45.820 2.625 96.11 28.6 6
2012 07 26 05 33 33.860 -17.55 66.29 16.2 6
2012 08 11 12 23 17.670 38.402 46.838 8.7 6
2012 08 11 12 34 36.600 38.379 46.795 18.9 6
2012 08 12 10 47 07.390 35.652 82.541 14 6
2013 03 19 03 29 02.700 -58.981 -24.569 52 6
2013 03 27 02 03 19.940 23.881 121.135 18.6 6
2013 04 09 11 52 50.190 28.446 51.629 12.8 6
2013 04 16 10 44 19.30 27.97 62.136 63.1 6
2013 04 20 00 02 47.980 30.268 103.02 18 6
2013 05 11 02 08 11.290 26.658 57.843 15.1 6
2013 06 02 05 43 03.800 23.831 121.059 17 6
2013 06 13 16 47 25.800 -9.951 107.302 20.6 6
2013 06 15 16 11 02.90 34.45 25.044 21.5 6
2013 06 16 21 39 06.600 34.424 25.186 25 6
2013 06 24 22 04 14.180 10.69 -42.668 17.5 6
2013 07 02 07 37 05.90 4.69 96.582 25.4 6
2013 07 06 05 05 06.960 -3.294 100.531 26.1 6
2013 07 15 14 03 41.730 -61.052 -25.227 19.9 6
2013 07 21 23 45 55.920 34.504 104.26 5.1 6
2013 07 22 07 01 41.750 -46.094 34.861 3.2 6
2013 08 17 16 32 31.830 -34.886 54.127 10.9 6
2013 09 05 04 01 36.70 15.251 -45.213 10.4 6
2013 09 06 11 33 54.790 20.186 122.333 189.4 6
2013 09 21 01 39 15.480 -7.267 119.95 550.1 6
2013 09 24 11 29 48.230 26.91 65.531 15.5 6
2013 09 28 07 34 07.460 27.161 65.619 18.7 6
