2006 06 06 00 50 21 17.992 119.075 124.0 6
2006 06 06 06 26 58 1.1078 -28.0385 10.0 6
2006 06 19 18 27 55 33.0195 -39.6579 9.2 6
2006 06 22 12 34 39 6.9374 92.4882 21.5 6
2006 07 18 08 19 05 -9.3178 107.424 20.0 6
2006 07 18 09 12 54 -9.093 107.857 48.7 6
2006 07 18 15 45 25 -9.4343 108.327 19.1 6
2006 07 20 10 57 05 -6.5781 105.386 49.3 6
2006 07 28 11 16 06 1.7056 97.1228 31.8 6
2006 08 12 20 54 14 2.3825 96.3657 30.2 6
2006 08 21 03 41 09 -61.016 -34.2851 0.5 6
2006 09 10 04 13 06 -7.2509 120.128 579.1 6
2006 09 22 18 54 41 -9.1324 110.35 19.4 6
2006 10 10 10 01 24 20.7439 120.074 18.4 6
2006 10 23 08 55 09 -45.821 96.0662 10.0 6
2006 12 02 03 57 59 3.4287 99.113 206.1 6
2006 12 02 14 01 35 -8.347 118.738 46.8 6
2006 12 23 19 50 25 10.6955 92.4049 31.0 6
2006 12 27 12 26 01 21.8643 120.545 6.6 6
2006 12 27 12 34 01 22.0298 120.498 30.2 6
2007 01 09 12 48 39 8.0486 92.4527 17.4 6
2007 01 09 17 21 44 39.823 70.309 18.4 6
2007 01 18 23 18 38 10.0953 58.7229 10.0 6
2007 01 21 06 21 00 -55.321 -29.4544 10.0 6
2007 02 13 10 35 24 35.9176 -10.2442 30.4 6
2007 03 01 23 13 17 -55.2878 -29.2147 21.4 6
2007 03 02 23 11 41 26.5904 -44.6219 10.0 6
2007 03 07 03 49 34 -0.5271 100.465 22.5 6
2007 03 07 05 49 18 -0.501 100.474 30.1 6
2007 03 09 11 14 24 -58.1609 -7.6718 4.0 6
2007 04 04 03 35 05 36.5173 70.6851 213.0 6
2007 04 06 03 56 38 37.3777 -24.6318 4.3 6
2007 04 08 07 09 12 37.348 -24.5125 9.1 6
2007 04 08 09 51 33 2.9207 95.6909 31.2 6
2007 04 29 14 02 31 -60.9376 -20.369 10.0 6
2007 05 05 12 06 40 -1.3491 -15.0475 10.0 6
2007 05 05 13 46 08 -0.48 100.34 10.0 6
2007 05 06 08 51 10 34.2694 82.0337 14.2 6
2007 05 17 08 56 04 20.5752 100.758 1.3 6
2007 06 03 21 34 40 23.0653 101.024 11.6 6
2007 06 25 00 25 01 -55.6106 -2.4337 10.0 6
2007 06 27 22 23 01 -10.4979 108.214 18.2 6
2007 07 04 08 25 46 0.72 -30.2614 10.0 6
2007 07 26 23 36 59 7.0991 92.5074 27.7 6
2007 08 01 22 54 58 -0.1853 -17.7754 17.6 6
2007 08 09 17 04 49 -5.8913 107.451 295.8 6
2007 08 09 17 04 56 -6.089 107.584 293.8 6
2007 08 21 22 42 26 8.1252 -39.2485 0.7 6
2007 09 13 11 10 26 -4.4637 101.396 35.5 6
2007 09 13 23 48 48 -2.6161 100.726 36.0 6
2007 09 14 02 29 32 -1.6708 99.5879 24.8 6
2007 09 14 03 35 27 -2.1573 99.5731 20.0 6
2007 09 14 16 09 09 -3.2096 101.365 50.9 6
2007 09 15 06 01 06 -4.1551 101.1 32.9 6
2007 09 20 07 27 51 -2.7753 100.83 38.4 6
2007 09 21 08 31 02 -2.0214 100.059 30.9 6
2008 03 30 17 30 50 2.928 95.2771 24.3 6
2008 04 15 09 45 15 -56.0769 -28.0966 112.3 6
2008 04 29 15 57 48 -58.8452 -24.8411 10.0 6
2008 05 13 06 27 59 31.0636 103.372 7.6 6
2008 05 13 11 11 02 31.2384 103.627 11.5 6
2008 05 20 14 26 45 1.6754 99.0534 14.8 6
2008 05 24 19 35 35 7.3593 -34.891 10.0 6
2008 05 26 08 21 48 32.6031 105.377 14.0 6
2008 05 30 15 45 59 63.9564 -20.9875 10.0 6
2008 06 01 04 37 53 -41.2531 80.4853 0.5 6
2008 06 09 12 25 28 37.9608 21.4486 15.8 6
