2009 10 07 21 41 14.560 4.087 122.537 586.8 6
2009 10 12 03 15 47.810 -17.182 66.685 14.1 6
2009 10 13 11 38 06.760 2.985 128.25 42.3 6
2009 10 16 09 52 52.620 -6.514 105.24 54.6 6
2009 10 22 19 51 27.600 36.518 71.012 188.6 6
2009 10 24 14 40 44.770 -6.116 130.429 140.3 6
2009 10 29 17 44 32.110 36.382 70.768 213.9 6
2009 10 30 07 03 39.120 29.167 129.984 33.9 6
2009 11 08 19 41 45.860 -8.283 118.667 32.1 6
2009 11 10 02 48 46.430 8.028 91.951 22.7 6
2009 11 28 06 04 25.320 -10.359 118.843 38.7 6
2009 11 28 18 10 24.350 5.414 126.396 66.8 6
2009 12 09 16 00 43.230 -0.722 -21.138 10.0 6
2009 12 10 02 30 52.140 53.398 152.798 653.2 6
2009 12 19 13 02 16.370 23.793 121.703 50.1 6
2009 12 24 00 23 33.940 42.237 134.772 395.7 6
2009 12 26 08 57 25.60 -5.425 131.323 64.9 6
2010 01 02 08 45 35.400 12.421 142.053 24.0 6
2010 01 05 04 55 38.890 -58.464 -14.859 10.0 6
2010 02 05 06 59 07.360 -47.934 99.51 16.0 6
2010 02 06 04 45 00.40 46.753 152.78 44.3 6
2010 02 07 06 10 00.360 23.436 123.69 23.0 6
2010 02 15 21 51 48.170 -7.267 128.766 134.7 6
2010 02 18 01 13 18.420 42.602 130.699 573.7 6
2010 02 26 20 31 26.860 25.984 128.507 24.2 6
2010 03 04 00 18 52.300 22.93 120.8 27.0 6
2010 03 05 16 07 00.00 -3.838 100.915 24.2 6
2010 03 14 00 57 46.160 -1.648 128.081 63.6 6
2010 03 14 08 08 05.10 37.783 141.654 40.1 6
2010 03 25 05 29 26.330 13.829 120.013 24.6 6
2010 03 30 16 54 47.370 13.612 92.874 38.5 6
2010 04 05 10 05 44.630 -0.089 125.104 28.1 6
2010 04 06 22 15 02.130 2.36 97.111 33.4 6
2010 04 11 22 08 11.320 37.007 -3.476 619.6 6
2010 04 13 23 49 37.10 33.192 96.746 13.8 6
2010 04 14 01 25 16.450 33.149 96.489 12.2 6
2010 04 24 07 41 01.780 -1.898 128.111 38.7 6
2010 04 26 02 59 52.260 22.24 123.815 23.2 6
2010 05 03 10 27 45.790 29.666 141.012 89.6 6
2010 05 05 16 29 03.110 -4.139 101.105 26.3 6
2010 05 09 05 59 42.340 3.732 96.027 42.3 6
2010 05 25 10 09 06.280 35.283 -35.936 15.4 6
2010 05 26 08 53 08.430 25.738 129.955 12.0 6
2010 05 31 10 16 02.640 6.937 123.962 34.3 6
2010 05 31 19 51 47.690 11.21 93.651 131.6 6
2010 06 12 19 26 50.50 7.85 91.954 31.4 6
2010 06 16 03 06 04.990 -2.404 136.65 24.3 6
2010 06 16 03 16 29.120 -2.203 136.587 22.1 6
2010 06 16 03 58 10.120 -2.351 136.601 20.6 6
2010 06 18 02 23 07.610 44.492 148.742 43.7 6
2010 07 04 21 55 52.370 39.661 142.579 30.1 6
2010 07 21 09 16 05.10 3.002 128.179 111.9 6
2010 07 23 22 08 11.220 6.711 123.487 610.2 6
2010 07 23 22 51 13.00 6.423 123.579 584.7 6
2010 07 23 23 15 09.820 6.74 123.327 633.7 6
2010 07 24 05 35 01.820 6.171 123.562 564.7 6
2010 07 29 07 31 56.660 6.558 123.36 615.8 6
2010 07 30 03 56 14.650 52.421 159.922 30.3 6
2010 08 03 12 08 27.540 1.297 126.279 50.6 6
2010 08 04 23 48 02.590 46.003 153.301 32.0 6
2010 08 13 21 19 34.220 12.474 141.562 16.4 6
2010 08 14 23 01 05.980 12.201 141.482 28.4 6
2010 08 16 03 30 54.210 -17.807 65.602 14.7 6
2010 08 21 05 42 54.130 2.198 96.723 33.2 6
2010 09 17 19 21 15.200 36.535 70.969 215.4 6
2010 09 26 12 12 40.90 -5.299 133.897 20.4 6
2010 09 29 17 10 52.100 -4.918 133.807 18.3 6
2010 09 29 17 11 24.970 -4.986 133.775 20.5 6
2010 10 04 13 28 38.940 24.217 125.249 32.8 6
2010 10 08 05 43 10.20 2.763 128.221 140.8 6
2010 10 25 14 42 22.180 -3.524 100.104 20.0 6
2010 10 25 19 37 30.470 -3.006 100.37 22.6 6
2010 11 03 11 18 17.330 -4.649 134.106 24.6 6
2010 11 10 04 05 25.140 -45.599 96.364 15.3 6
2010 11 30 03 24 41.250 28.394 139.239 485.0 6
2010 12 08 05 24 35.150 -56.431 -25.64 29.0 6
2010 12 15 11 29 30.930 -7.266 128.793 140.4 6
2010 12 21 17 19 41.160 26.898 143.704 13.8 6
2011 01 12 21 32 54.550 26.967 140.015 524.5 6
2011 01 17 19 20 56.910 -5.103 102.602 39.1 6
2011 01 18 11 33 44.980 2.575 96.381 23.7 6
2011 01 24 02 45 30.500 38.401 72.846 101.9 6
2011 01 26 15 42 29.720 2.165 96.812 23.8 6
2011 01 29 06 55 26.330 70.868 -6.908 6.4 6
2011 02 04 13 53 46.330 24.609 94.734 86.5 6
2011 02 10 14 39 28.200 4.129 123.062 532.8 6
2011 02 10 14 41 59.580 4.046 123.033 531.2 6
2011 02 15 13 33 54.340 -2.489 121.468 26.8 6
2011 02 20 21 43 24.880 55.836 162.234 39.1 6
2011 03 06 14 32 36.940 -56.386 -27.025 92.0 6
2011 03 06 14 32 42.100 -56.41 -26.68 101.2 6
2011 03 09 02 45 19.590 38.44 142.98 26.2 6
2011 03 09 18 16 16.130 38.279 142.7 25.0 6
2011 03 09 21 22 17.830 38.299 142.817 29.4 6
2011 03 09 21 24 01.830 38.242 142.872 14.7 6
2011 03 10 17 08 37.320 -6.856 116.73 518.6 6
2011 03 11 05 46 23.200 38.296 142.498 19.7 6
2011 03 11 05 54 31.460 37.508 141.358 35.0 6
2011 03 11 05 58 02.320 37.67 142.044 9.5 6
2011 03 11 06 08 53.900 36.08 141.83 26.0 6
2011 03 12 01 47 16.160 37.589 142.751 24.8 6
2011 03 13 01 26 06.730 35.726 141.739 24.0 6
2011 03 14 06 12 36.680 37.78 142.5 18.8 6
2011 03 15 13 27 56.710 37.587 142.338 30.9 6
2011 03 15 13 31 47.450 35.309 138.72 14.9 6
2011 03 15 15 23 54.620 40.35 143.383 22.9 6
2011 03 17 04 13 57.610 40.167 142.374 37.7 6
2011 03 20 08 26 11.110 19.074 121.306 39.9 6
2011 03 22 07 18 46.480 37.216 144.052 16.4 6
2011 03 22 09 19 05.330 37.371 141.792 28.4 6
2011 03 22 09 44 29.970 39.863 143.538 19.2 6
2011 03 24 13 55 13.390 20.629 99.917 12.8 6
2011 03 25 11 36 24.320 38.748 141.993 39.0 6
2011 03 27 22 23 58.720 38.379 142.215 19.8 6
2011 03 29 10 54 34.20 37.44 142.347 19.8 6
2011 03 31 07 15 29.720 38.917 142.024 41.7 6
2011 04 03 20 06 43.260 -9.734 107.769 31.9 6
2011 04 07 14 32 44.100 38.251 141.729 53.2 6
2011 04 09 12 57 50.50 30.015 131.846 26.2 6
2011 04 11 08 16 12.690 36.952 140.584 13.3 6
2011 04 11 23 08 17.90 35.438 140.703 16.7 6
2011 04 13 19 57 23.840 39.585 143.56 16.2 6
2011 04 21 13 37 03.80 35.642 140.552 43.4 6
2011 04 23 10 12 46.930 39.169 142.938 31.7 6
2011 04 24 23 07 54.700 -4.48 122.864 28.3 6
2011 05 05 14 58 19.780 38.201 144.154 19.7 6
2011 05 13 23 35 52.930 37.4 141.456 38.6 6
2011 05 14 21 07 21.810 36.425 70.723 207.6 6
2011 05 15 13 08 15.420 0.458 -25.608 18.9 6
2011 06 03 00 05 01.720 37.304 143.965 19.6 6
2011 06 13 14 31 23.400 2.544 126.455 66.0 6
2011 07 10 00 57 10.910 38.055 143.301 24.7 6
2011 07 11 20 47 04.890 9.527 122.245 21.6 6
2011 07 15 13 26 02.850 -60.986 -23.662 8.6 6
2011 07 19 19 35 43.380 40.156 71.501 19.5 6
2011 07 23 04 34 24.500 38.914 141.922 45.9 6
2011 07 24 18 51 24.910 37.739 141.559 41.1 6
2011 07 30 18 53 51.870 36.964 141.077 48.1 6
2011 08 01 14 58 10.610 34.671 138.522 23.1 6
2011 08 04 13 51 36.140 48.767 154.839 49.8 6
2011 08 10 23 45 43.80 -7.102 -12.805 11.7 6
2011 08 16 11 03 57.630 -2.302 128.036 38.7 6
2011 08 17 11 44 10.600 36.788 143.776 23.1 6
2011 08 19 05 36 32.900 37.669 141.693 48.6 6
2011 08 22 20 12 21.270 -6.356 104.004 33.4 6
2011 08 30 06 57 41.540 -6.359 126.75 467.2 6
2011 09 03 04 48 58.780 -56.561 -26.923 96.3 6
2011 09 05 17 55 12.930 3.025 97.999 106.6 6
2011 09 15 08 00 08.900 36.264 141.434 24.3 6
2011 09 16 19 26 40.730 40.295 142.923 29.7 6
2011 09 16 21 08 05.980 40.231 143.118 25.4 6
2011 09 18 12 40 49.580 27.803 88.153 29.6 6
2011 10 13 03 16 32.90 -9.363 114.555 63.2 6
2011 10 14 06 10 14.730 54.073 123.813 13.9 6
2011 10 21 08 02 37.620 43.872 142.531 189.0 6
2011 11 08 02 59 08.670 27.25 125.723 228.2 6
2011 11 14 04 05 12.500 -0.953 126.879 24.4 6
2011 11 23 19 24 32.250 37.376 141.462 42.7 6
2011 11 24 10 25 34.930 41.891 142.797 48.2 6
2011 11 30 00 27 08.880 15.429 119.098 21.1 6
2011 12 11 09 54 56.480 -56.049 -28.213 130.6 6
2011 12 13 07 52 12.30 0.047 123.063 167.4 6
2011 12 27 15 21 57.570 51.834 95.964 12.8 6
2012 01 01 05 27 55.800 31.468 138.183 359.7 6
2012 01 10 18 37 00.190 2.43 93.208 20.9 6
2012 01 22 05 53 43.130 -56.931 -25.229 18.7 6
2012 02 06 03 49 13.920 9.919 123.216 17.5 6
2012 02 06 10 10 19.820 9.899 123.174 12.6 6
2012 02 26 06 17 19.920 51.8 95.98 13.0 6
2012 03 14 09 08 36.230 40.842 145.015 19.2 6
2012 03 14 10 49 25.10 40.802 144.856 14.4 6
2012 03 14 12 05 06.00 35.747 140.824 19.7 6
2012 03 27 11 00 44.80 39.856 142.204 14.4 6
2012 04 11 08 38 37.800 2.237 93.014 26.3 6
2012 04 11 09 27 57.30 1.218 91.714 10.0 6
2012 04 11 10 43 10.530 0.767 92.428 21.6 6
2012 04 15 05 57 40.120 2.581 90.335 25.0 6
2012 04 17 19 03 57.120 -59.187 -16.807 13.6 6
2012 04 21 01 16 53.670 -1.694 134.322 24.4 6
2012 04 21 01 25 14.110 -1.699 134.238 24.0 6
2012 05 20 02 03 53.990 44.873 11.222 17.7 6
2012 05 20 07 20 37.80 39.504 143.386 12.8 6
2012 05 23 15 02 27.110 41.356 142.126 64.1 6
2012 05 24 22 47 46.470 73.027 5.505 8.2 6
2012 05 26 21 48 09.270 26.901 140.168 481.6 6
2012 06 05 19 31 34.840 34.976 141.282 20.8 6
2012 06 16 22 18 49.330 15.542 119.603 44.9 6
2012 06 17 20 32 21.10 38.915 142.049 45.1 6
2012 06 23 04 34 53.600 3.002 97.911 101.9 6
2012 06 24 03 15 01.980 57.501 163.414 16.0 6
2012 06 29 21 07 32.950 43.433 84.612 17.1 6
2012 07 08 11 33 05.290 45.42 151.39 37.7 6
2012 07 20 06 10 27.340 49.247 156.109 37.9 6
2012 07 25 00 27 45.820 2.625 96.11 28.6 6
2012 07 26 05 33 33.860 -17.55 66.29 16.2 6
2012 08 12 10 47 07.390 35.652 82.541 14.0 6
2012 08 14 02 59 38.860 49.75 145.305 590.7 6
2012 08 18 09 41 55.160 -1.351 120.127 27.9 6
2012 08 26 15 05 37.160 2.198 126.869 90.9 6
2012 08 30 13 43 25.300 71.446 -11.034 11.1 6
2012 08 31 12 47 35.540 10.81 126.826 44.4 6
2012 09 03 18 23 08.350 -10.677 113.964 34.8 6
2012 09 08 10 51 45.590 -3.218 135.097 32.3 6
2012 09 09 05 39 39.410 49.297 155.695 54.0 6
2012 09 14 04 51 48.60 -3.3 100.67 23.3 6
2012 10 01 22 21 46.110 39.823 143.209 18.0 6
2012 10 08 11 43 34.100 -4.541 129.234 29.6 6
2012 10 12 00 31 31.370 -4.885 134.082 34.6 6
2012 10 17 04 42 31.60 4.179 124.561 338.4 6
2012 11 02 18 17 34.680 9.235 126.281 55.5 6
2012 11 11 01 12 39.150 22.89 95.848 14.2 6
2012 11 16 18 12 43.260 49.236 155.654 50.8 6
2012 12 07 08 18 23.630 37.82 144.159 35.3 6
2012 12 07 08 31 13.710 37.911 143.907 31.9 6
2012 12 10 16 53 09.490 -6.496 129.868 161.5 6
2012 12 11 06 18 28.980 0.56 126.223 43.8 6
2012 12 17 09 16 31.250 -0.693 123.883 46.4 6
2013 01 21 22 22 54.780 4.962 95.921 24.6 6
2013 01 28 16 38 53.840 42.582 79.721 14.3 6
2013 02 02 14 17 34.760 42.784 143.147 105.0 6
2013 02 14 13 13 52.720 67.517 142.701 8.9 6
2013 02 16 04 37 37.320 5.778 125.779 116.4 6
