2010 12 08 05 24 35.150 -56.431 -25.64 29.0 6
2010 12 20 18 41 59.920 28.368 59.15 14.5 6
2010 12 23 14 00 33.450 52.976 171.104 26.4 6
2011 01 01 09 56 58.460 -26.851 -63.237 584.3 6
2011 01 02 20 20 18.170 -38.39 -73.399 24.4 6
2011 01 18 20 23 25.570 28.683 63.994 79.9 6
2011 01 24 02 45 30.500 38.401 72.846 101.9 6
2011 01 27 08 38 30.40 28.151 59.052 18.5 6
2011 01 29 06 55 26.330 70.868 -6.908 6.4 6
2011 02 04 13 53 46.330 24.609 94.734 86.5 6
2011 02 11 20 05 28.880 -36.46 -73.155 12.8 6
2011 02 11 23 39 21.240 -37.236 -73.487 16.5 6
2011 02 12 01 17 00.710 -37.003 -73.154 10.0 6
2011 02 14 03 40 09.250 -35.486 -73.101 17.0 6
2011 02 20 21 43 24.880 55.836 162.234 39.1 6
2011 02 25 13 07 26.980 17.821 -95.17 130.6 6
2011 03 06 12 31 58.500 -18.206 -69.5 114.5 6
2011 03 06 14 32 36.940 -56.386 -27.025 92.0 6
2011 03 06 14 32 42.100 -56.41 -26.68 101.2 6
2011 03 24 13 55 13.390 20.629 99.917 12.8 6
2011 04 01 13 29 11.510 35.731 26.546 75.5 6
2011 04 07 13 11 23.430 17.265 -94.143 165.1 6
2011 04 30 08 19 16.720 6.851 -82.359 10.0 6
2011 05 13 22 47 55.340 10.111 -84.188 76.8 6
2011 05 14 21 07 21.810 36.425 70.723 207.6 6
2011 05 15 13 08 15.420 0.458 -25.608 18.9 6
2011 06 01 12 55 21.10 -37.554 -73.832 10.0 6
2011 06 20 16 36 00.870 -21.771 -68.383 126.2 6
2011 06 24 03 09 38.920 51.98 -171.82 49.8 6
2011 07 15 13 26 02.850 -60.986 -23.662 8.6 6
2011 07 16 00 26 12.360 -33.875 -72.1 20.5 6
2011 07 16 19 59 12.930 54.771 -161.316 40.9 6
2011 07 19 19 35 43.380 40.156 71.501 19.5 6
2011 07 26 17 44 21.510 25.09 -109.536 17.0 6
2011 08 04 13 51 36.140 48.767 154.839 49.8 6
2011 08 10 23 45 43.80 -7.102 -12.805 11.7 6
2011 08 24 17 46 11.560 -7.62 -74.538 149.3 6
2011 09 02 10 55 54.990 52.101 -171.718 46.0 6
2011 09 02 13 47 10.700 -28.413 -63.136 592.7 6
2011 09 03 04 48 58.780 -56.561 -26.923 96.3 6
2011 09 09 19 41 33.130 49.388 -127.064 15.4 6
2011 09 14 18 10 09.580 52.968 172.947 19.4 6
2011 09 18 12 40 49.580 27.803 88.153 29.6 6
2011 10 14 06 10 14.730 54.073 123.813 13.9 6
2011 10 23 10 41 22.10 38.729 43.446 7.6 6
2011 10 23 20 45 37.20 38.589 43.116 10.1 6
2011 10 28 18 54 34.750 -14.557 -76.12 29.0 6
2011 11 01 12 32 03.770 19.838 -109.173 30.0 6
2011 11 07 22 35 25.320 11.691 -85.783 177.2 6
2011 11 17 01 57 04.790 -1.747 -81.705 19.6 6
2011 11 22 18 48 16.290 -15.308 -65.163 560.3 6
2011 12 07 22 23 07.780 -27.932 -71.134 13.8 6
2011 12 11 01 47 25.400 17.902 -99.929 65.4 6
2011 12 11 09 54 56.480 -56.049 -28.213 130.6 6
2011 12 27 15 21 57.570 51.834 95.964 12.8 6
2012 01 10 18 37 00.190 2.43 93.208 20.9 6
2012 01 15 13 40 21.400 -60.701 -55.857 17.3 6
2012 01 15 14 21 34.410 -60.868 -56.033 23.0 6
2012 01 21 18 47 13.480 14.933 -93.142 63.5 6
2012 01 22 05 53 43.130 -56.931 -25.229 18.7 6
2012 01 23 16 04 53.300 -36.455 -73.181 23.5 6
2012 01 30 05 10 59.460 -14.213 -75.658 34.2 6
2012 02 26 06 17 19.920 51.8 95.98 13.0 6
2012 03 05 07 46 09.330 -28.257 -63.291 551.9 6
2012 03 20 18 02 47.620 16.473 -98.369 19.4 6
2012 03 25 22 37 06.560 -35.203 -72.126 28.2 6
2012 03 26 18 12 53.10 10.065 -104.193 10.0 6
2012 04 02 17 36 42.500 16.372 -98.461 16.3 6
2012 04 11 08 38 37.800 2.237 93.014 26.3 6
2012 04 11 10 43 10.530 0.767 92.428 21.6 6
2012 04 11 22 41 46.780 43.551 -127.629 16.4 6
2012 04 11 22 55 10.820 18.204 -102.876 27.6 6
2012 04 12 07 15 49.170 28.838 -113.127 10.0 6
2012 04 15 05 57 40.120 2.581 90.335 25.0 6
2012 04 17 03 50 15.280 -32.637 -71.564 29.7 6
2012 04 17 19 03 57.120 -59.187 -16.807 13.6 6
2012 05 01 22 43 35.30 14.454 -93.042 28.7 6
2012 05 14 10 00 39.800 -17.796 -69.792 108.7 6
2012 05 24 22 47 46.470 73.027 5.505 8.2 6
2012 05 28 05 07 23.520 -28.021 -63.113 591.1 6
2012 06 02 07 52 54.600 -22.101 -63.657 539.4 6
2012 06 04 00 45 16.380 5.294 -82.632 15.0 6
2012 06 04 03 15 24.590 5.45 -82.563 9.5 6
2012 06 07 04 05 04.70 -36.051 -70.854 5.8 6
2012 06 07 16 03 18.520 -15.911 -72.472 106.7 6
2012 06 10 12 44 16.360 36.384 28.967 32.0 6
2012 06 19 15 56 33.590 53.263 171.601 20.2 6
2012 06 24 03 15 01.980 57.501 163.414 16.0 6
2012 06 29 21 07 32.950 43.433 84.612 17.1 6
2012 07 20 06 10 27.340 49.247 156.109 37.9 6
2012 07 25 00 27 45.820 2.625 96.11 28.6 6
2012 07 26 05 33 33.860 -17.55 66.29 16.2 6
2012 08 02 09 38 31.250 -8.454 -74.272 148.8 6
2012 08 10 18 37 42.870 52.471 -167.422 12.3 6
2012 08 11 12 23 17.670 38.402 46.838 8.7 6
2012 08 11 12 34 36.600 38.379 46.795 18.9 6
2012 08 12 10 47 07.390 35.652 82.541 14.0 6
2012 08 14 02 59 38.860 49.75 145.305 590.7 6
2012 08 27 04 37 19.650 12.131 -88.66 16.0 6
2012 08 30 13 43 25.300 71.446 -11.034 11.1 6
2012 09 05 14 42 07.730 10.024 -85.388 20.7 6
2012 09 09 05 39 39.410 49.297 155.695 54.0 6
2012 09 25 23 45 24.370 24.774 -110.183 8.1 6
2012 09 26 23 39 56.500 51.54 -178.184 26.8 6
2012 09 30 16 31 34.70 1.907 -76.371 155.2 6
2012 10 08 06 26 23.590 25.088 -109.613 17.0 6
2012 10 24 00 45 33.800 10.074 -85.371 22.3 6
2012 10 28 03 04 07.790 52.677 -132.172 7.4 6
2012 10 28 18 54 20.230 52.538 -132.659 5.1 6
2012 10 30 02 49 01.320 52.145 -132.111 9.5 6
2012 11 07 16 35 49.310 14.031 -92.066 38.7 6
2012 11 08 02 01 49.700 49.126 -128.541 11.0 6
2012 11 10 14 57 50.210 -8.936 -75.088 128.6 6
2012 11 11 01 12 39.150 22.89 95.848 14.2 6
2012 11 11 22 14 59.50 14.07 -92.331 18.6 6
2012 11 12 20 42 15.870 57.557 -142.859 19.0 6
2012 11 13 04 31 30.980 -45.669 -77.084 35.0 6
2012 11 14 19 02 05.690 -29.178 -71.386 61.5 6
2012 11 15 09 20 21.450 18.199 -100.524 57.9 6
2012 11 16 18 12 43.260 49.236 155.654 50.8 6
2012 12 14 10 36 01.840 31.112 -119.627 15.8 6
2012 12 15 04 49 31.450 52.236 174.065 38.8 6
2013 01 05 08 58 19.180 55.234 -134.8 3.1 6
2013 01 21 22 22 54.780 4.962 95.921 24.6 6
2013 01 28 16 38 53.840 42.582 79.721 14.3 6
2013 01 30 20 15 43.390 -28.109 -70.888 46.1 6
2013 02 09 14 16 06.960 1.034 -77.462 144.2 6
2013 02 14 13 13 52.720 67.517 142.701 8.9 6
2013 02 22 12 01 58.670 -27.905 -63.134 585.6 6
2013 02 28 14 05 50.870 50.786 157.485 52.8 6
2013 03 01 12 53 53.930 50.904 157.6 58.3 6
2013 03 01 13 20 52.900 50.832 157.625 58.0 6
2013 03 19 03 29 02.700 -58.981 -24.569 52.0 6
2013 03 24 04 18 37.210 50.662 160.233 30.0 6
2013 03 25 23 02 12.520 14.59 -90.477 193.7 6
2013 04 05 13 00 02.360 42.735 131.064 571.3 6
2013 04 09 11 52 50.190 28.446 51.629 12.8 6
