2011 09 15 08 00 08.900 36.264 141.434 24.3 6
2012 06 05 19 31 34.840 34.976 141.282 20.8 6
2012 01 22 05 53 43.130 -56.931 -25.229 18.7 6
2012 02 06 10 10 19.820 9.899 123.174 12.6 6
2011 10 14 06 10 14.730 54.073 123.813 13.9 6
2011 10 21 08 02 37.620 43.872 142.531 189 6
2012 07 26 05 33 33.860 -17.55 66.29 16.2 6
2011 09 03 04 48 58.780 -56.561 -26.923 96.3 6
2011 11 23 19 24 32.250 37.376 141.462 42.7 6
2011 11 30 00 27 08.880 15.429 119.098 21.1 6
2012 03 14 12 05 06.00 35.747 140.824 19.7 6
2012 03 27 11 00 44.80 39.856 142.204 14.4 6
2012 04 11 09 27 57.30 1.218 91.714 10 6
2011 07 11 20 47 04.890 9.527 122.245 21.6 6
2011 07 19 19 35 43.380 40.156 71.501 19.5 6
2011 07 23 04 34 24.500 38.914 141.922 45.9 6
2011 07 24 18 51 24.910 37.739 141.559 41.1 6
2011 07 30 18 53 51.870 36.964 141.077 48.1 6
2011 08 01 14 58 10.610 34.671 138.522 23.1 6
2011 08 10 23 45 43.80 -7.102 -12.805 11.7 6
2011 08 16 11 03 57.630 -2.302 128.036 38.7 6
2011 08 19 05 36 32.900 37.669 141.693 48.6 6
2011 08 22 20 12 21.270 -6.356 104.004 33.4 6
2011 08 30 06 57 41.540 -6.359 126.75 467.2 6
2011 09 05 17 55 12.930 3.025 97.999 106.6 6
2011 09 16 21 08 05.980 40.231 143.118 25.4 6
2011 09 18 12 40 49.580 27.803 88.153 29.6 6
2011 10 13 03 16 32.90 -9.363 114.555 63.2 6
2011 11 08 02 59 08.670 27.25 125.723 228.2 6
2011 11 14 04 05 12.500 -0.953 126.879 24.4 6
2011 11 24 10 25 34.930 41.891 142.797 48.2 6
2011 12 13 07 52 12.30 0.047 123.063 167.4 6
2011 12 27 15 21 57.570 51.834 95.964 12.8 6
2012 01 01 05 27 55.800 31.468 138.183 359.7 6
2012 01 10 18 37 00.190 2.43 93.208 20.9 6
2012 02 06 03 49 13.920 9.919 123.216 17.5 6
2012 02 26 06 17 19.920 51.8 95.98 13 6
2012 04 11 08 38 37.800 2.237 93.014 26.3 6
2012 04 11 10 43 10.530 0.767 92.428 21.6 6
2012 04 15 05 57 40.120 2.581 90.335 25 6
2012 04 17 19 03 57.120 -59.187 -16.807 13.6 6
2012 05 20 02 03 53.990 44.873 11.222 17.7 6
2012 05 23 15 02 27.110 41.356 142.126 64.1 6
2012 05 24 22 47 46.470 73.027 5.505 8.2 6
2012 06 16 22 18 49.330 15.542 119.603 44.9 6
2012 06 17 20 32 21.10 38.915 142.049 45.1 6
2012 06 23 04 34 53.600 3.002 97.911 101.9 6
2012 06 29 21 07 32.950 43.433 84.612 17.1 6
2012 07 25 00 27 45.820 2.625 96.11 28.6 6
2012 08 12 10 47 07.390 35.652 82.541 14 6
2012 08 14 02 59 38.860 49.75 145.305 590.7 6
2012 08 18 09 41 55.160 -1.351 120.127 27.9 6
2012 08 26 15 05 37.160 2.198 126.869 90.9 6
2012 08 30 13 43 25.300 71.446 -11.034 11.1 6
2012 08 31 12 47 35.540 10.81 126.826 44.4 6
2012 09 03 18 23 08.350 -10.677 113.964 34.8 6
2012 09 14 04 51 48.60 -3.3 100.67 23.3 6
2012 10 08 11 43 34.100 -4.541 129.234 29.6 6
