2010 11 11 04 04 53 -45.5992 96.3646 15.3 6
2010 12 09 05 24 05 -56.4318 -25.64 29.0 6
2010 12 21 18 41 26 28.3681 59.15 14.5 6
2011 01 02 09 56 42 -26.8513 -63.2373 584.3 6
2011 01 03 20 20 08 -38.3907 -73.3993 24.4 6
2011 01 18 19 20 51 -5.1037 102.602 39.1 6
2011 01 19 11 33 21 2.5751 96.3816 23.7 6
2011 01 19 20 23 22 28.6831 63.9948 79.9 6
2011 01 25 02 45 26 38.4018 72.8467 101.9 6
2011 01 28 08 38 20 28.151 59.052 18.5 6
2011 02 12 20 05 01 -36.4604 -73.1552 12.8 6
2011 02 12 23 39 12 -37.2361 -73.4875 16.5 6
2011 02 13 01 16 31 -37.0037 -73.1547 10.0 6
2011 02 15 03 39 49 -35.4868 -73.1011 17.0 6
2011 03 07 12 31 55 -18.2064 -69.5006 114.5 6
2011 03 07 14 32 19 -56.3864 -27.0253 92.0 6
2011 03 07 14 32 22 -56.41 -26.68 101.2 6
2011 04 02 13 28 55 35.7317 26.5466 75.5 6
2011 05 15 21 07 08 36.4257 70.7231 207.6 6
2011 05 16 13 07 44 0.4584 -25.6088 18.9 6
2011 06 02 12 55 17 -37.5547 -73.8322 10.0 6
2011 06 21 16 35 44 -21.771 -68.3834 126.2 6
2011 07 16 13 25 51 -60.9862 -23.6628 8.6 6
2011 07 17 00 25 45 -33.8756 -72.1007 20.5 6
2011 07 20 19 35 10 40.1562 71.5011 19.5 6
2011 08 25 17 46 03 -7.6203 -74.538 149.3 6
2011 09 03 13 46 34 -28.4135 -63.136 592.7 6
2011 09 04 04 48 30 -56.5611 -26.9231 96.3 6
2011 09 06 17 54 58 3.0253 97.9991 106.6 6
2011 09 19 12 40 35 27.8039 88.1536 29.6 6
2011 10 24 10 41 05 38.7294 43.4465 7.6 6
2011 10 24 20 45 11 38.5893 43.1165 10.1 6
2011 10 29 18 54 18 -14.5572 -76.1207 29.0 6
2011 11 23 18 47 58 -15.3083 -65.1634 560.3 6
2011 12 08 22 22 59 -27.9324 -71.1344 13.8 6
2011 12 12 09 54 37 -56.049 -28.2135 130.600007812 6
2012 01 11 18 36 47 2.4307 93.2081 20.9 6
2012 01 16 13 39 55 -60.701 -55.8579 17.3 6
2012 01 16 14 21 20 -60.8685 -56.0334 23.0 6
2012 01 23 05 53 19 -56.9317 -25.2293 18.7 6
2012 01 24 16 04 25 -36.4552 -73.1816 23.5 6
2012 01 31 05 10 30 -14.2139 -75.6584 34.2 6
2012 03 06 07 45 34 -28.2579 -63.2916 551.9 6
2012 03 26 22 36 55 -35.2035 -72.1268 28.2 6
2012 04 12 08 38 36 2.2376 93.0144 26.3 6
2012 04 12 10 43 07 0.7675 92.4284 21.6 6
2012 04 15 10 55 55 -57.5759 -65.3721 8.4 6
2012 04 18 03 49 58 -32.6374 -71.5641 29.7 6
2012 04 18 19 03 50 -59.1876 -16.8077 13.6 6
2012 05 15 10 00 19 -17.7968 -69.7926 108.7 6
2012 05 21 02 03 49 44.873 11.2227 17.7 6
2012 05 29 05 07 08 -28.021 -63.1134 591.1 6
2012 06 03 07 52 34 -22.1017 -63.6574 539.4 6
2012 06 08 04 04 34 -36.0516 -70.8547 5.8 6
2012 06 08 16 02 51 -15.9117 -72.4723 106.7 6
2012 06 11 12 44 12 36.3847 28.9676 32.0 6
2012 06 24 04 34 50 3.0022 97.9116 101.9 6
2012 07 26 00 27 24 2.6255 96.1109 28.6 6
2012 07 27 05 33 31 -17.5507 66.2905 16.2000009766 6
2012 08 03 09 38 31 -8.454 -74.2726 148.8 6
2012 08 12 12 23 15 38.4023 46.838 8.7 6
2012 08 12 12 34 12 38.3798 46.7958 18.9 6
2012 08 13 10 47 01 35.6526 82.5417 14.0 6
2012 10 01 16 31 04 1.9079 -76.3716 155.2 6
