2011 04 01 13 29 11.527 35.7317 26.5466 75.5 6
2011 04 03 20 06 43.266 -9.7342 107.769 31.9 6
2011 04 24 23 07 54.716 -4.4806 122.864 28.3 6
2011 05 14 21 07 21.823 36.4257 70.7231 207.6 6
2011 06 05 11 51 13.642 -55.8442 147.235 14.4 6
2011 07 15 13 26 02.859 -60.9862 -23.6628 8.6 6
2011 07 19 19 35 43.392 40.1562 71.5011 19.5 6
2011 08 10 23 45 43.094 -7.1029 -12.8059 11.7 6
2011 08 22 20 12 21.28 -6.3564 104.005 33.4 6
2011 09 02 13 47 10.701 -28.4135 -63.136 592.7 6
2011 09 03 04 48 58.789 -56.5611 -26.9231 96.3 6
2011 09 05 17 55 12.947 3.0253 97.9991 106.6 6
2011 09 18 12 40 49.584 27.8039 88.1536 29.6 6
2011 10 13 03 16 32.096 -9.3634 114.555 63.2 6
2011 10 23 10 41 22.024 38.7294 43.4465 7.6 6
2011 10 23 20 45 37.039 38.5893 43.1165 10.1 6
2011 12 11 09 54 56.485 -56.049 -28.2135 130.600007812 6
2011 12 13 07 52 12.031 0.0473 123.063 167.4 6
2012 01 10 18 37 00.195 2.4307 93.2081 20.9 6
2012 01 15 13 40 21.441 -60.701 -55.8579 17.3 6
2012 01 15 14 21 34.419 -60.8685 -56.0334 23.0 6
2012 01 22 05 53 43.13 -56.9317 -25.2293 18.7 6
2012 03 05 07 46 09.342 -28.2579 -63.2916 551.9 6
2012 04 11 08 38 37.805 2.2376 93.0144 26.3 6
2012 04 11 10 43 10.556 0.7675 92.4284 21.6 6
2012 04 14 10 56 18.318 -57.5759 -65.3721 8.4 6
2012 04 15 05 57 40.145 2.581 90.3359 25.0 6
2012 04 17 19 03 57.129 -59.1876 -16.8077 13.6 6
2012 05 20 02 03 53.995 44.873 11.2227 17.7 6
2012 05 23 22 59 54.199 -50.4928 139.591 19.1 6
2012 05 28 05 07 23.535 -28.021 -63.1134 591.1 6
2012 06 02 07 52 54.602 -22.1017 -63.6574 539.4 6
2012 06 07 04 05 04.076 -36.0516 -70.8547 5.8 6
2012 06 10 12 44 16.366 36.3847 28.9676 32.0 6
2012 06 23 04 34 53.617 3.0022 97.9116 101.9 6
2012 06 29 21 07 32.951 43.4335 84.6125 17.1 6
2012 07 25 00 27 45.821 2.6255 96.1109 28.6 6
2012 07 26 05 33 33.86 -17.5507 66.2905 16.2000009766 6
2012 08 11 12 23 17.683 38.4023 46.838 8.7 6
2012 08 11 12 34 36.604 38.3798 46.7958 18.9 6
2012 08 12 10 47 07.408 35.6526 82.5417 14.0 6
2012 08 18 09 41 55.165 -1.3518 120.128 27.9 6
2012 09 03 18 23 08.353 -10.677 113.965 34.8 6
2012 09 14 04 51 48.073 -3.3008 100.67 23.3 6
2012 11 11 01 12 39.165 22.8908 95.848 14.2 6
2012 12 17 09 16 31.261 -0.6936 123.884 46.4 6
2013 01 21 22 22 54.794 4.9625 95.9215 24.6 6
2013 01 28 16 38 53.844 42.5824 79.7217 14.3 6
2013 02 22 12 01 58.679 -27.9052 -63.1349 585.6 6
2013 03 19 03 29 02.705 -58.9815 -24.5697 52.0 6
2013 04 09 11 52 50.205 28.4463 51.629 12.8 6
2013 04 16 10 44 19.041 27.9704 62.136 63.1 6
2013 04 20 00 02 47.981 30.2688 103.02 18.0 6
2013 05 11 02 08 11.309 26.6583 57.8438 15.1 6
2013 06 13 16 47 25.812 -9.9513 107.302 20.6 6
2013 06 15 16 11 02.106 34.4507 25.044 21.5 6
2013 06 16 21 39 06.608 34.4242 25.1864 25.0 6
2013 06 24 22 04 14.184 10.6905 -42.6687 17.5 6
2013 07 02 07 37 05.097 4.6907 96.5824 25.4 6
2013 07 06 05 05 06.978 -3.294 100.531 26.1 6
2013 07 15 14 03 41.747 -61.0527 -25.2274 19.9 6
2013 07 21 23 45 55.936 34.5047 104.261 5.1 6
2013 07 26 21 33 00.068 -58.0352 -24.28 17.0 6
