2009 11 10 02 48 18 8.0283 91.9514 22.7 6
2009 12 24 00 22 58 42.2375 134.772 395.7 6
2009 12 26 08 57 06 -5.4255 131.324 64.9 6
2010 01 05 04 55 23 -58.464 -14.8595 10.0 6
2010 02 05 06 58 47 -47.9345 99.5103 16.0 6
2010 02 15 21 51 31 -7.2679 128.767 134.7 6
2010 02 18 01 13 06 42.6027 130.699 573.7 6
2010 02 26 20 31 01 25.9843 128.508 24.2 6
2010 03 05 16 06 26 -3.8389 100.916 24.2 6
2010 03 14 00 57 37 -1.6485 128.082 63.6 6
2010 03 14 08 07 14 37.7839 141.655 40.1 6
2010 03 25 05 28 55 13.8293 120.014 24.6 6
2010 03 30 16 53 36 13.6128 92.8746 38.5 6
2010 04 05 10 05 37 -0.0893 125.105 28.1 6
2010 04 06 22 14 52 2.3601 97.1113 33.4 6
2010 04 11 22 07 53 37.0075 -3.4764 619.6 6
2010 04 13 23 49 10 33.1928 96.7466 13.8 6
2010 04 24 07 40 39 -1.8988 128.112 38.7 6
2010 04 26 02 59 31 22.2406 123.816 23.2 6
2010 05 09 05 59 17 3.7328 96.0278 42.3 6
2010 05 25 10 08 36 35.2837 -35.9366 15.4 6
2010 05 26 08 52 52 25.7386 129.955 12.0 6
2010 05 31 10 15 53 6.9374 123.962 34.3 6
2010 05 31 19 51 24 11.2109 93.6519 131.6 6
2010 07 21 09 15 33 3.0029 128.179 111.9 6
2010 07 23 22 08 03 6.7113 123.488 610.2 6
2010 07 23 22 50 51 6.4232 123.58 584.7 6
2010 07 23 23 15 04 6.7403 123.327 633.7 6
2010 07 29 07 31 06 6.5583 123.36 615.8 6
2010 08 03 12 07 48 1.2978 126.279 50.6 6
2010 08 16 03 30 46 -17.8076 65.6026 14.7 6
2010 09 17 19 21 09 36.5352 70.9695 215.4 6
2010 10 04 13 28 28 24.2175 125.249 32.8 6
2010 10 08 05 43 09 2.7637 128.221 140.8 6
2010 10 25 14 41 41 -3.5248 100.104 20.0 6
2010 12 15 11 28 49 -7.2664 128.794 140.4 6
2011 01 29 06 55 09 70.8684 -6.9088 6.4 6
2011 02 04 13 53 31 24.6094 94.7347 86.5 6
2011 02 10 14 38 53 4.1297 123.062 532.8 6
2011 02 15 13 33 35 -2.4897 121.469 26.8 6
2011 03 06 14 32 17 -56.3864 -27.0253 92.0 6
2011 03 06 14 32 30 -56.41 -26.68 101.2 6
2011 03 10 17 08 22 -6.8567 116.73 518.59996875 6
2011 03 11 18 59 06 36.9993 138.542 14.6 6
2011 03 20 08 25 56 19.0747 121.307 39.9 6
