2015 05 05 02 03 18.830 32.261 -6.16 14.0 6
2015 05 12 07 05 18.830 27.801 86.126 12.3 6
2015 05 12 07 36 53.300 27.524 86.141 13.8 6
2015 05 15 20 26 55.950 -2.566 102.223 158.5 6
2015 05 24 04 53 23.400 -16.814 -14.261 11.7 6
2015 06 10 13 52 08.660 -22.409 -68.451 121.8 6
2015 06 17 12 51 35.660 -35.37 -17.809 27.1 6
2015 06 20 02 10 07.650 -36.334 -73.667 17.4 6
2015 07 03 01 07 46.210 37.47 78.12 19.0 6
2015 07 16 15 16 32.980 13.8 -58.57 19.4 6
2015 08 13 10 39 54.310 -37.022 77.953 15.4 6
2015 09 16 22 54 32.860 -31.572 -71.674 22.44 6
2015 09 16 22 59 15.00 -31.618 -71.745 26.7 6
2015 09 16 23 18 41.850 -31.562 -71.426 28.41 6
2015 09 17 01 41 05.870 -31.104 -71.65 42.32 6
2015 09 17 03 55 15.430 -31.424 -71.687 27.0 6
2015 09 17 04 10 27.00 -31.52 -71.81 23.0 6
2015 09 17 04 10 27.780 -31.517 -71.804 23.0 6
2015 09 18 09 10 44.730 -32.368 -72.229 8.0 6
2015 09 18 15 59 42.640 15.276 -45.988 10.0 6
2015 09 19 05 06 47.500 -29.641 -72.077 6.0 6
2015 09 19 12 52 20.00 -32.33 -72.07 18.0 6
2015 09 19 12 52 20.920 -32.333 -72.062 18.0 6
2015 09 21 05 39 34.00 -31.58 -71.74 30.0 6
2015 09 21 05 39 34.910 -31.575 -71.743 30.0 6
2015 09 21 17 40 00.60 -31.727 -71.379 35.0 6
2015 09 22 07 13 00.00 -31.44 -71.26 58.0 6
2015 09 22 07 13 00.520 -31.444 -71.265 58.0 6
2015 09 26 02 51 18.830 -30.814 -71.321 46.0 6
2015 09 28 15 28 05.00 -23.8 -66.6 219.0 6
2015 10 23 01 40 06.320 -54.225 6.165 11.0 6
2015 10 23 04 04 18.00 -45.81 37.17 10.0 6
2015 10 23 04 04 18.140 -45.814 37.171 10.0 6
2015 10 26 09 09 42.560 36.524 70.367 231.0 6
2015 11 07 07 04 31.380 -29.464 -72.301 13.0 6
2015 11 07 07 31 43.870 -30.879 -71.451 46.0 6
2015 11 08 16 47 02.160 6.843 94.648 10.0 6
2015 11 11 01 54 38.570 -29.506 -72.006 12.0 6
2015 11 11 02 46 19.830 -29.509 -72.058 10.0 6
2015 11 17 07 10 07.300 38.67 20.6 11.0 6
2015 11 24 22 45 38.880 -10.537 -70.943 606.21 6
2015 11 24 22 50 54.370 -10.059 -71.018 620.56 6
2015 11 26 05 45 18.400 -9.182 -71.257 602.75 6
2015 11 27 21 00 22.920 -24.828 -70.6 34.0 6
2015 12 04 22 25 00.110 -47.616 85.091 35.0 6
2015 12 07 07 50 05.950 38.21 72.779 22.0 6
2015 12 25 19 14 47.190 36.493 71.126 206.0 6
2016 01 03 23 05 22.00 24.83 93.66 55.0 6
2016 01 03 23 05 22.270 24.803 93.65 55.0 6
2016 01 14 03 25 28.270 -19.759 -63.328 582.56 6
2016 01 25 04 22 02.730 35.649 -3.681 12.0 6
2016 02 10 00 33 05.340 -30.572 -71.583 29.0 6
2016 03 02 12 49 48.110 -4.952 94.329 24.0 6
2016 03 19 11 26 33.230 17.996 -60.701 26.0 6
2016 04 06 14 45 29.620 -8.203 107.385 29.0 6
2016 04 10 10 28 58.720 36.472 71.131 212.0 6
2016 04 13 13 55 17.800 23.094 94.865 136.0 6
2016 04 19 05 25 39.940 -55.728 -27.23 14.0 6
2016 05 28 09 46 59.780 -56.24 -26.935 78.0 6
2016 06 01 22 56 00.800 -2.096 100.665 50.0 6
2016 06 21 16 26 34.420 22.658 -45.14 10.0 6
2016 06 26 11 17 11.280 39.479 73.338 13.0 6
2016 07 25 17 26 50.220 -26.104 -70.507 72.0 6
2016 08 04 14 15 13.90 -22.308 -66.026 270.0 6
2016 08 19 07 32 22.730 -55.279 -31.874 10.0 6
2016 08 21 03 45 23.740 -55.277 -31.754 10.0 6
2016 08 24 01 36 32.870 42.723 13.187 4.44 6
2016 08 24 10 34 54.580 20.922 94.568 82.0 6
2016 08 29 04 29 57.880 -0.047 -17.829 10.0 6
2016 10 19 00 26 01.90 -4.862 108.162 614.0 6
2016 10 26 19 18 08.320 42.934 13.043 10.0 6
2016 10 30 06 40 19.200 42.854 13.088 10.0 6
2016 11 04 16 20 43.940 -35.103 -70.996 90.79 6
2016 11 20 20 57 43.980 -31.642 -68.764 115.79 6
2016 11 25 14 24 30.590 39.23 74.02 17.0 6
2016 12 01 22 40 26.340 -15.294 -70.822 10.0 6
2016 12 06 22 03 33.390 5.283 96.167 13.0 6
2016 12 18 13 30 11.430 -9.966 -70.969 622.53 6
2016 12 25 14 22 27.30 -43.405 -73.94 38.0 6
2017 02 07 22 03 55.700 25.201 63.257 24.05 6
2017 02 18 12 10 17.970 -23.861 -66.659 222.0 6
2017 02 21 14 09 04.320 -19.281 -63.904 595.98 6
2017 03 14 02 51 16.850 6.129 92.316 10.0 6
2017 04 05 06 09 12.460 35.799 60.436 13.0 6
2017 04 15 08 19 43.400 -23.27 -67.765 155.0 6
2017 04 23 02 36 07.840 -33.036 -72.006 21.0 6
2017 04 24 21 38 30.840 -33.029 -72.045 28.0 6
2017 05 03 04 47 13.190 39.499 71.451 10.0 6
2017 05 10 23 23 37.270 -56.427 -25.782 17.39 6
2017 06 12 12 28 39.70 38.915 26.371 12.0 6
2017 07 18 02 05 19.870 -16.42 -73.629 44.92 6
2017 07 19 12 16 23.560 -17.415 66.483 10.0 6
2017 07 20 22 31 11.240 36.924 27.413 7.0 6
2017 07 27 17 53 24.610 13.396 -49.325 10.0 6
2017 08 08 23 27 53.80 44.301 82.826 20.0 6
2017 08 13 03 08 10.560 -3.768 101.622 31.0 6
2017 08 18 02 59 21.950 -1.09 -13.663 10.0 6
2017 08 31 17 06 55.750 -1.159 99.688 43.14 6
2017 09 04 08 07 35.380 -57.788 -25.578 35.0 6
2017 10 10 06 32 20.800 -18.521 -69.641 82.43 6
2017 10 10 18 53 27.840 -54.258 8.605 9.0 6
2017 11 11 00 36 14.980 -11.742 -14.114 10.0 6
2017 11 12 18 18 17.290 34.905 45.956 19.0 6
2017 11 17 22 34 19.500 29.832 94.977 8.0 6
2017 11 30 06 32 50.760 -1.08 -23.432 10.0 6
2017 12 01 02 32 46.10 30.743 57.313 9.0 6
2017 12 12 08 43 17.950 30.719 57.27 10.0 6
2017 12 12 21 41 31.160 30.822 57.286 8.0 6
2017 12 13 18 03 42.790 -54.217 2.168 10.0 6
2017 12 15 16 47 58.230 -7.492 108.174 90.0 6
2018 01 11 18 26 24.230 18.362 96.077 9.0 6
2018 01 14 09 18 45.540 -15.758 -74.709 39.0 6
2018 01 21 01 06 42.890 -18.852 -69.456 116.0 6
2018 01 23 06 34 54.240 -7.195 105.918 43.91 6
2018 01 28 16 03 03.970 -53.062 9.684 10.0 6
2018 01 31 07 07 00.230 36.543 70.815 191.19 6
2018 02 27 17 29 22.580 -60.249 150.779 10.0 6
2018 03 24 19 58 33.380 -45.778 96.069 10.0 6
2018 04 02 13 40 34.840 -20.658 -63.005 559.0 6
2018 04 10 10 19 34.30 -30.986 -71.556 76.08 6
2018 04 19 21 09 17.00 -42.779 42.187 10.0 6
2018 05 09 10 41 45.920 36.991 71.383 116.0 6
2018 07 15 13 09 16.470 13.848 51.717 10.0 6
2018 08 14 03 29 53.440 -58.11 -25.258 35.0 6
2018 08 21 21 31 47.540 10.779 -62.907 146.18 6
2018 08 24 09 04 06.780 -11.042 -70.816 609.48 6
2018 08 25 22 13 25.620 34.611 46.242 10.0 6
2018 09 18 07 27 41.330 -37.811 49.782 10.0 6
2018 10 25 22 54 52.590 37.514 20.563 14.0 6
2018 11 11 14 03 59.560 15.565 -49.871 10.0 6
2018 11 15 20 02 22.920 -56.706 -25.546 15.0 6
2018 11 25 16 37 32.710 34.346 45.743 18.0 6
