2012 02 28 15 07 35.270 28.208 139.452 508.9 6
2012 03 14 10 49 25.10 40.802 144.856 14.4 6
2012 03 14 12 05 06.00 35.747 140.824 19.7 6
2012 04 12 14 50 52.370 37.551 141.618 27 6
2012 04 24 20 22 08.520 35.674 140.67 37.8 6
2013 11 25 06 27 09.580 -54.052 -55.077 10 6
2013 12 02 07 34 58.900 2.063 96.695 34.2 6
2013 12 03 23 58 51.880 6.602 126.179 48.5 6
2014 05 31 19 35 15.930 9.354 126.616 0 6
2014 06 14 17 31 41.620 39.449 141.036 94.8 6
2014 06 15 20 14 51.240 37.073 141.148 53.9 6
2014 07 04 22 42 04.600 39.68 142.14 49 6
2014 08 05 10 22 33.980 -26.989 26.704 5 6
2014 08 05 10 22 34.300 -26.803 23.902 0 6
2012 06 01 06 56 21.930 -0.759 133.27 39 6
2012 07 29 09 20 55.10 47.388 139.128 506.4 6
2012 09 03 19 44 23.290 7.875 125.016 15.2 6
2012 09 08 10 51 45.590 -3.218 135.097 32.3 6
2012 10 16 12 41 24.880 49.565 156.519 76.2 6
2012 10 23 08 53 38.830 29.065 139.276 445.6 6
2012 10 25 10 32 27.310 38.348 141.769 48.9 6
2012 11 05 04 30 27.990 37.822 143.736 31.9 6
2012 11 12 11 15 08.970 29.708 138.019 502.3 6
2012 11 16 18 12 43.260 49.236 155.654 50.8 6
2012 12 06 00 43 22.940 10.97 126.682 21.7 6
2012 12 07 08 18 23.630 37.82 144.159 35.3 6
2012 12 28 17 32 17.750 -0.232 122.888 111.1 6
2012 12 29 14 59 36.360 38.756 142.177 36.3 6
2013 01 20 10 48 47.290 64.813 146.554 10.5 6
2013 02 02 14 17 34.760 42.784 143.147 105 6
2013 02 02 18 31 32.660 29.37 142.007 13.9 6
2013 02 14 13 13 52.720 67.517 142.701 8.9 6
2013 02 16 04 37 37.320 5.778 125.779 116.4 6
2013 02 19 12 27 36.670 35.268 141.01 27.9 6
2013 02 25 07 23 56.270 36.884 139.374 13.8 6
2013 02 28 14 05 50.870 50.786 157.485 52.8 6
2013 03 01 13 20 52.900 50.832 157.625 58 6
2013 03 29 05 01 10.410 43.47 86.897 26.2 6
2013 04 01 18 53 17.550 39.507 143.266 16.2 6
2013 04 02 02 08 48.170 39.522 143.266 24.5 6
2013 04 06 04 42 36.190 -3.471 138.474 69.4 6
2013 04 17 08 57 34.760 34.035 139.318 14.6 6
2013 04 17 12 03 31.910 38.52 141.551 51.4 6
2013 04 19 03 05 52.630 46.072 150.924 109 6
2013 04 21 03 22 16.920 29.964 138.974 431.3 6
2013 04 29 13 01 44.80 35.782 141.058 28.9 6
2013 05 18 05 48 00.00 37.76 141.566 45.6 6
2013 05 24 05 44 49.880 54.815 153.391 607 6
2013 05 24 14 56 31.600 52.135 151.568 632 6
2013 06 01 14 10 09.90 7.248 124.881 24.7 6
2013 08 04 03 28 50.320 38.236 141.782 52.7 6
2013 09 20 12 24 47.500 22.906 95.921 10 6
2013 10 12 20 01 38.970 -36.777 78.684 15 6
2013 10 24 19 25 10.300 -58.259 -12.802 10 6
2013 10 25 21 27 36.920 37.186 144.665 22.8 6
2013 10 27 18 13 06.460 37.158 144.627 23.9 6
2013 11 09 22 37 50.180 35.942 140 65.7 6
2015 01 12 20 25 14.610 -5.61 133.85 24.9 6
2015 01 26 07 09 52.520 9.664 122.39 33.1 6
2015 01 31 17 30 09.360 -6.862 127.513 342.9 6
2015 02 17 02 14 59.650 0.513 126.112 46.2 6
2015 02 17 04 46 39.10 40.084 142.059 50.1 6
2015 02 24 02 28 54.950 39.604 143.233 27.3 6
2015 02 25 07 01 02.230 31.041 141.859 21.1 6
2015 05 02 16 50 45.800 31.508 140.223 24.1 6
2015 06 10 08 33 01.670 39.609 143.487 25.8 6
2015 06 11 04 45 29.960 39.621 143.445 17.6 6
2015 06 11 04 51 24.950 39.583 143.428 19.3 6
2015 07 07 05 10 27.860 43.969 148.004 51.1 6
2015 07 09 18 32 50.910 40.373 141.41 87.6 6
2015 07 12 04 37 31.760 2.925 128.231 127.8 6
2015 07 12 17 52 05.950 32.976 131.861 62.5 6
2015 08 13 14 08 01.700 23.988 122.449 23.2 6
2015 09 01 15 24 08.540 31.284 141.706 10 6
2015 09 01 15 25 09.00 31.18 141.6 8 6
2015 09 01 15 25 09.520 31.18 141.6 8 6
2015 09 05 13 16 08.00 49.36 155.68 38 6
2015 09 05 13 16 08.930 49.361 155.681 38 6
2015 09 12 13 38 01.00 41.9 142.65 49 6
2015 09 17 08 58 44.740 53.298 159.708 68.09 6
2015 10 16 06 38 26.180 55.596 159.211 285 6
2013 11 25 07 21 18.210 -53.891 -53.951 10 6
2014 05 24 11 49 26.60 0.684 -26.288 10 6
2012 05 31 23 01 01.440 -0.876 133.229 40 6
2012 04 06 19 24 15.100 -3.429 100.399 21.3 6
2012 04 11 09 01 07.220 2.252 89.493 10 6
2013 05 24 01 10 02.910 -54.342 159.037 18.2 6
2015 09 16 23 09 26.170 -31.574 -71.671 35 6
2012 02 14 03 27 49.100 36.254 141.604 25.6 6
2012 02 14 06 22 00.520 36.296 141.51 23.8 6
2012 02 29 14 32 48.80 35.255 141.064 27.8 6
2012 03 12 12 32 47.480 45.144 147.735 123.9 6
2012 03 14 09 08 36.230 40.842 145.015 19.2 6
2012 03 15 19 20 17.270 35.9 139.456 100.9 6
2012 03 27 11 00 44.80 39.856 142.204 14.4 6
2012 04 01 14 04 25.540 37.174 141.038 54.3 6
2012 04 13 10 10 01.900 36.984 141.371 18.7 6
2012 04 23 22 40 24.140 48.332 154.864 45.7 6
2012 04 29 10 28 51.480 35.688 140.574 45.2 6
2012 05 19 19 05 20.200 39.734 143.459 19.5 6
2012 05 20 07 19 54.530 39.517 143.396 12.6 6
2012 05 20 07 20 37.80 39.504 143.386 12.8 6
2012 05 20 08 20 57.960 39.588 143.367 15.7 6
2012 05 23 15 02 27.110 41.356 142.126 64.1 6
2012 05 26 21 48 09.270 26.901 140.168 481.6 6
2012 06 05 19 31 34.840 34.976 141.282 20.8 6
2012 06 17 20 32 21.10 38.915 142.049 45.1 6
2012 06 24 03 15 01.980 57.501 163.414 16 6
2012 07 08 11 33 05.290 45.42 151.39 37.7 6
2012 07 09 19 25 06.880 29.274 130.284 42.3 6
2012 07 12 12 51 58.900 45.374 151.761 14.2 6
2012 07 20 03 40 11.560 49.278 156.092 17.3 6
2012 07 20 06 10 27.340 49.247 156.109 37.9 6
2012 07 20 06 33 00.670 49.263 156.272 44.2 6
2012 08 14 02 59 38.860 49.75 145.305 590.7 6
2012 08 31 23 37 58.290 10.412 126.779 38.9 6
2012 10 01 22 21 46.110 39.823 143.209 18 6
2013 08 04 15 56 34.640 46.935 145.307 374.6 6
2013 08 18 22 34 29.890 6.433 124.666 385.9 6
2013 09 02 02 51 13.210 42.187 133.678 450.5 6
2013 09 04 00 18 24.450 29.976 138.837 414.4 6
2013 10 01 03 38 21.390 53.136 152.895 578.4 6
2013 10 12 14 30 08.520 0.66 122.206 91.5 6
2013 10 15 00 12 33.250 9.833 124.123 23.2 6
2013 10 15 08 36 22.720 9.864 124.317 16.9 6
2013 10 15 08 42 51.210 9.749 123.738 25.8 6
2013 10 20 13 16 41.890 -56.632 -25.776 33 6
2013 10 21 02 27 11.730 35.269 76.963 28.9 6
2013 10 22 05 40 42.130 5.052 95.843 30.2 6
2013 10 24 17 57 37.590 14.234 93.114 26.8 6
2013 10 25 17 10 17.90 37.145 144.754 14.7 6
2013 10 31 12 02 09.350 23.543 121.458 14.8 6
2013 11 12 07 03 52.470 54.676 162.143 60.5 6
2014 05 02 09 15 20.210 37.919 144.304 12.4 6
2014 05 04 20 18 25.10 34.878 139.366 161.4 6
2014 07 11 19 22 00.820 37.005 142.452 20 6
2014 07 11 19 22 05.800 36.97 142.39 12 6
2014 07 20 18 32 47.790 44.641 148.783 61 6
2014 08 10 03 43 18.150 41.134 142.279 50.6 6
2014 08 10 03 43 19.50 41.2 142.206 55.6 6
2014 08 28 19 14 35.550 32.086 132.068 20 6
2014 09 01 11 41 09.800 64.685 -17.486 2.2 6
2014 10 02 12 57 06.130 52.283 158.043 147.6 6
2014 10 11 02 35 48.20 41.061 143.206 26.1 6
2015 02 16 23 06 28.80 39.946 143.177 10.8 6
2015 02 20 04 25 23.820 39.818 143.615 13.3 6
2015 02 21 10 13 53.900 39.828 143.517 12.2 6
2015 04 25 16 41 17.100 3.047 128.079 138.6 6
2015 05 10 21 25 48.600 31.197 141.976 19.5 6
2015 05 12 21 12 58.600 38.9 142.021 39.3 6
2015 05 30 11 23 02.850 27.828 140.493 685.5 6
2015 05 30 18 49 07.530 30.793 142.977 10.3 6
2015 06 23 12 18 30.370 27.688 139.788 472.3 6
2012 09 03 06 49 54.80 6.579 123.792 39.1 6
2013 03 27 02 03 19.940 23.881 121.135 18.6 6
2013 04 20 05 11 57.520 -54.905 1.122 10 6
2013 12 29 15 37 37.110 1.312 126.204 33.7 6
2014 03 13 17 06 51.00 33.622 131.807 83.4 6
2014 03 26 20 47 51.590 1.768 127.524 150.4 6
2014 07 14 07 59 57.290 5.714 126.477 20 6
2014 09 10 05 19 24.470 -0.236 125.123 45.5 6
2015 02 02 15 13 41.700 13.88 124.565 28.2 6
2015 09 26 17 23 26.830 5.264 123.796 516 6
2015 11 07 19 40 13.550 16.489 119.846 37 6
2016 01 02 04 22 19.570 44.806 129.94 585.47 6
2016 01 25 09 17 50.800 3.185 128.368 52.24 6
2013 11 25 06 27 34.680 -53.971 -54.964 10 6
2014 01 13 04 01 04.530 18.992 -66.868 30.9 6
2014 02 18 23 35 58.180 -14.205 -75.662 58.8 6
2014 03 24 11 40 43.980 -19.849 -70.833 18.9 6
2014 05 13 06 35 24.530 7.145 -82.24 13.1 6
2014 05 17 09 11 06.120 -19.943 -70.829 10.8 6
2014 08 03 05 57 24.00 29.45 85.638 2 6
2014 08 03 21 02 46.640 -3.897 -80.781 57.7 6
2014 10 08 03 04 07.550 30.298 -41.913 2.8 6
2014 11 29 13 05 07.600 5.802 61.275 2.4 6
2014 12 06 17 21 49.20 7.982 -82.733 15 6
2014 12 08 08 54 52.520 7.94 -82.686 20 6
2014 03 19 12 19 26.400 23.986 122.321 24.2 6
2014 04 30 15 52 42.910 -1.211 -13.54 13.9 6
2014 05 11 12 35 17.550 -47.994 99.77 10 6
2014 05 22 08 37 58.900 -55.424 -28.433 22.1 6
2014 06 16 14 24 31.940 70.374 -15.187 11.1 6
2014 10 15 11 16 34.30 64.669 -17.648 4.5 6
2015 10 23 00 27 39.00 29.64 70.33 11 6
2012 05 02 17 06 06.190 -35.876 -102.777 16 6
2013 12 22 07 29 05.180 -46.451 96.211 16 6
2014 01 08 04 22 11.130 -20.76 -70.62 28.3 6
2012 11 03 12 58 12.400 7.128 -34.048 9.9 6
2012 03 04 09 44 15.770 2.642 -84.411 17.5 6
2012 03 13 23 06 44.560 15.078 -93.128 61.7 6
2012 03 20 18 02 47.620 16.473 -98.369 19.4 6
2012 04 02 17 36 42.500 16.372 -98.461 16.3 6
2012 05 01 16 37 57.660 18.288 -101.07 64 6
2012 05 01 22 43 35.30 14.454 -93.042 28.7 6
2012 06 04 00 45 16.380 5.294 -82.632 15 6
2012 06 04 03 15 24.590 5.45 -82.563 9.5 6
2012 09 05 14 42 07.730 10.024 -85.388 20.7 6
2012 09 08 20 29 30.70 10.027 -85.411 25.9 6
2012 10 24 00 45 33.800 10.074 -85.371 22.3 6
2012 11 04 06 37 36.400 -15.981 -72.025 122.4 6
2012 11 07 16 35 49.310 14.031 -92.066 38.7 6
2012 11 11 22 14 59.50 14.07 -92.331 18.6 6
2012 11 15 09 20 21.450 18.199 -100.524 57.9 6
2012 11 28 03 09 48.720 -4.598 -76.127 122.2 6
2013 02 09 14 16 06.960 1.034 -77.462 144.2 6
2013 02 10 19 54 33.570 -33.46 -71.993 44.8 6
2013 03 25 23 02 12.520 14.59 -90.477 193.7 6
2013 08 12 09 49 31.920 -5.411 -81.979 12.8 6
2013 08 13 15 43 15.910 5.718 -78.125 18.6 6
2013 09 26 06 46 03.200 14.326 -93.472 10.1 6
2013 09 30 08 16 10.390 49.486 -28.551 17 6
2013 11 16 09 35 46.220 -60.356 -46.52 10 6
2013 12 02 12 18 47.730 -53.403 25.364 10 6
2013 12 17 12 30 00.10 -25.588 -70.509 65 6
2014 01 04 00 11 50.490 -20.674 -70.642 25.6 6
2014 01 05 03 36 38.10 4.609 -76.686 32.8 6
2015 03 10 20 55 44.520 6.796 -73.037 162 6
2015 03 27 21 59 38.200 -1.244 -77.654 190.5 6
2015 04 26 23 35 26.840 -8.407 -80.005 10 6
2015 04 28 18 56 53.70 17.059 -95.036 113.1 6
2015 05 10 00 50 16.520 14.734 -94.113 3.5 6
2015 07 29 00 10 23.520 8.162 -77.332 13.4 6
2015 08 07 01 25 01.420 -2.142 28.932 8.8 6
2015 08 23 04 48 46.160 13.076 -90.259 31.8 6
2015 09 08 08 03 53.500 14.337 -94.137 5 6
2015 09 17 13 32 26.50 -32.143 -72.377 10 6
2015 09 17 20 40 31.750 -29.961 -71.885 5.69 6
2015 11 16 00 39 33.520 17.839 -81.821 6.71 6
2015 11 28 05 44 40.60 -30.368 -72.151 10 6
2015 12 17 19 49 53.50 15.8 -93.629 85 6
2014 11 25 15 19 08.460 30.168 101.782 6.3 6
2015 01 02 08 21 56.250 6.498 60.437 10 6
2012 04 08 21 43 31.790 24.02 122.357 28.6 6
2012 04 11 22 51 59.340 2.904 89.508 17.8 6
2012 04 30 18 11 45.300 -5.698 128.494 367.6 6
2012 08 18 09 41 55.160 -1.351 120.127 27.9 6
2012 08 18 15 31 44.550 2.611 128.734 43.3 6
2012 09 14 07 18 38.840 -39.655 -16.063 11 6
2012 10 03 13 32 37.430 -0.425 97.664 19 6
2012 10 05 00 19 56.910 17.476 -46.519 10.9 6
2012 10 14 10 13 40.290 41.72 46.314 24 6
2012 10 21 01 25 22.270 66.275 -18.713 7.4 6
2012 11 07 06 26 32.330 38.477 46.614 6 6
2012 11 14 05 21 43.120 9.993 122.316 44.8 6
2013 02 23 11 09 21.910 -8.594 127.448 34.5 6
2013 05 02 19 40 52.850 2.752 91.54 17.4 6
2013 05 25 10 32 56.680 -7.648 127.923 121 6
2013 06 07 16 38 04.310 24.055 122.636 46.8 6
2013 06 13 13 24 46.730 26.541 128.966 30.3 6
2013 07 06 05 05 06.960 -3.294 100.531 26.1 6
2013 07 08 02 13 42.380 -8.731 113.019 78.9 6
2013 07 09 17 04 16.760 -3.314 100.418 29.3 6
2012 04 16 11 23 42.400 36.719 21.601 30.1 6
2013 06 17 11 21 42.80 -36.551 52.389 10 6
2014 02 10 18 06 20.250 -8.228 124.582 33.1 6
2014 02 12 11 43 10.290 -22.327 -68.727 96 6
2014 02 24 23 32 48.340 4.102 62.713 12.7 6
2015 02 08 15 09 08.640 -2.491 119.447 29.5 6
2015 02 11 21 29 24.750 -65.608 -179.51 10 6
2015 03 15 23 17 17.290 -0.616 122.403 32.1 6
2015 04 25 06 56 33.530 27.863 85.713 8.4 6
2015 06 29 09 09 16.530 -15.99 -74.182 35 6
2015 07 01 14 30 21.720 -52.242 159.787 10 6
2015 09 30 16 06 52.320 -56.194 -27.715 101 6
2015 10 03 06 03 42.80 -37.455 -73.676 14.53 6
2015 12 07 08 30 56.730 41.73 74.605 21.53 6
2012 07 12 15 40 16.750 -2.916 129.349 39 6
2012 08 26 15 05 37.160 2.198 126.869 90.9 6
2012 08 31 12 47 35.540 10.81 126.826 44.4 6
2014 07 09 17 58 15.800 -61.946 165.021 37 6
2012 03 05 23 06 28.350 12.383 123.707 16.5 6
2012 03 16 07 58 05.10 10.009 125.64 33.1 6
2012 10 07 03 14 25.800 18.637 120.991 52.2 6
2012 10 12 00 31 31.370 -4.885 134.082 34.6 6
2012 10 29 15 29 52.720 -0.153 125.259 56.5 6
2012 11 01 23 37 17.640 1.196 122.154 32.5 6
2012 12 05 17 08 13.520 33.505 59.605 13 6
2012 12 09 21 45 34.270 6.667 126.182 56.6 6
2012 12 13 23 03 39.00 80.8 121.745 14.8 6
2013 01 05 17 42 20.960 -20.003 66.442 4.5 6
2013 03 30 01 50 44.950 10.014 126.313 45.7 6
2013 04 06 00 29 55.510 42.735 131.045 572.3 6
2013 04 12 20 33 17.930 34.401 134.865 16.5 6
2013 04 18 14 08 36.200 24.87 123.428 15.1 6
2013 06 02 05 43 03.800 23.831 121.059 17 6
2013 06 02 20 08 29.790 7.222 124.818 31.9 6
2013 06 27 08 38 09.950 1.102 127.124 136.4 6
2015 09 03 13 24 00.00 2.06 126.68 53 6
2015 09 03 13 24 00.690 2.055 126.681 53 6
2013 05 27 03 36 29.690 14.65 53.815 3.1 6
2015 07 16 11 01 45.630 13.883 -58.537 10.9 6
2015 09 13 01 13 14.00 0.04 123.45 143 6
2016 02 23 18 08 46.550 -63.032 144.996 10 6
2016 02 27 21 29 43.570 -51.789 139.595 10 6
2016 11 13 14 01 01.660 -28.87 -67.455 109.15 6
2016 12 01 22 40 26.340 -15.294 -70.822 10 6
2017 03 09 11 14 26.430 -60.146 150.296 10 6
2017 05 24 09 10 14.280 -2.789 122.118 10 6
2017 08 01 06 13 53.920 -28.555 -68.705 85.07 6
2017 10 10 06 32 20.800 -18.521 -69.641 82.43 6
2017 12 13 18 03 42.790 -54.217 2.168 10 6
2018 04 10 10 19 34.30 -30.986 -71.556 76.08 6
2018 06 14 06 27 39.290 -45.842 -76.304 10 6
2018 07 21 20 56 19.940 -48.225 99.644 10 6
2018 07 23 10 36 00.330 -0.349 -19.234 10 6
2018 08 19 04 10 23.490 -8.329 116.598 21.41 6
2018 08 19 15 28 58.880 -8.391 116.556 10 6
2018 08 24 10 49 27.310 10.572 91.72 10 6
2018 08 25 22 13 25.620 34.611 46.242 10 6
2018 08 27 20 09 21.990 -61.794 -58.048 49 6
2018 09 07 06 23 38.650 28.323 59.32 10 6
2018 10 07 00 10 04.880 7.66 -37.708 10 6
2018 11 09 07 39 16.730 -42.596 -16.156 10 6
2018 11 27 12 03 28.00 -1.029 -13.663 10 6
2018 11 29 20 21 44.620 0.224 96.997 9.44 6
2018 12 01 13 27 21.80 -7.384 128.706 136 6
2018 12 06 01 02 46.320 -8.391 116.006 12 6
2018 12 23 19 32 22.60 30.407 87.62 10 6
2019 01 06 13 41 59.70 34.125 45.673 14 6
2019 01 06 17 27 20.840 2.215 126.74 60 6
2019 01 21 23 59 22.600 -10.311 119.147 16.77 6
2012 08 12 10 47 07.390 35.652 82.541 14 6
2012 08 30 13 43 25.300 71.446 -11.034 11.1 6
2012 10 04 23 14 56.390 17.479 -46.578 11.1 6
2012 10 08 01 50 25.960 -21.797 -68.379 122.9 6
2012 11 01 14 12 01.940 -6.753 107.482 149.3 6
2015 10 23 00 27 39.560 29.637 70.326 11 6
2012 02 13 10 55 11.160 9.159 -84.048 29.6 6
2012 02 20 19 09 39.660 14.25 -93.056 35.6 6
2012 07 29 12 22 14.590 14.243 -92.559 40.7 6
2012 08 02 09 38 31.250 -8.454 -74.272 148.8 6
2016 01 08 01 12 01.20 -30.663 -71.64 24.17 6
2012 11 02 18 17 34.680 9.235 126.281 55.5 6
2012 11 28 08 56 18.200 -5.338 131.165 70.8 6
2013 01 10 13 47 05.80 4.742 95.098 51.7 6
2013 03 19 03 29 02.700 -58.981 -24.569 52 6
2013 11 23 23 30 43.270 36.607 86.809 10 6
2014 05 31 19 54 19.420 9.274 126.566 33.1 6
2014 07 28 23 00 48.140 -6.921 143.873 10 6
2014 11 15 09 47 59.300 1.82 126.513 45.3 6
2014 11 15 11 12 04.20 1.744 126.42 40.3 6
2015 04 01 09 35 58.900 -6.944 132.52 29.3 6
2015 04 11 05 00 43.220 2.073 126.681 55.9 6
2015 06 15 21 04 25.320 4.161 125.88 152.8 6
2015 07 27 21 41 20.760 -2.713 138.542 47.8 6
2015 09 16 07 40 58.00 1.88 126.43 41.5 6
2015 09 16 07 40 58.690 1.884 126.428 41.55 6
2015 09 24 15 53 27.00 -0.62 131.26 18 6
2015 09 24 15 53 27.740 -0.621 131.262 18 6
2015 09 27 02 56 13.740 -7.177 129.604 107 6
2016 01 14 13 14 49.150 9.686 126.309 35 6
2016 02 17 17 26 02.320 0.845 129.072 10 6
2016 06 06 13 16 02.220 -30.043 -71.463 28.31 6
2016 07 25 17 26 50.220 -26.104 -70.507 72 6
2016 08 04 14 15 13.90 -22.308 -66.026 270 6
2016 08 23 19 40 46.230 -7.208 122.541 514.33 6
2016 11 04 16 20 43.940 -35.103 -70.996 90.79 6
2016 11 08 04 55 44.250 -36.58 -73.635 17.3 6
2016 11 20 20 57 43.980 -31.642 -68.764 115.79 6
2016 12 21 00 17 14.990 -7.508 127.92 152 6
2017 02 03 19 54 22.140 15.083 -60.529 39.27 6
2017 04 18 17 49 55.790 -2.711 -75.303 14 6
2017 12 06 16 06 55.570 -0.614 123.667 17.93 6
2017 12 12 08 43 17.950 30.719 57.27 10 6
2017 12 12 21 41 31.160 30.822 57.286 8 6
2018 01 14 09 18 45.540 -15.758 -74.709 39 6
2018 01 21 01 06 42.890 -18.852 -69.456 116 6
2018 02 27 17 29 22.580 -60.249 150.779 10 6
2018 07 20 10 24 57.140 -28.068 -63.254 587.8 6
2018 07 22 10 07 27.230 34.591 46.165 12 6
2018 07 22 20 39 17.410 30.433 57.451 10 6
2018 07 25 19 45 05.50 -56.062 -27.68 124.63 6
2018 07 28 17 07 23.370 -7.122 122.747 577.48 6
2018 07 28 22 47 38.740 -8.239 116.508 14 6
2018 08 05 11 46 38.190 -8.259 116.436 31 6
2018 08 09 05 25 31.570 -8.315 116.232 10 6
2018 08 14 03 29 53.440 -58.11 -25.258 35 6
2018 08 17 15 35 01.870 -7.426 119.834 529 6
2018 08 19 14 56 28.30 -8.33 116.631 25.21 6
2018 08 19 15 16 35.240 -8.351 116.556 10 6
2018 08 21 21 31 47.540 10.779 -62.907 146.18 6
2018 08 24 09 04 06.780 -11.042 -70.816 609.48 6
2018 09 07 02 39 17.730 -28.892 -69.953 92.4 6
2018 09 28 10 02 43.480 -0.178 119.84 10 6
2018 10 10 18 44 55.280 -7.453 114.455 9 6
2018 10 25 22 54 52.590 37.514 20.563 14 6
2018 10 28 00 38 11.610 45.657 26.397 151 6
2018 10 29 06 54 21.440 -57.404 -66.408 10 6
2018 10 29 20 17 22.520 -57.549 -66.304 10 6
2018 11 01 19 30 20.940 -58.074 -25.205 29 6
2018 11 01 22 19 51.540 -19.588 -69.292 102 6
2018 11 09 07 54 52.560 -42.713 -16.02 10 6
2018 11 11 14 03 59.560 15.565 -49.871 10 6
2018 11 15 20 02 22.920 -56.706 -25.546 15 6
2018 11 23 10 51 59.840 -56.261 -26.985 82.85 6
2018 11 25 16 37 32.710 34.346 45.743 18 6
2018 12 11 02 26 32.730 -58.598 -26.465 164.66 6
2018 12 16 14 26 19.620 -23.322 112.497 10 6
2018 12 30 08 39 12.700 -2.657 102.348 168.3 6
2019 01 05 19 25 38.580 -8.148 -71.583 571.18 6
2019 01 20 01 32 51.480 -30.073 -71.423 53.04 6
2019 01 22 05 10 03.670 -10.466 119.03 27.01 6
2019 01 23 11 39 01.330 -10.306 118.928 15.29 6
2014 03 10 05 18 13.590 40.723 -125.086 6.1 6
2014 03 15 23 51 32.300 -5.671 -80.935 26.5 6
2014 03 22 12 59 57.00 -19.822 -70.944 4.4 6
2014 03 24 15 45 30.700 -19.549 -70.715 12.7 6
2014 04 02 04 46 19.660 -20.081 -70.726 16.1 6
2014 04 02 16 13 26.700 7.851 -82.333 24.6 6
2014 04 11 20 29 13.610 11.719 -86.014 142.3 6
2014 04 18 14 27 24.690 17.321 -100.993 24.4 6
2014 05 08 17 00 15.920 17.148 -100.811 24.9 6
2014 05 28 21 15 05.400 18.113 -68.358 99.7 6
2014 06 16 06 39 31.520 1.648 -79.384 7.3 6
2014 06 19 19 54 05.430 -19.81 -70.832 14.9 6
2014 10 09 02 14 29.740 -32.298 -110.924 4.2 6
2014 10 14 03 51 37.110 12.589 -88.072 63.9 6
2014 10 20 19 33 21.160 0.75 -77.93 3.1 6
2013 01 30 20 15 43.390 -28.109 -70.888 46.1 6
2013 05 14 19 18 18.390 0.787 92.425 26.8 6
2013 05 21 23 02 43.970 -13.869 -72.417 84.5 6
2013 10 25 21 51 57.960 -56.323 -27.413 112 6
2014 01 29 10 01 50.430 -18.553 -69.424 116.7 6
2014 03 15 08 59 20.160 -14.101 -76.352 10 6
2014 03 17 05 11 33.400 -20.06 -70.828 5.3 6
2014 04 15 13 31 33.980 -36.075 -101.178 14 6
2013 01 18 12 42 51.980 30.969 99.468 14.9 6
2013 01 20 23 32 22.950 53.916 -35.213 13.6 6
2013 01 21 22 22 54.780 4.962 95.921 24.6 6
2013 01 28 16 38 53.840 42.582 79.721 14.3 6
2013 02 18 03 40 49.50 5.526 -33.007 12.4 6
2013 02 22 12 01 58.670 -27.905 -63.134 585.6 6
2013 02 25 05 11 07.940 34.343 85.579 13.6 6
2013 03 07 03 36 47.630 24.288 121.503 11.6 6
2013 04 02 14 34 56.830 -40.393 45.185 14.3 6
2013 04 05 13 00 02.360 42.735 131.064 571.3 6
2013 04 09 11 52 50.190 28.446 51.629 12.8 6
2013 04 10 01 58 28.370 28.418 51.724 14.8 6
2013 04 10 20 20 27.760 20.714 122.181 17.8 6
2013 04 16 10 44 19.30 27.97 62.136 63.1 6
2013 04 17 03 15 52.300 28.123 62.337 59.9 6
2013 04 19 17 51 42.660 -11.912 121.664 24.2 6
2013 04 20 00 02 47.980 30.268 103.02 18 6
2013 04 20 04 51 12.270 -6.278 130.223 113.9 6
2013 04 24 09 25 30.80 34.512 70.21 67.5 6
2013 04 30 06 25 24.270 37.588 -24.959 19.7 6
2013 05 01 06 57 15.190 33.105 75.721 27.4 6
2013 05 10 19 56 06.610 -28.967 -13.183 13.8 6
2013 05 11 02 08 11.290 26.658 57.843 15.1 6
2013 05 11 03 09 51.60 26.596 57.92 12.2 6
2013 05 12 00 07 03.710 26.705 57.778 24 6
2013 05 12 10 54 49.100 26.726 57.783 14.4 6
2013 05 16 05 57 00.620 -57.581 -7.018 10 6
2013 05 18 04 05 42.730 -53.12 22.098 10 6
2013 05 18 10 03 17.790 26.687 57.82 8.8 6
2013 05 18 10 57 49.610 26.665 57.803 12.6 6
2013 06 13 17 23 53.990 -9.982 107.35 19.8 6
2013 06 16 02 51 36.370 -56.356 -27.608 98.5 6
2013 06 26 22 59 03.320 -0.2 125.037 54.8 6
2013 06 28 23 51 50.900 23.996 122.253 25.4 6
2013 07 02 13 55 42.40 4.619 96.684 32.4 6
2013 08 12 00 53 44.440 -7.116 129.791 104.8 6
2013 09 01 11 52 32.120 -7.539 128.256 135.2 6
2013 09 06 11 33 54.790 20.186 122.333 189.4 6
2013 09 09 21 41 35.390 1.354 122.268 35.7 6
2013 09 20 23 34 14.420 -52.223 14.496 10 6
2013 09 21 01 39 15.480 -7.267 119.95 550.1 6
2013 11 03 11 03 40.460 4.641 123.4 556.8 6
2013 11 08 09 51 02.760 -1.316 67.641 17 6
2013 11 16 10 26 43.870 4.249 90.055 12.3 6
2013 11 17 09 04 56.260 -60.378 -46.587 7.9 6
2013 11 17 12 11 36.150 -60.543 -44.357 10 6
2013 11 20 10 09 19.200 12.344 95.119 14.6 6
2013 11 22 06 51 27.340 34.419 45.57 21.7 6
2013 11 22 17 21 00.80 5.424 92.818 26.9 6
2013 11 22 18 30 59.390 34.377 45.702 18.9 6
2013 11 24 18 05 41.580 34.159 45.68 12.1 6
2013 11 28 13 51 36.110 29.346 51.36 13.4 6
2013 12 01 01 24 15.720 -7.028 128.415 25.9 6
2013 12 01 06 29 58.320 2.017 96.848 21.6 6
2013 12 22 10 03 10.910 -46.527 96.021 16 6
2013 12 28 15 21 06.50 36.049 31.318 59.5 6
2013 12 28 18 59 05.40 -1.367 -15.179 11 6
2013 12 31 20 01 06.900 19.057 120.323 13.2 6
2014 02 12 09 19 48.420 35.876 82.58 4.1 6
2014 02 17 05 56 00.590 18.482 120.455 28.6 6
2014 02 18 09 27 14.830 14.596 -58.971 28.3 6
2014 02 24 23 26 56.220 4.053 62.779 10 6
2014 05 05 11 08 45.650 19.615 99.703 15.2 6
2014 05 13 14 40 55.650 -56.945 -25.202 19.7 6
2014 05 19 22 47 14.560 -57.114 -25.357 15.3 6
2014 05 21 00 21 13.680 23.721 121.468 18.4 6
2014 06 25 11 52 02.840 13.569 120.583 71.3 6
2014 07 14 08 00 02.100 5.72 126.51 50 6
2014 07 27 01 28 41.400 23.86 -45.59 13.7 6
2014 09 07 07 08 01.120 64.545 -17.273 10 6
2014 09 21 10 51 47.690 64.525 -17.373 2.6 6
2014 09 29 13 43 02.620 64.462 -17.481 10 6
2014 10 03 08 05 44.580 11.374 122.147 18.3 6
2014 10 07 10 22 32.200 64.492 -17.368 10 6
2014 10 12 05 40 43.650 57.286 -33.316 10.3 6
2014 10 15 13 35 54.150 32.545 47.856 8.1 6
2014 10 22 00 15 17.630 27.461 128.535 46.5 6
2014 11 03 08 23 55.520 4.65 -32.753 10 6
2014 11 15 02 31 42.240 1.834 126.462 47.8 6
2014 11 15 03 08 05.470 -0.194 123.978 99.9 6
2014 11 17 16 52 47.640 -46.407 33.701 12.2 6
2014 11 18 04 47 19.650 1.879 126.394 48.8 6
2014 11 20 18 14 37.650 23.529 93.521 48.9 6
2014 11 21 03 29 13.670 20.606 120.139 19.1 6
2014 11 22 08 55 26.490 30.314 101.803 2 6
2014 11 26 14 33 45.180 1.964 126.465 47.7 6
2014 12 19 19 49 30.80 16.195 -61.809 118.1 6
2015 01 10 02 05 46.950 -5.694 68.373 14.6 6
2015 01 10 19 32 02.650 14.744 120.162 78.4 6
2015 02 01 20 02 21.210 -49.372 -8.22 10 6
2015 04 20 11 45 13.730 24.063 122.487 30.6 6
2015 07 23 03 56 52.680 -0.723 -21.131 10 6
2015 09 02 01 18 29.00 4.41 124.63 296 6
2015 09 02 01 18 29.70 4.413 124.631 296 6
2015 11 08 19 14 47.430 6.984 94.534 10 6
2015 11 13 20 51 31.30 31 128.872 12 6
2015 11 21 09 06 13.460 -7.148 129.937 82 6
2016 02 02 14 19 23.40 25.576 123.449 196 6
2016 02 05 19 57 27.390 22.938 120.592 23 6
2016 02 18 01 07 14.70 -56.212 -27.622 119.26 6
2016 03 03 08 36 32.650 -9.764 125.316 29.5 6
2016 03 14 07 26 40.610 -56.428 -27.008 84 6
2016 03 14 23 25 39.980 -52.613 18.798 10 6
2016 03 16 13 09 52.810 4.725 125.148 10 6
2016 03 19 11 26 33.230 17.996 -60.701 26 6
2016 03 26 03 24 24.110 -2.65 68.025 10 6
2016 03 28 19 07 08.750 -56.253 -27.64 29.71 6
2016 04 13 13 55 17.800 23.094 94.865 136 6
2016 04 13 18 21 52.730 7.791 122.023 17 6
2016 04 14 23 15 07.910 -7.459 128.123 136.78 6
2016 04 15 16 25 06.220 32.79 130.754 10 6
2016 04 19 05 25 39.940 -55.728 -27.23 14 6
2016 04 20 10 51 42.60 13.2 -55.886 28 6
2016 05 27 03 44 29.470 26.992 130.137 10 6
2016 05 28 09 46 59.780 -56.24 -26.935 78 6
2016 05 31 05 23 47.310 25.561 122.545 246.4 6
2016 06 18 17 29 46.460 -24.146 -67.152 186 6
2016 06 21 16 26 34.420 22.658 -45.14 10 6
2016 06 23 03 05 39.450 -60.672 -42.912 10 6
2016 06 26 11 17 11.280 39.479 73.338 13 6
2016 06 28 21 38 04.390 39.474 73.341 13.59 6
2016 07 23 07 41 44.700 -6.759 101.217 9 6
2016 07 24 14 10 51.40 0.915 -28.97 10 6
2016 07 25 08 58 30.790 -49.484 126.265 10 6
2016 07 31 11 33 20.570 -56.255 -27.549 98.16 6
2016 07 31 23 40 01.880 -8.194 117.814 21 6
2016 08 01 07 42 51.250 -23.964 82.556 10 6
2016 08 02 07 32 29.490 -58.724 -25.607 35.04 6
2016 08 05 12 34 15.290 -23.945 82.433 10 6
2016 08 19 07 32 22.730 -55.279 -31.874 10 6
2016 08 19 17 33 40.520 -55.208 -32.073 4.34 6
2016 08 19 20 37 16.850 -55.203 -32.12 13.89 6
2016 08 21 03 45 23.740 -55.277 -31.754 10 6
2016 08 23 19 39 44.660 -7.28 122.425 532.4 6
2016 08 24 01 36 32.870 42.723 13.187 4.44 6
2016 08 24 02 33 29.660 42.833 13.131 4.95 6
2016 08 24 10 34 54.580 20.922 94.568 82 6
2016 09 16 18 38 05.00 -29.155 60.915 10 6
2016 10 26 17 10 37.880 42.857 13.022 10 6
2016 10 26 19 18 08.320 42.934 13.043 10 6
2016 10 27 08 17 49.660 1.328 125.793 56.14 6
2016 10 28 20 02 48.880 39.313 13.536 448.48 6
2016 10 30 06 40 19.200 42.854 13.088 10 6
2016 11 07 21 31 28.340 -8.108 104.839 33 6
2017 01 10 06 13 47.250 4.463 122.575 612.71 6
2017 01 13 16 39 25.560 0.031 125.066 46.01 6
2017 01 18 10 25 25.480 42.584 13.197 10 6
2017 02 10 14 03 43.920 9.907 125.451 15 6
2017 03 14 05 55 21.830 0.676 121.155 79.23 6
2017 03 16 18 39 26.270 -11.539 114.573 10 6
2017 03 21 23 10 25.150 -8.508 115.326 111.83 6
2017 03 31 11 21 00.960 0.334 120.622 93.04 6
2017 03 31 17 25 23.130 52.674 -32.318 10 6
2017 04 28 20 23 17.260 5.504 125.071 26 6
2017 05 13 18 01 00.830 37.772 57.195 16.37 6
2017 05 20 01 06 14.230 9.384 123.958 533 6
2017 05 29 14 35 21.510 -1.287 120.433 12 6
2017 06 11 23 15 06.180 -8.307 106.268 7 6
2017 06 30 01 34 58.150 33.748 -38.547 10 6
2017 07 06 08 03 57.220 11.111 124.619 6.96 6
2017 07 12 19 48 07.800 40.854 131.656 545 6
2017 07 15 12 12 21.500 0.412 121.991 113 6
2017 07 19 12 16 23.560 -17.415 66.483 10 6
2017 07 20 22 31 11.240 36.924 27.413 7 6
2017 07 23 07 55 55.10 0.293 120.2 55.8 6
2017 07 26 10 32 57.430 26.897 130.183 12 6
2017 07 27 17 53 24.610 13.396 -49.325 10 6
2017 08 08 13 19 49.540 33.192 103.855 9 6
2017 08 08 23 27 53.80 44.301 82.826 20 6
2017 08 11 05 28 25.720 13.998 120.678 172 6
2017 08 13 03 08 10.560 -3.768 101.622 31 6
2017 08 18 02 59 21.950 -1.09 -13.663 10 6
2017 08 30 14 19 14.650 40.001 -29.417 10 6
2017 08 31 17 06 55.750 -1.159 99.688 43.14 6
2017 09 01 11 07 37.140 57.048 -34.026 10 6
2017 09 03 03 30 01.770 41.334 129.03 0 6
2017 09 04 08 07 35.380 -57.788 -25.578 35 6
2017 09 10 21 40 21.210 57.127 -33.676 10 6
2017 09 15 18 48 02.550 -55.443 -28.361 9 6
2017 09 20 23 59 24.900 -6.111 113.024 588 6
2017 10 03 20 39 04.740 13.458 -49.332 10 6
2017 10 10 18 53 27.840 -54.258 8.605 9 6
2017 10 23 08 32 32.530 -52.343 16.781 10 6
2017 10 24 10 47 47.540 -7.236 123.04 549.19 6
2017 10 28 16 13 54.440 86.89 54.495 10 6
2017 10 28 16 16 06.690 86.892 52.849 10 6
2017 10 28 19 11 02.760 86.922 55.2 10 6
2017 10 30 22 37 18.550 -8.601 118.984 110.17 6
2017 11 11 00 36 14.980 -11.742 -14.114 10 6
2017 11 12 18 18 17.290 34.905 45.956 19 6
2017 11 15 02 02 25.280 -59.031 -17.1 10 6
2017 11 17 22 34 19.500 29.832 94.977 8 6
2017 11 28 13 15 45.400 72.599 3.274 10 6
2017 11 29 23 53 50.300 -6.736 129.781 157 6
2017 11 30 06 32 50.760 -1.08 -23.432 10 6
2017 12 01 02 32 46.10 30.743 57.313 9 6
2017 12 15 16 47 58.230 -7.492 108.174 90 6
2018 01 07 06 47 14.510 24.754 94.909 23.77 6
2018 01 11 06 59 30.470 33.713 45.723 10 6
2018 01 11 18 26 24.230 18.362 96.077 9 6
2018 01 23 06 34 54.240 -7.195 105.918 43.91 6
2018 01 23 23 09 09.550 -5.777 -12.543 10 6
2018 01 25 01 15 58.300 8.264 91.78 10 6
2018 01 28 16 03 03.970 -53.062 9.684 10 6
2018 01 31 07 07 00.230 36.543 70.815 191.19 6
2018 02 02 00 20 42.210 -0.247 125.182 38 6
2018 02 04 13 56 41.950 24.157 121.707 12 6
2018 02 06 15 50 43.300 24.135 121.658 17 6
2018 02 08 02 29 14.640 79.807 2.03 10 6
2018 02 13 02 39 53.810 12.364 93.131 69.37 6
2018 02 15 08 27 22.40 -0.068 -17.841 10 6
2018 02 26 13 34 53.750 -2.762 126.727 9.91 6
2018 03 02 02 20 12.280 -6.135 130.278 135 6
2018 03 10 21 45 36.340 -1.423 -15.209 10 6
2018 03 17 05 50 09.70 -47.664 -13.501 10 6
2018 03 23 07 40 29.10 12.652 -44.569 10 6
2018 03 24 19 58 33.380 -45.778 96.069 10 6
2018 03 25 08 58 11.520 -7.309 128.502 149.36 6
2018 03 25 20 14 47.710 -6.624 129.813 169 6
2018 03 29 22 54 12.650 38.723 69.978 5 6
2018 04 02 13 40 34.840 -20.658 -63.005 559 6
2018 04 05 03 53 38.410 6.832 126.778 34 6
2018 04 09 00 20 55.550 -57.658 -27.875 245 6
2018 04 19 06 34 46.830 28.331 51.612 10 6
2018 04 19 21 09 17.00 -42.779 42.187 10 6
2018 04 21 19 44 17.80 -48.946 123.591 10 6
2018 04 29 22 23 05.950 -39.264 46.119 10 6
2018 05 05 06 19 05.40 14.57 123.919 18 6
2018 05 09 10 41 45.920 36.991 71.383 116 6
2018 05 10 18 02 28.960 6.869 123.762 535 6
2018 05 14 18 14 47.390 -55.915 -27.056 10 6
2018 05 23 05 44 43.890 7.398 -36.213 10 6
2018 05 24 23 11 47.170 0.817 -29.54 10 6
2018 06 06 18 51 34.520 -58.356 -25.761 31 6
2018 06 12 23 08 28.310 -2.019 98.587 9 6
2018 06 12 23 46 11.940 -1.946 98.686 10 6
2015 11 24 20 45 02.330 -0.098 -17.834 10 6
2016 01 11 16 38 05.910 3.896 126.856 13 6
2016 02 10 00 33 05.340 -30.572 -71.583 29 6
2016 02 12 10 02 24.50 -9.633 119.401 28 6
2016 03 02 12 49 48.110 -4.952 94.329 24 6
2016 03 03 00 10 50.390 -4.794 94.41 10 6
2016 04 06 14 45 29.620 -8.203 107.385 29 6
2016 04 10 02 14 34.590 -4.148 102.211 41 6
2016 04 10 10 28 58.720 36.472 71.131 212 6
2016 05 02 04 21 24.710 -5.026 104.627 117 6
2016 06 01 22 56 00.800 -2.096 100.665 50 6
2016 06 05 16 25 33.540 -4.587 125.626 429.62 6
2016 06 07 19 15 15.330 1.278 126.371 31 6
2016 06 09 04 13 08.130 -11.248 116.266 19 6
2016 12 05 01 13 04.880 -7.315 123.38 526 6
2016 12 08 05 15 04.560 43.815 86.303 13.7 6
2017 04 04 13 53 18.980 -55.616 -30.001 19.22 6
2017 04 10 00 43 54.530 13.01 125.375 10 6
2017 04 10 10 38 48.110 5.689 127.197 13 6
2017 04 11 14 42 16.530 5.706 127.094 12 6
2017 04 15 08 19 43.400 -23.27 -67.765 155 6
2017 04 16 09 44 05.900 -7.348 83.161 10 6
2017 05 03 04 47 13.190 39.499 71.451 10 6
2017 05 06 00 16 09.410 -60.829 -38.055 10 6
2013 06 15 16 11 02.90 34.45 25.044 21.5 6
2013 07 21 23 45 55.920 34.504 104.26 5.1 6
2013 07 22 07 01 41.750 -46.094 34.861 3.2 6
2013 08 11 21 23 43.870 30.041 97.97 23 6
2013 08 25 16 07 16.970 -33.365 57.059 14 6
2013 08 31 00 04 17.930 28.23 99.341 10.1 6
2013 09 06 02 28 10.490 -47.018 33.303 10 6
2013 09 24 07 22 53.850 7.358 59.549 19.4 6
2013 09 24 17 20 14.480 27.113 65.546 16.1 6
2015 05 26 23 41 38.120 -58.799 -25.241 18 6
2015 05 26 23 51 29.750 -58.686 -25.169 28 6
2012 02 16 02 20 27.410 -17.581 65.478 10 6
2013 05 26 06 08 15.310 39.949 67.435 15.5 6
2013 06 07 20 13 14.00 -43.85 -16.3 10 6
2013 06 13 16 47 25.800 -9.951 107.302 20.6 6
2013 06 16 21 39 06.600 34.424 25.186 25 6
2013 07 03 19 21 46.610 1.549 30.889 15.7 6
2013 08 23 08 34 06.10 -22.292 -68.641 103 6
2013 09 05 04 01 36.70 15.251 -45.213 10.4 6
2014 05 16 11 01 43.60 17.018 -60.394 25.2 6
2014 07 13 20 54 14.560 -20.258 -70.347 33.1 6
2014 07 23 21 39 08.470 -20.226 -68.677 118.7 6
2014 10 26 10 45 32.280 -10.565 -74.072 127.3 6
2015 05 26 23 27 00.720 -58.681 -25.097 51.3 6
2014 04 07 13 43 21.110 -20.122 -70.849 10.6 6
2014 05 17 12 13 28.380 -54.39 -146.642 8.6 6
2014 05 21 16 21 54.220 18.24 88.064 45.1 6
2014 05 23 20 49 23.680 24.917 97.908 13.5 6
2014 05 24 09 25 03.190 40.276 25.369 8.2 6
2014 05 30 01 20 15.380 24.989 97.898 10.1 6
2014 06 01 10 07 13.230 1.981 89.767 23.6 6
2014 08 24 23 21 41.700 -14.52 -73.535 70 6
2014 08 24 23 21 43.400 -14.589 -73.45 74.4 6
2014 08 25 14 31 37.280 -16.126 -73.113 62 6
2014 10 30 12 11 36.240 -6.962 117.515 549.2 6
2014 11 03 08 48 29.700 -41.824 80.043 7.4 6
2014 11 07 00 20 48.390 4.836 95.058 51.5 6
2014 11 18 03 25 41.40 7.458 94.263 24.5 6
2014 11 22 19 14 17.340 45.856 27.151 35 6
2015 03 06 08 22 20.90 -41.316 80.614 13.1 6
2015 04 10 16 23 05.760 -13.823 65.834 18.3 6
2015 09 16 22 54 32.860 -31.572 -71.674 22.44 6
2015 09 16 23 03 56.560 -31.75 -71.742 19.1 6
2015 09 16 23 16 09.440 -31.6 -71.918 35 6
2015 09 16 23 18 41.850 -31.562 -71.426 28.41 6
2015 09 16 23 38 01.650 -31.784 -72.022 12.46 6
2015 09 17 01 33 02.640 -31.736 -72.026 9.29 6
2015 09 17 01 41 05.870 -31.104 -71.65 42.32 6
2015 09 17 03 55 15.430 -31.424 -71.687 27 6
2015 09 17 04 10 27.00 -31.52 -71.81 23 6
2015 09 17 04 10 27.780 -31.517 -71.804 23 6
2015 09 17 04 26 38.970 -31.416 -71.98 17.62 6
2015 09 17 05 44 39.960 -31.801 -72.13 10 6
2015 09 17 12 14 34.910 -32.914 -71.606 10 6
2015 09 17 12 14 35.00 -32.91 -71.6 10 6
2015 09 17 14 19 15.970 -30.91 -71.982 10 6
2015 09 18 09 10 44.730 -32.368 -72.229 8 6
2015 09 18 15 59 42.640 15.276 -45.988 10 6
2015 09 19 05 06 47.500 -29.641 -72.077 6 6
2015 09 19 09 07 09.00 -31.1 -71.59 28 6
2015 09 19 09 07 09.550 -31.099 -71.59 28 6
2015 09 19 12 52 20.00 -32.33 -72.07 18 6
2015 09 19 12 52 20.920 -32.333 -72.062 18 6
2015 09 19 13 08 57.760 -30.525 -72.198 10 6
2015 09 21 05 39 34.00 -31.58 -71.74 30 6
2015 09 21 05 39 34.910 -31.575 -71.743 30 6
2015 09 21 17 40 00.60 -31.727 -71.379 35 6
2015 09 21 18 36 53.520 -31.045 -71.82 26.95 6
2015 09 21 19 56 08.00 -31.78 -71.64 28.4 6
2015 09 21 19 56 08.690 -31.781 -71.64 28.36 6
2015 09 22 07 13 00.00 -31.44 -71.26 58 6
2015 09 22 07 13 00.520 -31.444 -71.265 58 6
2015 09 26 02 51 18.830 -30.814 -71.321 46 6
2015 09 28 15 28 05.00 -23.8 -66.6 219 6
2015 09 28 15 28 05.790 -23.802 -66.612 219 6
2015 10 03 06 26 55.780 -30.301 -71.551 38 6
2015 10 09 18 27 36.650 -31.732 -71.732 35 6
2015 10 12 03 15 19.160 -31.184 -71.822 21 6
2012 01 30 05 10 59.460 -14.213 -75.658 34.2 6
2012 03 26 16 58 12.810 -30.103 60.631 21.2 6
2012 06 07 16 03 18.520 -15.911 -72.472 106.7 6
2012 07 02 23 31 37.670 -14.49 -75.66 38.1 6
2012 07 11 20 52 38.950 -15.427 -75.545 26 6
2012 07 26 05 33 33.860 -17.55 66.29 16.2 6
2012 08 11 12 23 17.670 38.402 46.838 8.7 6
2012 08 11 12 34 36.600 38.379 46.795 18.9 6
2012 09 30 16 31 34.70 1.907 -76.371 155.2 6
2012 11 10 14 57 50.210 -8.936 -75.088 128.6 6
2012 11 21 21 36 22.210 -33.966 -72.14 17.4 6
2013 06 24 22 04 14.180 10.69 -42.668 17.5 6
2013 07 02 07 37 05.90 4.69 96.582 25.4 6
2013 07 10 14 32 12.980 -19.341 -69.3 111.7 6
2013 07 15 14 03 41.730 -61.052 -25.227 19.9 6
2013 07 16 19 41 54.630 -63.329 -62.592 13.3 6
2013 07 17 02 37 43.740 -15.666 -71.745 13 6
2013 07 26 21 33 00.60 -58.035 -24.28 17 6
2013 08 17 16 32 31.830 -34.886 54.127 10.9 6
2013 09 24 11 29 48.230 26.91 65.531 15.5 6
2013 09 24 13 01 39.40 27.309 65.674 11.3 6
2013 09 25 16 42 43.180 -15.9 -74.601 38.2 6
2013 09 28 07 34 07.460 27.161 65.619 18.7 6
2013 10 02 01 06 38.640 11.246 57.598 16.3 6
2013 10 04 17 26 14.250 -38.707 78.5 11 6
2013 10 12 02 10 28.910 10.835 -62.302 82.1 6
2013 10 12 13 11 53.650 35.527 23.371 46.9 6
2013 10 29 10 37 56.300 -61.715 154.829 10 6
2013 10 30 02 51 49.440 -35.401 -73.151 11.9 6
2013 10 31 23 03 58.620 -30.313 -71.501 19.8 6
2013 11 13 23 45 48.200 -60.309 -47.287 10 6
2013 11 16 03 34 34.790 -60.307 -47.199 24 6
2013 11 16 08 35 06.10 -60.347 -46.376 13.7 6
2015 11 07 07 04 31.380 -29.464 -72.301 13 6
2015 11 08 08 13 37.360 -17.319 -69.428 159.86 6
2015 11 17 07 10 07.300 38.67 20.6 11 6
2015 11 17 17 29 36.290 40.376 73.203 18 6
2015 11 21 23 05 30.650 -30.575 -71.767 27 6
2015 11 22 18 16 04.710 36.434 71.423 102 6
2015 11 24 22 45 38.880 -10.537 -70.943 606.21 6
2015 11 24 22 50 54.370 -10.059 -71.018 620.56 6
2015 11 26 05 45 18.400 -9.182 -71.257 602.75 6
2015 12 10 00 09 32.810 -35.883 -73.276 10 6
2015 12 28 06 55 29.880 14.657 -61.345 150 6
2016 01 12 09 45 11.430 -31.338 58.191 10 6
2016 01 12 20 04 59.710 36.592 70.948 239 6
2016 01 14 03 25 28.270 -19.759 -63.328 582.56 6
2016 01 20 17 13 13.680 37.675 101.65 9 6
2016 01 22 20 51 47.420 28.316 55.309 26.81 6
2016 01 25 04 22 02.730 35.649 -3.681 12 6
2016 08 29 04 29 57.880 -0.047 -17.829 10 6
2016 08 30 08 09 09.830 -34.898 -72.529 19.17 6
2016 08 30 15 46 02.260 -55.301 -30.364 10 6
2016 09 02 01 57 50.600 -55.329 -30.917 8 6
2016 09 08 21 46 20.100 -54.613 158.712 10 6
2016 09 09 00 03 44.950 -31.377 -65.825 157.56 6
2016 09 10 10 08 20.20 -5.573 -76.953 121 6
2016 09 22 16 07 27.170 -59.472 -27.488 8 6
2016 10 18 22 08 14.350 15.217 -61.491 146 6
2016 12 06 22 03 33.390 5.283 96.167 13 6
2016 12 18 13 30 11.430 -9.966 -70.969 622.53 6
2016 12 25 14 22 27.30 -43.405 -73.94 38 6
2016 12 27 23 20 56.110 45.719 26.523 97 6
2016 12 29 22 30 19.300 -9.027 118.663 79 6
2017 01 02 13 13 48.710 -4.895 -76.367 106 6
2017 01 06 06 30 35.480 -22.319 -67.795 172 6
2017 01 11 21 58 18.410 -22.821 -69.803 72 6
2017 01 16 12 42 10.680 3.304 98.476 6 6
2017 02 07 22 03 55.700 25.201 63.257 24.05 6
2017 02 18 12 10 17.970 -23.861 -66.659 222 6
2017 02 21 14 09 04.320 -19.281 -63.904 595.98 6
2017 03 02 11 07 27.00 37.579 38.44 10 6
2017 03 07 15 45 39.560 -6.261 102.187 10 6
2017 03 14 02 51 16.850 6.129 92.316 10 6
2017 04 05 06 09 12.460 35.799 60.436 13 6
2017 04 23 02 36 07.840 -33.036 -72.006 21 6
2017 04 23 19 40 10.760 -33.008 -72.113 20 6
2017 04 24 21 38 30.840 -33.029 -72.045 28 6
2017 04 28 15 30 06.260 -33.231 -71.975 22 6
2017 04 28 16 05 57.170 -33.13 -71.786 28 6
2017 04 29 10 02 12.520 -9.685 111.859 10 6
2017 05 02 15 10 22.350 -11.728 -13.919 10 6
2017 05 05 05 09 35.920 39.466 71.433 10 6
2017 05 10 23 23 37.270 -56.427 -25.782 17.39 6
2017 05 14 19 44 23.800 -20.928 -68.734 124.45 6
2017 05 29 14 57 53.850 -37.341 -71.657 80.7 6
2017 05 30 11 29 51.790 -58.644 -26.131 78.18 6
2017 06 03 19 17 33.950 -62.579 155.834 10 6
2017 06 12 02 43 26.880 -31.502 -71.747 27 6
2017 06 12 12 28 39.70 38.915 26.371 12 6
2013 10 13 17 32 45.880 3.966 95.923 52.8 6
2012 02 04 13 09 25.290 12.026 125.925 27.1 6
2012 02 04 21 50 51.380 13.089 57.587 14.4 6
2012 02 06 03 49 13.920 9.919 123.216 17.5 6
2012 02 06 04 20 01.100 10.053 123.201 18.4 6
2012 02 06 10 10 19.820 9.899 123.174 12.6 6
2012 02 06 11 33 38.120 9.809 123.088 23.4 6
2012 02 09 08 49 28.650 -56.406 -25.989 33 6
2012 02 09 18 52 48.610 -58.327 158.046 10 6
2012 02 10 05 34 06.880 -0.353 132.708 27.5 6
2012 02 11 02 58 21.720 -37.355 -73.327 28.5 6
2012 02 11 07 06 50.80 -0.968 126.905 29.3 6
2012 02 22 10 45 24.240 -5.187 133.665 31.7 6
2012 02 23 05 08 12.990 -17.769 -13.2 10 6
2012 02 26 02 35 00.840 22.722 120.82 30.3 6
2012 02 26 06 17 19.920 51.8 95.98 13 6
2012 03 05 07 46 09.330 -28.257 -63.291 551.9 6
2012 03 08 22 50 07.320 39.412 81.258 33.2 6
2012 03 12 06 06 43.350 36.755 73.149 29.8 6
2012 03 17 17 00 58.200 3.769 63.496 14.8 6
2012 03 25 22 37 06.560 -35.203 -72.126 28.2 6
2012 04 10 05 09 08.410 -1.199 -14.036 9.7 6
2012 04 11 08 38 37.800 2.237 93.014 26.3 6
2012 04 11 10 43 10.530 0.767 92.428 21.6 6
2012 04 11 11 53 37.380 2.928 89.515 17.3 6
2012 04 11 13 58 08.750 1.512 90.807 27.6 6
2012 04 11 19 04 21.730 1.144 92.009 25.8 6
2012 04 14 10 56 18.310 -57.575 -65.372 8.4 6
2012 04 14 19 26 42.380 -6.856 105.349 58.1 6
2012 04 15 05 57 40.120 2.581 90.335 25 6
2012 04 16 02 17 52.570 -2.633 121.892 27.9 6
2012 04 17 03 50 15.280 -32.637 -71.564 29.7 6
2012 04 17 19 03 57.120 -59.187 -16.807 13.6 6
2012 04 20 22 19 46.430 3.23 93.763 21.6 6
2012 04 20 22 28 58.780 3.253 93.768 18.4 6
2012 04 20 23 14 31.960 2.174 93.376 32.7 6
2012 04 21 01 16 53.670 -1.694 134.322 24.4 6
2012 04 21 01 19 28.650 -35.33 -16.112 12 6
2012 04 23 21 21 45.870 0.356 125.388 56.6 6
2012 04 24 09 50 59.280 5.698 61.556 10.7 6
2012 04 24 14 57 12.100 8.866 93.878 22.8 6
2012 04 25 07 42 24.480 9.009 93.909 16 6
2012 04 29 08 09 06.70 2.688 94.473 22 6
2012 04 30 07 39 43.550 -29.858 -71.662 24 6
2012 04 30 08 00 10.460 1.708 89.591 14.6 6
2012 05 02 12 17 59.510 -54.589 144.201 11 6
2012 05 07 04 40 28.430 41.522 46.765 17.4 6
2012 05 09 14 49 50.990 -0.987 -13.553 8.8 6
2012 05 12 23 28 43.850 38.655 70.372 13.1 6
2012 05 13 01 19 10.460 -3.37 89.366 13.6 6
2012 05 14 10 00 39.800 -17.796 -69.792 108.7 6
2012 05 19 08 35 09.590 -25.788 -70.799 22.1 6
2012 05 20 02 03 53.990 44.873 11.222 17.7 6
2012 05 22 00 00 32.470 42.62 23.007 10.8 6
2012 05 23 22 59 54.180 -50.492 139.591 19.1 6
2012 05 23 23 19 19.270 -50.465 139.804 10 6
2012 05 24 22 47 46.470 73.027 5.505 8.2 6
2012 05 28 05 07 23.520 -28.021 -63.113 591.1 6
2012 05 28 11 50 55.880 -28.091 -63.165 594 6
2012 05 29 07 00 04.540 44.845 11.056 14.3 6
2012 05 29 10 55 57.930 44.872 10.957 13 6
2012 06 01 05 07 01.640 -77.188 -148.867 7.8 6
2012 06 02 07 52 54.600 -22.101 -63.657 539.4 6
2012 06 04 11 18 15.700 -7.644 106.405 74.9 6
2012 06 06 01 08 35.660 22.377 121.519 29.4 6
2012 06 07 04 05 04.70 -36.051 -70.854 5.8 6
2012 06 09 21 00 17.970 24.527 122.327 74.3 6
2012 06 10 12 44 16.360 36.384 28.967 32 6
2012 06 11 05 29 12.90 36.077 69.294 19.8 6
2012 06 14 20 17 24.350 1.329 126.823 61 6
2012 06 15 01 14 10.440 5.689 126.458 67.5 6
2012 06 16 22 18 49.330 15.542 119.603 44.9 6
2012 06 22 04 31 16.560 -54.301 158.956 6.5 6
2012 06 23 04 34 53.600 3.002 97.911 101.9 6
2012 06 24 07 59 35.630 27.73 100.75 16.8 6
2012 06 29 15 31 47.260 -24.738 -9.681 14.2 6
2012 06 29 21 07 32.950 43.433 84.612 17.1 6
2012 07 01 04 13 51.780 25.601 94.705 56.4 6
2012 07 09 13 55 00.610 35.596 28.948 56.7 6
2012 07 12 14 00 34.190 36.51 70.871 197.2 6
2012 07 19 07 36 35.390 37.227 71.367 100.6 6
2012 07 25 00 27 45.820 2.625 96.11 28.6 6
2012 07 29 02 21 12.950 22.926 94.278 81.1 6
2012 08 21 17 39 38.990 -0.111 91.983 19.3 6
2012 08 30 12 18 42.90 -50.304 114.166 5.7 6
2012 09 03 18 23 08.350 -10.677 113.964 34.8 6
2012 09 07 03 19 43.70 27.484 104.05 14.5 6
2012 09 14 04 51 48.60 -3.3 100.67 23.3 6
2012 09 15 16 32 24.140 -10.736 113.934 29.3 6
2012 10 08 11 43 34.100 -4.541 129.234 29.6 6
2012 10 17 04 42 31.60 4.179 124.561 338.4 6
2012 10 18 01 27 16.90 -54.305 144.208 11.3 6
2012 10 19 10 13 55.100 -9.296 67.069 10 6
2012 11 06 01 36 22.250 1.299 122.248 31.9 6
2012 11 06 01 42 28.900 1.345 122.241 59.3 6
2012 11 06 06 17 28.600 9.967 57.182 15.3 6
2012 11 11 01 12 39.150 22.89 95.848 14.2 6
2012 11 11 10 54 43.440 22.699 95.765 17.5 6
2012 11 11 18 19 44.670 23.198 95.799 19.8 6
2012 11 14 19 02 05.690 -29.178 -71.386 61.5 6
2012 11 22 13 07 11.880 -22.7 -63.626 535.3 6
2012 11 27 02 59 09.860 -2.943 129.226 34.6 6
2012 12 10 16 53 09.490 -6.496 129.868 161.5 6
2012 12 11 06 18 28.980 0.56 126.223 43.8 6
2012 12 17 09 16 31.250 -0.693 123.883 46.4 6
2012 12 22 16 41 46.170 22.467 94.715 141.2 6
2012 12 23 13 31 40.320 42.44 41.057 12.9 6
2012 12 29 17 50 52.580 35.665 70.563 117.8 6
2013 01 08 14 16 09.590 39.668 25.537 11.1 6
2013 01 09 01 41 53.60 25.322 95.008 92.6 6
2014 01 23 00 52 15.700 -7.134 120.294 590 6
2014 01 25 05 14 20.520 -8.044 109.222 87.8 6
2014 01 26 13 55 43.330 38.191 20.507 13.8 6
2014 01 27 16 42 37.520 -19.234 -63.943 599.3 6
2014 02 01 03 58 45.70 -56.933 -27.345 142.9 6
2014 02 03 03 08 46.330 38.255 20.436 14.5 6
2014 02 03 22 36 40.710 -7.243 128.224 24.4 6
2014 02 08 19 50 34.430 -60.424 -45.331 10 6
2014 02 10 12 06 46.720 40.268 48.761 62.9 6
2014 03 02 20 11 22.710 27.423 127.327 118.9 6
2014 03 04 10 51 14.920 -33.617 -71.987 17 6
2014 03 11 02 44 06.280 -60.843 -20.118 10 6
2014 03 14 13 38 09.240 7.689 94.225 29.7 6
2014 03 14 20 32 09.680 -53.559 25.342 10 6
2014 03 15 09 37 28.980 -4.004 100.373 25.1 6
2014 03 16 21 16 28.980 -19.905 -70.615 9.4 6
2014 03 17 13 24 49.910 -53.199 -32.448 10 6
2014 03 19 20 17 44.680 -60.737 -25.538 19 6
2014 03 21 13 41 09.860 7.68 94.225 19.3 6
2014 03 21 14 11 15.400 7.561 94.256 17.7 6
2014 03 21 14 25 10.410 7.463 94.212 16.6 6
2014 03 27 23 50 51.80 -29.142 -68.828 3.7 6
2014 03 29 07 46 49.670 -0.871 -21.824 10 6
2014 04 01 23 13 05.420 -46.802 -10.604 10 6
2014 04 01 23 46 47.380 -19.619 -70.787 17.1 6
2014 04 03 01 58 29.40 -20.364 -70.5 10.6 6
2014 04 03 02 43 14.260 -20.588 -70.49 12 6
2014 04 03 05 26 13.640 -20.749 -70.54 13 6
2014 04 03 09 30 22.940 -5.321 102.166 29 6
2014 04 04 01 37 51.480 -20.607 -70.533 19.3 6
2014 04 04 20 08 06.610 37.253 23.773 111.1 6
2014 04 05 02 22 39.00 -32.712 -71.389 40.1 6
2014 04 11 00 01 43.940 -20.695 -70.661 10.4 6
2014 04 15 03 57 01.840 -53.609 8.709 10 6
2014 04 17 04 38 18.170 4.513 122.993 578.9 6
2014 04 18 07 46 57.130 -27.733 -62.811 610.4 6
2014 04 21 20 45 24.320 17.351 120.029 30.2 6
2014 05 01 14 35 38.700 1.965 97.954 50.3 6
2014 05 02 08 43 36.640 -3.857 127.437 48.6 6
2014 05 10 02 42 11.580 -8.166 117.534 232.8 6
2014 05 14 03 38 22.20 -22.736 -66.583 223.3 6
2014 05 15 10 16 44.180 9.349 122.035 30.1 6
2014 05 16 17 08 32.220 -23.472 -68.615 104.7 6
2014 05 17 21 28 19.260 -56.265 -27.55 112 6
2014 05 18 01 02 31.860 4.24 92.737 32.9 6
2014 06 13 19 30 31.450 -46.109 -13.951 13.4 6
2014 06 14 03 58 41.940 36.452 70.73 204.8 6
2014 06 14 11 11 03.260 -10.113 91.038 23.1 6
2014 06 29 07 52 56.840 -55.475 -28.395 15.1 6
2014 06 29 14 20 40.450 -55.459 -28.21 30.9 6
2014 06 29 14 32 49.770 -55.418 -28.224 11.9 6
2014 06 30 01 46 23.260 0.039 -17.324 14.3 6
2014 07 02 05 53 29.200 -62.301 155.186 10 6
2014 07 02 05 53 34.200 -62.31 154.99 12 6
2014 07 04 21 08 45.320 35.078 -34.904 10 6
2014 07 05 09 39 27.790 1.933 96.938 20 6
2014 07 05 09 39 30.100 1.808 96.413 33 6
2014 07 12 17 49 17.150 -55.416 -27.97 6 6
2014 07 12 18 20 37.660 -55.341 -27.918 10 6
2014 07 14 05 05 03.200 -8.818 111.252 52.5 6
2014 07 14 05 05 07.200 -9.09 111.31 60.8 6
2014 07 19 14 14 02.290 11.709 57.957 10 6
2014 07 26 11 13 45.800 -60.161 -18.931 0 6
2014 07 30 01 32 10.330 26.38 53.516 12.5 6
2014 07 31 13 40 59.500 12.388 95.192 12 6
2014 08 01 04 11 17.650 36.889 3.21 15 6
2014 08 02 10 33 30.400 -9.1 67.1 17.8 6
2014 08 02 14 02 18.200 -55.568 -28.45 10 6
2014 08 03 08 30 14.300 27.217 103.458 28 6
2014 08 06 11 45 22.680 -7.274 128.036 10 6
2014 08 06 11 45 28.700 -7.13 127.92 19.5 6
2014 08 10 13 33 19.800 5.9 127.08 75 6
2014 08 13 10 07 28.180 0.837 -26.686 10 6
2014 08 18 02 32 04.100 32.711 47.638 10 6
2014 08 18 05 25 52.800 32.752 47.739 14.1 6
2014 08 18 18 08 22.750 32.582 47.703 5 6
2014 08 20 10 14 16.500 32.593 47.772 14.1 6
2014 08 23 04 45 32.600 -20.08 -68.93 102 6
2014 08 23 22 32 23.320 -32.695 -71.441 32 6
2014 08 24 20 21 23.550 -55.323 -28.515 10.5 6
2014 08 29 03 45 04.800 36.779 23.761 87 6
2014 08 30 15 29 50.220 43.731 -28.543 10 6
2014 09 10 02 46 08.190 -0.224 125.026 39.9 6
2014 09 10 05 16 54.420 -0.195 125.102 40.5 6
2014 09 22 16 01 42.750 -56.037 -27.829 116.8 6
2014 09 24 11 16 13.260 -23.784 -66.588 204.5 6
2014 09 25 02 31 57.730 27.28 65.777 51.1 6
2014 09 26 04 21 24.150 12.515 95.167 20.7 6
2014 09 30 16 45 57.600 1.538 67.688 13.1 6
2014 10 07 13 49 41.780 23.343 100.5 12.8 6
2014 11 21 10 10 20.780 2.27 127.03 45.2 6
2014 12 01 22 47 27.360 1.56 67.713 14 6
2014 12 02 05 11 31.00 6.157 123.126 614 6
2014 12 03 00 27 04.430 -2.932 122.423 10 6
2014 12 03 00 27 06.100 -2.79 122.336 34 6
2014 12 05 18 43 46.290 23.336 100.473 11 6
2014 12 06 10 20 01.520 23.357 100.533 10 6
2014 12 06 22 05 10.730 -6.11 130.482 116 6
2014 12 09 03 09 22.520 1.537 126.232 40.7 6
2014 12 10 21 03 39.260 25.54 122.45 256 6
2014 12 11 13 53 29.350 -56.751 -25.424 10 6
2014 12 17 06 10 05.700 -3.829 100.143 10 6
2014 12 19 14 41 44.600 6.876 94.624 37 6
2014 12 21 11 34 14.500 2.051 126.544 71 6
2014 12 24 01 58 01.740 -56.394 147.336 4 6
2014 12 29 09 29 37.390 8.634 121.521 8 6
2014 12 29 17 41 50.900 -56.85 -25.288 33 6
2014 12 31 09 26 25.70 13.767 120.715 134.5 6
2015 01 19 17 19 47.420 4.627 119.775 21.3 6
2015 01 27 00 53 21.470 1.289 97.253 27.9 6
2015 02 02 10 49 48.440 -32.648 -67.15 172.7 6
2015 02 11 13 01 15.460 -23.509 -66.777 198.8 6
2015 02 11 18 57 20.460 -23.065 -66.662 203.6 6
2015 02 13 18 48 17.780 52.64 -31.964 12.1 6
2015 02 13 18 59 13.510 52.509 -32.02 16.9 6
2015 02 13 20 06 32.470 22.61 121.444 30.5 6
2015 02 16 22 00 54.320 -55.518 -28.229 18.1 6
2015 02 25 01 31 44.510 6.049 119.888 27.5 6
2015 02 27 13 45 05.640 -7.358 122.49 559.1 6
2015 03 01 03 32 36.530 0.031 124.412 89.9 6
2015 03 03 10 37 31.380 -0.719 98.754 33.5 6
2015 03 17 22 12 30.280 1.671 126.433 55.7 6
2015 03 18 18 27 28.660 -36.111 -73.689 9.7 6
2015 03 23 04 51 37.830 -18.354 -69.188 127.1 6
2015 03 23 10 13 51.340 23.713 121.715 40.4 6
2015 03 28 16 36 53.550 -22.178 -68.534 107.8 6
2015 03 28 22 28 51.790 0.373 121.999 128.8 6
2015 03 29 07 50 54.820 1.693 126.49 45.5 6
2015 03 30 10 34 53.490 -39.471 78.072 10 6
2015 04 15 07 39 27.180 39.734 106.388 8.2 6
2015 04 16 18 07 43.610 35.195 26.837 22.6 6
2015 04 17 02 05 41.390 35.114 26.741 17.9 6
2015 04 20 01 42 58.10 24.057 122.431 28.1 6
2015 04 20 09 05 33.740 -5.604 102.586 21.8 6
2015 04 20 12 00 00.260 23.981 122.52 31.4 6
2015 04 25 06 11 26.630 28.13 84.716 13.4 6
2015 04 25 06 45 21.360 28.16 84.843 14.7 6
2015 04 25 09 17 02.270 28.348 87.287 9.3 6
2015 04 26 07 09 09.310 27.736 85.978 13.4 6
2015 04 30 10 19 09.810 -60.38 -26.983 19 6
2015 05 05 02 03 18.830 32.261 -6.16 14 6
2015 05 08 03 12 20.700 1.523 97.839 45.5 6
2015 05 12 07 05 18.830 27.801 86.126 12.3 6
2015 05 12 07 36 53.300 27.524 86.141 13.8 6
2015 05 15 20 26 55.950 -2.566 102.223 158.5 6
2015 05 18 04 02 45.550 -41.532 80.247 10.2 6
2015 05 20 17 20 45.200 1.857 126.413 53.5 6
2015 05 24 04 53 23.400 -16.814 -14.261 11.7 6
2015 05 24 21 06 42.00 -59.622 -26.282 49.7 6
2015 05 26 10 32 01.830 -22.001 -68.437 120 6
2015 05 29 08 40 13.280 -47.481 100.072 11 6
2015 06 04 23 15 45.200 6.043 116.665 18.1 6
2015 06 05 14 54 00.630 -37.204 78.045 9 6
2015 06 10 13 52 08.660 -22.409 -68.451 121.8 6
2015 06 15 17 40 58.620 -9.528 125.071 34.7 6
2015 06 17 12 51 35.660 -35.37 -17.809 27.1 6
2015 06 20 02 10 07.650 -36.334 -73.667 17.4 6
2015 06 20 05 32 08.330 -59.638 -26.544 53.6 6
2015 06 27 15 34 02.630 28.964 34.703 14.4 6
2015 06 29 22 07 47.330 36.639 71.382 188.3 6
2015 07 01 18 24 41.60 -60.445 -35.313 10 6
2015 07 03 01 07 46.210 37.47 78.12 19 6
2015 07 03 03 16 35.940 11.334 94.951 17.1 6
2015 07 03 06 43 22.840 10.138 125.977 50.8 6
2015 07 16 15 16 32.980 13.8 -58.57 19.4 6
2015 07 24 21 44 42.180 -8.12 109.007 88.6 6
2015 07 26 07 05 09.640 -9.185 112.689 71.6 6
2015 08 10 10 05 25.350 36.484 71.253 226 6
2015 08 13 10 39 54.310 -37.022 77.953 15.4 6
2015 08 13 11 28 16.310 -36.942 78.312 15 6
2015 08 14 18 03 03.330 21.014 -45.823 15.5 6
2015 08 17 16 16 59.640 13.739 51.735 11.4 6
2015 08 20 11 00 10.850 0.553 126.567 67.1 6
2015 08 23 23 10 04.50 -29.713 -71.34 34.7 6
2015 08 26 13 51 37.410 -57.545 -25.841 47.3 6
2015 10 05 16 33 26.780 -30.303 -71.531 34 6
2015 10 10 08 56 05.410 -60.716 -20.849 10 6
2015 10 17 11 33 08.00 -25.47 -64.48 17 6
2015 10 17 11 33 08.950 -25.467 -64.483 17 6
2015 10 19 13 50 41.620 13.865 120.617 106 6
2015 10 20 20 33 12.00 -57.43 -65.89 9.1 6
2015 10 20 20 33 12.60 -57.433 -65.887 9.08 6
2015 10 23 01 40 06.320 -54.225 6.165 11 6
2015 10 23 04 04 18.00 -45.81 37.17 10 6
2015 10 23 04 04 18.140 -45.814 37.171 10 6
2015 10 26 09 09 32.20 36.459 70.684 206.94 6
2015 10 26 09 09 42.560 36.524 70.367 231 6
2015 11 01 15 16 17.480 -23.246 -68.416 111 6
2015 11 01 21 09 40.750 22.754 121.656 7 6
2015 11 03 21 25 02.10 -8.282 124.906 10.27 6
2015 11 04 03 44 15.190 -8.338 124.875 20 6
2015 11 07 07 31 43.870 -30.879 -71.451 46 6
2015 11 07 10 53 44.160 -30.722 -71.39 42 6
2015 11 08 09 34 57.310 0.786 98.89 69 6
2015 11 08 10 42 01.590 6.878 94.545 8 6
2015 11 08 16 47 02.160 6.843 94.648 10 6
2015 11 09 08 12 46.20 6.407 94.801 10 6
2015 11 11 01 54 38.570 -29.506 -72.006 12 6
2015 11 11 02 46 19.830 -29.509 -72.058 10 6
2015 11 11 11 45 23.890 -8.941 110.218 83.02 6
2015 11 11 23 36 19.200 -7.249 128.93 126 6
2015 11 13 06 04 17.180 -29.849 -64.498 27 6
2015 11 25 18 57 41.590 1.43 126.29 33.16 6
2015 11 27 21 00 22.920 -24.828 -70.6 34 6
2015 11 29 18 52 49.490 -23.559 -64.652 11 6
2015 11 29 18 56 21.610 -23.477 -64.586 10 6
2015 11 30 20 19 05.270 -8.791 67.696 10 6
2015 12 04 22 25 00.110 -47.616 85.091 35 6
2015 12 07 07 50 05.950 38.21 72.779 22 6
2015 12 08 12 56 07.420 -30.809 -71.751 25 6
2015 12 09 10 21 48.530 -4.106 129.507 21 6
2015 12 10 12 05 14.730 -58.88 -23.906 10 6
2015 12 19 15 03 36.10 -8.368 107.022 27 6
2015 12 19 19 25 05.560 -30.605 -71.305 48.34 6
2015 12 20 18 47 36.610 3.645 117.635 14 6
2015 12 23 16 55 09.460 -54.175 -1.494 10 6
2015 12 24 23 10 58.170 -7.218 128.977 119 6
2015 12 25 19 14 47.190 36.493 71.126 206 6
2016 01 01 02 00 39.950 -50.557 139.448 10 6
2016 01 03 23 05 22.00 24.83 93.66 55 6
2016 01 03 23 05 22.270 24.803 93.65 55 6
2016 09 23 23 11 20.810 45.727 26.609 92 6
2016 10 06 15 51 59.200 22.627 121.434 14 6
2016 10 15 20 14 49.730 39.806 20.646 22 6
2016 10 17 07 14 49.190 32.906 94.879 23.32 6
2016 10 19 00 26 01.90 -4.862 108.162 614 6
2016 10 20 00 09 26.500 13.311 -44.877 10 6
2016 11 16 15 10 10.980 -9.027 113.245 85 6
2016 11 25 14 24 30.590 39.23 74.02 17 6
