2019 01 06 17 27 20.840 2.215 126.74 60 6
2018 12 04 06 20 28.620 -56.227 -124.14 10 6
2018 12 05 17 12 13.720 -33.672 -71.654 37.52 6
2018 12 12 13 13 56.150 -55.676 -128.683 10 6
2018 12 01 13 27 21.80 -7.384 128.706 136 6
2018 12 06 01 02 46.320 -8.391 116.006 12 6
2018 12 11 02 26 32.730 -58.598 -26.465 164.66 6
2018 12 16 14 26 19.620 -23.322 112.497 10 6
2019 01 05 19 25 38.580 -8.148 -71.583 571.18 6
2019 01 06 13 41 59.70 34.125 45.673 14 6
2019 01 18 21 27 01.400 -3.304 -76.851 103 6
2019 01 20 01 32 51.480 -30.073 -71.423 53.04 6
2019 01 22 05 10 03.670 -10.466 119.03 27.01 6
2019 01 22 19 01 43.580 -43.115 42.324 13 6
2019 01 23 11 39 01.330 -10.306 118.928 15.29 6
