2010 04 13 23 49 30.380 33.1928 96.7466 13.8 6
2013 02 14 13 13 51.740 67.5173 142.702 8.9 6
2013 09 25 16 42 37.886 -15.9001 -74.6012 38.2 6
2013 09 07 0 13 24.112 14.6678 -92.0911 74.1 6
2011 05 14 21 7 7.403 36.4257 70.7231 207.6 6
2013 10 01 3 38 21.148 53.1368 152.896 578.4 6
2014 03 15 23 51 27.935 -5.6717 -80.9351 26.5 6
2014 03 22 12 59 54.682 -19.8225 -70.9441 4.4 6
2010 05 06 2 42 33.522 -18.0961 -70.5865 46.8 6
2014 03 17 5 11 31.850 -20.06 -70.8284 5.3 6
2009 11 13 3 5 40.740 -19.469 -70.4181 36 6
2010 05 23 22 46 43.961 -14 -74.4319 102.6 6
2009 11 17 15 30 46.247 51.9622 -131.598 8.7 6
2013 02 09 14 15 54.138 1.0345 -77.462 144.2 6
2011 04 07 13 11 22.619 17.2651 -94.1439 165.1 6
2012 11 15 9 20 13.646 18.1995 -100.525 57.9 6
2014 01 13 4 0 52.927 18.9922 -66.8685 30.9 6
2014 04 01 23 46 32.379 -19.6193 -70.7877 17.1 6
2010 02 27 15 45 20.295 -24.7957 -65.4619 31.8 6
2009 10 22 19 51 19.579 36.5187 71.0121 188.6 6
2013 09 05 4 1 34.821 15.2518 -45.2139 10.4 6
2010 03 04 22 39 17.108 -22.2651 -68.4579 108.4 6
2013 09 24 11 29 40.431 26.9109 65.5315 15.5 6
2010 03 30 16 54 34.456 13.6128 92.8746 38.5 6
2013 07 22 7 1 29.119 -46.0946 34.8615 3.2 6
2014 04 10 23 27 33.495 12.4342 -86.3301 12.6 6
2014 04 03 2 43 9.232 -20.5887 -70.4905 12 6
