2014 01 04 00 11 50.490 -20.674 -70.642 25.6 6
2014 01 05 03 36 38.10 4.609 -76.686 32.8 6
2014 01 08 04 22 11.130 -20.76 -70.62 28.3 6
2014 01 13 04 01 04.530 18.992 -66.868 30.9 6
2014 01 18 05 00 43.450 28.942 142.323 18.3 6
2014 01 21 10 50 00.70 49.062 156.271 34.0 6
2014 01 23 00 52 15.700 -7.134 120.294 590.0 6
2014 01 25 05 14 20.520 -8.044 109.222 87.8 6
2014 01 26 13 55 43.330 38.191 20.507 13.8 6
2014 01 27 16 42 37.520 -19.234 -63.943 599.3 6
2014 01 29 10 01 50.430 -18.553 -69.424 116.7 6
2014 02 01 03 58 45.70 -56.933 -27.345 142.9 6
2014 02 03 03 08 46.330 38.255 20.436 14.5 6
2014 02 03 22 36 40.710 -7.243 128.224 24.4 6
2014 02 08 19 50 34.430 -60.424 -45.331 10.0 6
2014 02 12 09 19 48.420 35.876 82.58 4.1 6
2014 02 12 11 43 10.290 -22.327 -68.727 96.0 6
2014 02 17 05 56 00.590 18.482 120.455 28.6 6
2014 02 18 09 27 14.830 14.596 -58.971 28.3 6
2014 02 18 23 35 58.180 -14.205 -75.662 58.8 6
2014 02 24 23 26 56.220 4.053 62.779 10.0 6
2014 02 24 23 32 48.340 4.102 62.713 12.7 6
2014 03 02 09 37 54.760 12.588 -87.704 70.4 6
2014 03 02 20 11 22.710 27.423 127.327 118.9 6
2014 03 02 22 17 17.210 14.244 -92.992 33.1 6
2014 03 04 10 51 14.920 -33.617 -71.987 17.0 6
2014 03 09 20 29 54.810 1.517 -79.559 25.9 6
2014 03 10 00 38 15.920 15.915 -98.378 17.0 6
2014 03 11 02 44 06.280 -60.843 -20.118 10.0 6
2014 03 13 17 06 51.00 33.622 131.807 83.4 6
2014 03 13 17 12 32.790 -60.791 -19.714 10.0 6
2014 03 14 13 38 09.240 7.689 94.225 29.7 6
2014 03 14 20 32 09.680 -53.559 25.342 10.0 6
2014 03 15 08 59 20.160 -14.101 -76.352 10.0 6
2014 03 15 09 37 28.980 -4.004 100.373 25.1 6
2014 03 15 23 51 32.300 -5.671 -80.935 26.5 6
2014 03 16 21 16 28.980 -19.905 -70.615 9.4 6
2014 03 17 05 11 33.400 -20.06 -70.828 5.3 6
2014 03 17 13 24 49.910 -53.199 -32.448 10.0 6
2014 03 18 21 26 46.280 -19.957 -70.783 7.5 6
2014 03 19 12 19 26.400 23.986 122.321 24.2 6
2014 03 19 20 17 44.680 -60.737 -25.538 19.0 6
2014 03 21 13 41 09.860 7.68 94.225 19.3 6
2014 03 21 14 11 15.400 7.561 94.256 17.7 6
2014 03 21 14 25 10.410 7.463 94.212 16.6 6
2014 03 22 12 59 57.00 -19.822 -70.944 4.4 6
2014 03 22 13 29 59.150 -19.69 -70.891 17.1 6
2014 03 23 18 20 01.190 -19.703 -70.781 13.9 6
2014 03 24 11 26 37.700 -19.846 -70.746 9.8 6
2014 03 24 11 40 43.980 -19.849 -70.833 18.9 6
2014 03 24 15 45 30.700 -19.549 -70.715 12.7 6
2014 03 26 20 47 51.590 1.768 127.524 150.4 6
2014 03 27 23 50 51.80 -29.142 -68.828 3.7 6
2014 03 29 07 46 49.670 -0.871 -21.824 10.0 6
2014 03 31 12 53 05.790 -19.472 -69.033 111.6 6
2014 04 01 23 13 05.420 -46.802 -10.604 10.0 6
2014 04 01 23 46 47.380 -19.619 -70.787 17.1 6
2014 04 01 23 57 56.540 -19.962 -71.017 10.8 6
2014 04 01 23 59 55.510 -19.566 -70.389 10.0 6
2014 04 02 04 46 19.660 -20.081 -70.726 16.1 6
2014 04 02 16 13 26.700 7.851 -82.333 24.6 6
2014 04 03 01 58 29.40 -20.364 -70.5 10.6 6
2014 04 03 02 43 14.260 -20.588 -70.49 12.0 6
2014 04 03 05 26 13.640 -20.749 -70.54 13.0 6
2014 04 03 05 28 50.380 -20.829 -70.576 11.2 6
2014 04 03 05 51 43.330 -20.74 -70.411 21.3 6
2014 04 04 01 37 51.480 -20.607 -70.533 19.3 6
2014 04 04 20 08 06.610 37.253 23.773 111.1 6
2014 04 05 02 22 39.00 -32.712 -71.389 40.1 6
2014 04 07 13 43 21.110 -20.122 -70.849 10.6 6
2014 04 08 10 14 31.610 -20.546 -70.864 4.8 6
2014 04 10 23 27 45.30 12.434 -86.33 12.6 6
2014 04 11 00 01 43.940 -20.695 -70.661 10.4 6
2014 04 11 20 29 13.610 11.719 -86.014 142.3 6
2014 04 15 03 57 01.840 -53.609 8.709 10.0 6
2014 04 17 04 38 18.170 4.513 122.993 578.9 6
2014 04 18 07 46 57.130 -27.733 -62.811 610.4 6
2014 04 18 14 27 24.690 17.321 -100.993 24.4 6
2014 04 18 18 44 18.930 67.677 -162.345 18.4 6
2014 04 18 18 56 47.540 67.705 -162.501 16.7 6
2014 04 19 20 54 43.150 -20.013 -70.939 14.9 6
2014 04 21 20 45 24.320 17.351 120.029 30.2 6
2014 04 24 03 10 11.720 49.648 -127.652 9.8 6
2014 04 26 02 33 34.720 -56.343 -143.691 10.0 6
2014 04 30 15 52 42.910 -1.211 -13.54 13.9 6
2014 05 01 14 35 38.700 1.965 97.954 50.3 6
2014 05 02 08 43 36.640 -3.857 127.437 48.6 6
2014 05 02 09 15 20.210 37.919 144.304 12.4 6
2014 05 04 20 18 25.10 34.878 139.366 161.4 6
2014 05 05 11 08 45.650 19.615 99.703 15.2 6
2014 05 08 17 00 15.920 17.148 -100.811 24.9 6
2014 05 10 02 42 11.580 -8.166 117.534 232.8 6
2014 05 10 07 36 00.600 17.057 -100.932 23.3 6
2014 05 10 14 16 08.740 60.029 -152.235 91.6 6
2014 05 11 12 35 17.550 -47.994 99.77 10.0 6
2014 05 13 06 35 24.530 7.145 -82.24 13.1 6
2014 05 13 14 40 55.650 -56.945 -25.202 19.7 6
2014 05 14 03 38 22.20 -22.736 -66.583 223.3 6
2014 05 15 10 16 44.180 9.349 122.035 30.1 6
2014 05 16 11 01 43.60 17.018 -60.394 25.2 6
2014 05 16 17 08 32.220 -23.472 -68.615 104.7 6
2014 05 17 09 11 06.120 -19.943 -70.829 10.8 6
2014 05 17 21 28 19.260 -56.265 -27.55 112.0 6
2014 05 18 01 02 31.860 4.24 92.737 32.9 6
2014 05 18 10 59 23.780 3.169 93.845 18.0 6
2014 05 19 03 56 45.770 -57.064 -24.977 22.0 6
2014 05 19 22 47 14.560 -57.114 -25.357 15.3 6
2014 05 21 00 21 13.680 23.721 121.468 18.4 6
2014 05 21 10 06 13.830 17.106 -94.985 123.1 6
2014 05 21 16 21 54.220 18.24 88.064 45.1 6
2014 05 22 08 37 58.900 -55.424 -28.433 22.1 6
2014 05 23 20 49 23.680 24.917 97.908 13.5 6
2014 05 24 08 24 46.790 16.486 -98.25 12.3 6
2014 05 24 09 25 03.190 40.276 25.369 8.2 6
2014 05 24 11 49 26.60 0.684 -26.288 10.0 6
2014 05 28 21 15 05.400 18.113 -68.358 99.7 6
2014 05 30 01 20 15.380 24.989 97.898 10.1 6
2014 05 30 15 26 16.280 9.311 126.579 27.4 6
2014 05 30 15 32 27.230 -21.287 -69.997 57.6 6
2014 05 31 11 53 46.850 18.693 -107.492 10.0 6
2014 05 31 19 54 19.420 9.274 126.566 33.1 6
2014 06 01 10 07 13.230 1.981 89.767 23.6 6
2014 06 04 11 58 58.620 59.028 -136.778 12.9 6
2014 06 07 04 43 33.920 67.727 -162.334 13.5 6
2014 06 07 13 11 38.260 50.714 157.054 64.3 6
2014 06 09 21 45 15.110 10.035 122.16 22.3 6
2014 06 13 19 30 31.450 -46.109 -13.951 13.4 6
2014 06 14 03 58 41.940 36.452 70.73 204.8 6
2014 06 14 11 11 03.260 -10.113 91.038 23.1 6
2014 06 14 17 31 41.620 39.449 141.036 94.8 6
2014 06 15 18 19 16.780 36.597 141.749 33.6 6
2014 06 15 20 14 51.240 37.073 141.148 53.9 6
2014 06 16 01 55 47.380 -56.835 -140.912 10.0 6
2014 06 16 06 39 31.520 1.648 -79.384 7.3 6
2014 06 16 12 01 08.720 67.694 -162.146 11.8 6
2014 06 16 14 24 31.940 70.374 -15.187 11.1 6
2014 06 19 09 38 35.160 -19.97 -70.815 5.4 6
2014 06 19 19 54 05.430 -19.81 -70.832 14.9 6
2014 06 20 19 53 32.900 -19.751 -70.921 19.4 6
2014 06 20 20 22 27.640 -19.77 -70.968 14.2 6
2014 06 25 11 52 02.840 13.569 120.583 71.3 6
2014 06 29 05 56 32.860 24.45 142.658 59.8 6
2014 06 29 07 52 56.840 -55.475 -28.395 15.1 6
2014 06 29 14 20 40.450 -55.459 -28.21 30.9 6
2014 06 29 14 32 49.770 -55.418 -28.224 11.9 6
2014 06 30 01 46 23.260 0.039 -17.324 14.3 6
2014 06 30 19 55 33.710 28.39 138.872 527.4 6
2014 07 03 12 05 19.590 55.184 167.059 39.6 6
2014 07 03 12 05 21.950 55.255 166.884 6.0 6
2014 07 04 21 08 45.320 35.078 -34.904 10.0 6
2014 07 05 09 39 27.790 1.933 96.938 20.0 6
2014 07 05 09 39 30.100 1.808 96.413 33.0 6
2014 07 07 11 23 54.780 14.724 -92.461 53.0 6
2014 07 11 19 22 00.820 37.005 142.452 20.0 6
2014 07 11 19 22 05.800 36.97 142.39 12.0 6
2014 07 12 17 49 17.150 -55.416 -27.97 6.0 6
2014 07 12 18 20 37.660 -55.341 -27.918 10.0 6
2014 07 13 20 54 14.560 -20.258 -70.347 33.1 6
2014 07 14 05 05 03.200 -8.818 111.252 52.5 6
2014 07 14 05 05 07.200 -9.09 111.31 60.8 6
2014 07 14 07 59 57.290 5.714 126.477 20.0 6
2014 07 14 08 00 02.100 5.72 126.51 50.0 6
2014 07 17 11 49 33.930 60.299 -140.336 10.0 6
2014 07 19 14 14 02.290 11.709 57.957 10.0 6
2014 07 20 18 32 47.790 44.641 148.783 61.0 6
2014 07 23 21 39 08.470 -20.226 -68.677 118.7 6
2014 07 25 10 54 49.720 58.306 -136.96 10.0 6
2014 07 26 11 13 45.800 -60.161 -18.931 0.0 6
2014 07 27 01 28 41.400 23.86 -45.59 13.7 6
2014 07 28 08 03 08.220 -17.229 66.853 0.0 6
2014 07 29 10 46 13.600 17.81 -95.501 99.0 6
2014 07 30 01 32 10.330 26.38 53.516 12.5 6
2014 07 31 13 40 59.500 12.388 95.192 12.0 6
2014 08 01 04 11 17.650 36.889 3.21 15.0 6
2014 08 02 10 33 30.400 -9.1 67.1 17.8 6
2014 08 02 14 02 18.200 -55.568 -28.45 10.0 6
2014 08 03 00 22 01.730 0.832 146.111 0.0 6
2014 08 03 04 06 03.800 28.057 128.129 23.0 6
2014 08 03 05 57 24.00 29.45 85.638 2.0 6
2014 08 03 08 30 14.300 27.217 103.458 28.0 6
2014 08 03 21 02 46.640 -3.897 -80.781 57.7 6
2014 08 05 10 22 33.980 -26.989 26.704 5.0 6
2014 08 05 10 22 34.300 -26.803 23.902 0.0 6
2014 08 06 11 45 22.680 -7.274 128.036 10.0 6
2014 08 06 11 45 28.700 -7.13 127.92 19.5 6
2014 08 10 03 43 18.150 41.134 142.279 50.6 6
2014 08 10 03 43 19.50 41.2 142.206 55.6 6
2014 08 10 13 33 19.800 5.9 127.08 75.0 6
2014 08 13 00 30 47.210 13.909 144.975 98.0 6
2014 08 13 10 07 28.180 0.837 -26.686 10.0 6
2014 08 18 02 32 04.100 32.711 47.638 10.0 6
2014 08 18 05 25 52.800 32.752 47.739 14.1 6
2014 08 18 18 08 22.750 32.582 47.703 5.0 6
2014 08 19 12 41 34.950 35.81 -97.43 3.9 6
2014 08 20 10 14 16.500 32.593 47.772 14.1 6
2014 08 23 04 45 32.600 -20.08 -68.93 102.0 6
2014 08 23 22 32 23.320 -32.695 -71.441 32.0 6
2014 08 24 20 21 23.550 -55.323 -28.515 10.5 6
2014 08 24 23 21 41.700 -14.52 -73.535 70.0 6
2014 08 24 23 21 43.400 -14.589 -73.45 74.4 6
2014 08 25 14 31 37.280 -16.126 -73.113 62.0 6
2014 08 28 19 14 35.550 32.086 132.068 20.0 6
2014 08 29 03 45 04.800 36.779 23.761 87.0 6
2014 08 29 21 16 44.580 -41.834 84.867 10.0 6
2014 08 30 15 29 50.220 43.731 -28.543 10.0 6
2014 08 30 21 09 23.00 -24.862 22.834 49.9 6
2014 09 01 11 41 09.800 64.685 -17.486 2.2 6
2014 09 07 07 08 01.120 64.545 -17.273 10.0 6
2014 09 10 02 46 08.190 -0.224 125.026 39.9 6
2014 09 10 05 16 54.420 -0.195 125.102 40.5 6
2014 09 16 03 28 30.750 36.065 139.923 56.9 6
2014 09 17 06 14 46.220 13.819 144.472 142.2 6
2014 09 18 04 17 53.420 50.571 150.174 501.9 6
2014 09 21 10 51 47.690 64.525 -17.373 2.6 6
2014 09 21 17 32 04.840 27.997 139.553 493.3 6
2014 09 22 16 01 42.750 -56.037 -27.829 116.8 6
2014 09 24 11 16 13.260 -23.784 -66.588 204.5 6
2014 09 25 02 31 57.730 27.28 65.777 51.1 6
2014 09 25 17 51 17.940 61.986 -151.915 106.9 6
2014 09 26 04 21 24.150 12.515 95.167 20.7 6
2014 09 29 13 43 02.620 64.462 -17.481 10.0 6
2014 09 30 16 45 57.600 1.538 67.688 13.1 6
2014 10 01 03 38 53.300 -6.042 149.561 57.9 6
2014 10 02 12 57 06.130 52.283 158.043 147.6 6
2014 10 03 00 57 30.440 40.189 142.662 33.2 6
2014 10 03 08 05 44.580 11.374 122.147 18.3 6
2014 10 04 19 16 35.620 17.443 -94.774 144.5 6
2014 10 05 07 24 45.620 -49.711 125.871 24.0 6
2014 10 07 10 22 32.200 64.492 -17.368 10.0 6
2014 10 07 13 49 41.780 23.343 100.5 12.8 6
2014 10 08 03 04 07.550 30.298 -41.913 2.8 6
2014 10 11 02 35 48.20 41.061 143.206 26.1 6
2014 10 11 05 20 36.740 41.012 143.174 33.2 6
2014 10 11 16 46 01.180 16.091 -95.664 30.3 6
2014 10 12 05 40 43.650 57.286 -33.316 10.3 6
2014 10 14 03 51 37.110 12.589 -88.072 63.9 6
2014 10 15 23 53 02.320 31.799 140.51 62.8 6
2014 10 20 07 58 53.90 -62.001 161.283 10.0 6
2014 10 20 19 33 21.160 0.75 -77.93 3.1 6
2014 10 21 23 01 18.570 -63.462 170.011 10.0 6
2014 10 22 00 15 17.630 27.461 128.535 46.5 6
2014 10 26 10 45 32.280 -10.565 -74.072 127.3 6
2014 10 30 12 11 36.240 -6.962 117.515 549.2 6
2014 11 03 08 23 55.520 4.65 -32.753 10.0 6
2014 11 03 08 48 29.700 -41.824 80.043 7.4 6
2014 11 07 00 20 48.390 4.836 95.058 51.5 6
2014 11 07 03 33 55.20 -6.027 148.263 53.4 6
2014 11 10 11 38 59.180 -21.581 -68.547 106.1 6
2014 11 15 02 31 42.240 1.834 126.462 47.8 6
2014 11 15 03 08 05.470 -0.194 123.978 99.9 6
2014 11 15 09 47 59.300 1.82 126.513 45.3 6
2014 11 17 16 52 47.640 -46.407 33.701 12.2 6
2014 11 18 03 25 41.40 7.458 94.263 24.5 6
2014 11 18 04 47 19.650 1.879 126.394 48.8 6
2014 11 20 18 14 37.650 23.529 93.521 48.9 6
2014 11 21 03 29 13.670 20.606 120.139 19.1 6
2014 11 21 10 10 20.780 2.27 127.03 45.2 6
2014 11 22 08 55 26.490 30.314 101.803 2.0 6
2014 11 22 13 08 18.340 36.638 137.891 9.9 6
2014 11 22 19 14 17.340 45.856 27.151 35.0 6
2014 11 25 15 19 08.460 30.168 101.782 6.3 6
2014 11 26 14 33 45.180 1.964 126.465 47.7 6
2014 11 26 14 49 51.160 1.906 126.481 40.1 6
2014 11 29 13 05 07.600 5.802 61.275 2.4 6
2014 11 29 19 40 11.790 2.394 126.996 42.5 6
2014 12 01 22 47 27.360 1.56 67.713 14.0 6
2014 12 02 05 11 31.00 6.157 123.126 614.0 6
2014 12 02 05 26 53.600 -6.178 -86.918 574.4 6
2014 12 03 00 27 04.430 -2.932 122.423 10.0 6
2014 12 03 00 27 06.100 -2.79 122.336 34.0 6
2014 12 05 18 43 46.290 23.336 100.473 11.0 6
2014 12 06 10 20 01.520 23.357 100.533 10.0 6
2014 12 06 17 21 49.20 7.982 -82.733 15.0 6
2014 12 06 22 05 10.730 -6.11 130.482 116.0 6
2014 12 07 21 16 31.980 13.974 -90.975 0.0 6
2014 12 08 08 54 52.520 7.94 -82.686 20.0 6
2014 12 09 03 09 22.520 1.537 126.232 40.7 6
2014 12 10 21 03 39.260 25.54 122.45 256.0 6
2014 12 11 13 53 29.350 -56.751 -25.424 10.0 6
2014 12 17 06 10 05.700 -3.829 100.143 10.0 6
2014 12 19 14 41 44.600 6.876 94.624 37.0 6
2014 12 19 19 49 30.80 16.195 -61.809 118.1 6
2014 12 26 23 52 15.160 6.518 -82.346 10.0 6
2014 12 26 23 52 30.900 7.958 -82.291 35.2 6
2014 12 29 17 41 50.900 -56.85 -25.288 33.0 6
2015 01 02 08 21 56.250 6.498 60.437 10.0 6
2015 01 06 22 09 16.630 55.17 163.389 38.7 6
2015 01 07 03 06 41.810 -35.718 -103.687 10.0 6
2015 01 07 05 07 06.240 6.108 -82.657 7.9 6
2015 01 10 02 05 46.950 -5.694 68.373 14.6 6
2015 01 10 19 32 02.650 14.744 120.162 78.4 6
2015 01 12 20 25 14.610 -5.61 133.85 24.9 6
2015 01 17 18 41 43.220 -22.236 -63.129 560.7 6
2015 01 19 17 19 47.420 4.627 119.775 21.3 6
2015 01 27 00 53 21.470 1.289 97.253 27.9 6
2015 01 28 21 08 54.10 40.302 -124.474 17.5 6
2015 01 31 17 30 09.360 -6.862 127.513 342.9 6
2015 02 01 20 02 21.210 -49.372 -8.22 10.0 6
2015 02 02 10 49 48.440 -32.648 -67.15 172.7 6
2015 02 02 15 13 41.700 13.88 124.565 28.2 6
2015 02 05 04 40 53.150 5.249 -82.591 10.0 6
2015 02 08 15 09 08.640 -2.491 119.447 29.5 6
2015 02 11 13 01 15.460 -23.509 -66.777 198.8 6
2015 02 11 18 57 20.460 -23.065 -66.662 203.6 6
2015 02 12 15 50 57.760 19.221 -105.887 30.0 6
2015 02 13 18 48 17.780 52.64 -31.964 12.1 6
2015 02 13 18 59 13.510 52.509 -32.02 16.9 6
2015 02 13 20 06 32.470 22.61 121.444 30.5 6
2015 02 16 22 00 54.320 -55.518 -28.229 18.1 6
2015 02 16 23 06 28.80 39.946 143.177 10.8 6
2015 02 17 02 14 59.650 0.513 126.112 46.2 6
2015 02 17 04 46 39.10 40.084 142.059 50.1 6
2015 02 18 00 48 31.10 8.428 -103.124 19.0 6
2015 02 20 04 25 23.820 39.818 143.615 13.3 6
2015 02 21 10 13 53.900 39.828 143.517 12.2 6
2015 02 22 12 56 24.440 2.743 -76.446 154.8 6
2015 02 22 14 23 13.660 18.559 -106.943 10.0 6
2015 02 24 02 28 54.950 39.604 143.233 27.3 6
2015 02 25 01 31 44.510 6.049 119.888 27.5 6
2015 02 25 07 01 02.230 31.041 141.859 21.1 6
2015 02 27 13 45 05.640 -7.358 122.49 559.1 6
2015 03 01 03 32 36.530 0.031 124.412 89.9 6
2015 03 03 10 37 31.380 -0.719 98.754 33.5 6
2015 03 06 08 22 20.90 -41.316 80.614 13.1 6
2015 03 09 02 48 45.590 6.499 -82.706 14.0 6
2015 03 10 20 55 44.520 6.796 -73.037 162.0 6
2015 03 18 18 27 28.660 -36.111 -73.689 9.7 6
2015 03 23 04 51 37.830 -18.354 -69.188 127.1 6
2015 03 27 21 59 38.200 -1.244 -77.654 190.5 6
2015 03 28 16 36 53.550 -22.178 -68.534 107.8 6
2015 03 28 22 28 51.790 0.373 121.999 128.8 6
2015 03 29 07 50 54.820 1.693 126.49 45.5 6
2015 03 30 10 34 53.490 -39.471 78.072 10.0 6
2015 04 01 09 35 58.900 -6.944 132.52 29.3 6
2015 04 01 16 45 21.630 -10.554 -78.017 48.2 6
2015 04 10 16 23 05.760 -13.823 65.834 18.3 6
2015 04 15 07 39 27.180 39.734 106.388 8.2 6
2015 04 16 18 07 43.610 35.195 26.837 22.6 6
2015 04 20 01 42 58.10 24.057 122.431 28.1 6
2015 04 20 09 05 33.740 -5.604 102.586 21.8 6
2015 04 20 11 45 13.730 24.063 122.487 30.6 6
2015 04 20 12 00 00.260 23.981 122.52 31.4 6
2015 04 24 13 56 15.600 51.642 -130.858 6.4 6
2015 04 25 06 11 26.630 28.13 84.716 13.4 6
2015 04 25 06 15 12.250 28.386 84.972 10.0 6
2015 04 25 06 45 21.360 28.16 84.843 14.7 6
2015 04 25 09 17 02.270 28.348 87.287 9.3 6
2015 04 25 16 41 17.100 3.047 128.079 138.6 6
2015 04 26 07 09 09.310 27.736 85.978 13.4 6
2015 04 26 23 35 26.840 -8.407 -80.005 10.0 6
2015 04 30 10 19 09.810 -60.38 -26.983 19.0 6
2015 05 02 16 50 45.800 31.508 140.223 24.1 6
2015 05 08 03 12 20.700 1.523 97.839 45.5 6
2015 05 10 00 50 16.520 14.734 -94.113 3.5 6
2015 05 10 21 25 48.600 31.197 141.976 19.5 6
2015 05 12 07 05 18.830 27.801 86.126 12.3 6
2015 05 12 07 17 20.550 27.725 86.208 12.6 6
2015 05 12 07 36 53.300 27.524 86.141 13.8 6
2015 05 12 21 12 58.600 38.9 142.021 39.3 6
2015 05 15 20 26 55.950 -2.566 102.223 158.5 6
2015 05 18 04 02 45.550 -41.532 80.247 10.2 6
2015 05 20 17 20 45.200 1.857 126.413 53.5 6
2015 05 24 04 53 23.400 -16.814 -14.261 11.7 6
2015 05 24 21 06 42.00 -59.622 -26.282 49.7 6
2015 05 26 10 32 01.830 -22.001 -68.437 120.0 6
2015 05 26 23 27 00.720 -58.681 -25.097 51.3 6
2015 05 26 23 41 38.120 -58.799 -25.241 18.0 6
2015 05 26 23 51 29.750 -58.686 -25.169 28.0 6
2015 05 29 08 40 13.280 -47.481 100.072 11.0 6
2015 05 30 11 23 02.850 27.828 140.493 685.5 6
2015 05 30 18 49 07.530 30.793 142.977 10.3 6
2015 06 04 23 15 45.200 6.043 116.665 18.1 6
2015 06 05 14 54 00.630 -37.204 78.045 9.0 6
2015 06 08 06 01 10.360 41.507 142.056 60.7 6
2015 06 10 08 33 01.670 39.609 143.487 25.8 6
2015 06 10 13 52 08.660 -22.409 -68.451 121.8 6
2015 06 11 04 45 29.960 39.621 143.445 17.6 6
2015 06 11 04 51 24.950 39.583 143.428 19.3 6
2015 06 17 12 51 35.660 -35.37 -17.809 27.1 6
2015 06 20 02 10 07.650 -36.334 -73.667 17.4 6
2015 06 20 05 32 08.330 -59.638 -26.544 53.6 6
2015 06 23 12 18 30.370 27.688 139.788 472.3 6
2015 06 23 12 22 20.170 27.635 140.097 479.0 6
2015 06 24 22 32 20.280 61.683 -152.112 121.5 6
2015 06 27 15 34 02.630 28.964 34.703 14.4 6
2015 06 29 09 09 16.530 -15.99 -74.182 35.0 6
2015 06 29 22 07 47.330 36.639 71.382 188.3 6
2015 07 01 18 24 41.60 -60.445 -35.313 10.0 6
2015 07 03 01 07 46.210 37.47 78.12 19.0 6
2015 07 03 03 16 35.940 11.334 94.951 17.1 6
2015 07 03 06 43 22.840 10.138 125.977 50.8 6
2015 07 07 05 10 27.860 43.969 148.004 51.1 6
2015 07 09 18 32 50.910 40.373 141.41 87.6 6
2015 07 12 04 37 31.760 2.925 128.231 127.8 6
2015 07 12 17 52 05.950 32.976 131.861 62.5 6
2015 07 16 11 01 45.630 13.883 -58.537 10.9 6
2015 07 16 15 16 32.980 13.8 -58.57 19.4 6
2015 07 20 11 08 18.430 -35.475 -105.091 13.0 6
2015 07 23 03 56 52.680 -0.723 -21.131 10.0 6
2015 07 26 07 05 09.640 -9.185 112.689 71.6 6
2015 07 27 21 41 20.760 -2.713 138.542 47.8 6
2015 08 10 10 05 25.350 36.484 71.253 226.0 6
2015 08 12 00 14 39.560 -31.702 -71.539 30.4 6
2015 08 13 10 39 54.310 -37.022 77.953 15.4 6
2015 08 13 11 28 16.310 -36.942 78.312 15.0 6
2015 08 13 14 08 01.700 23.988 122.449 23.2 6
2015 08 14 18 03 03.330 21.014 -45.823 15.5 6
2015 08 17 14 42 33.770 21.96 146.658 17.6 6
2015 08 17 16 16 59.640 13.739 51.735 11.4 6
2015 08 20 11 00 10.850 0.553 126.567 67.1 6
2015 08 24 11 50 59.920 56.188 164.343 22.7 6
2015 08 26 13 51 37.410 -57.545 -25.841 47.3 6
2015 09 01 15 24 08.540 31.284 141.706 10.0 6
2015 09 01 15 25 09.00 31.18 141.6 8.0 6
2015 09 01 15 25 09.520 31.18 141.6 8.0 6
2015 09 02 01 18 29.00 4.41 124.63 296.0 6
2015 09 02 01 18 29.70 4.413 124.631 296.0 6
2015 09 03 13 24 00.00 2.06 126.68 53.0 6
2015 09 03 13 24 00.690 2.055 126.681 53.0 6
2015 09 05 13 16 08.00 49.36 155.68 38.0 6
2015 09 05 13 16 08.930 49.361 155.681 38.0 6
2015 09 08 08 03 53.500 14.337 -94.137 5.0 6
2015 09 13 07 57 33.460 24.809 -109.513 10.0 6
2015 09 13 07 57 38.00 25.11 -109.25 10.0 6
2015 09 13 08 14 08.560 24.913 -109.622 10.0 6
2015 09 16 22 54 32.860 -31.572 -71.674 22.44 6
2015 09 16 22 59 15.00 -31.618 -71.745 26.7 6
2015 09 16 23 03 56.560 -31.75 -71.742 19.1 6
2015 09 16 23 09 26.170 -31.574 -71.671 35.0 6
2015 09 16 23 16 09.440 -31.6 -71.918 35.0 6
2015 09 16 23 18 41.850 -31.562 -71.426 28.41 6
2015 09 16 23 38 01.650 -31.784 -72.022 12.46 6
2015 09 17 01 33 02.640 -31.736 -72.026 9.29 6
2015 09 17 01 41 05.870 -31.104 -71.65 42.32 6
2015 09 17 03 55 15.430 -31.424 -71.687 27.0 6
2015 09 17 04 10 27.00 -31.52 -71.81 23.0 6
2015 09 17 04 10 27.780 -31.517 -71.804 23.0 6
2015 09 17 04 26 38.970 -31.416 -71.98 17.62 6
2015 09 17 05 44 39.960 -31.801 -72.13 10.0 6
2015 09 17 12 14 34.910 -32.914 -71.606 10.0 6
2015 09 17 12 14 35.00 -32.91 -71.6 10.0 6
2015 09 17 13 32 26.50 -32.143 -72.377 10.0 6
2015 09 17 20 40 31.750 -29.961 -71.885 5.69 6
2015 09 18 09 10 44.730 -32.368 -72.229 8.0 6
2015 09 19 05 06 47.500 -29.641 -72.077 6.0 6
2015 09 19 09 07 09.00 -31.1 -71.59 28.0 6
2015 09 19 09 07 09.550 -31.099 -71.59 28.0 6
2015 09 19 12 52 20.00 -32.33 -72.07 18.0 6
2015 09 19 12 52 20.920 -32.333 -72.062 18.0 6
2015 09 19 13 08 57.00 -30.53 -72.2 10.0 6
2015 09 19 13 08 57.760 -30.525 -72.198 10.0 6
2015 09 21 05 39 34.00 -31.58 -71.74 30.0 6
2015 09 21 05 39 34.910 -31.575 -71.743 30.0 6
2015 09 21 17 40 00.60 -31.727 -71.379 35.0 6
2015 09 21 18 36 53.520 -31.045 -71.82 26.95 6
2015 09 21 19 56 08.00 -31.78 -71.64 28.4 6
2015 09 21 19 56 08.690 -31.781 -71.64 28.36 6
2015 09 22 07 13 00.00 -31.44 -71.26 58.0 6
2015 09 22 07 13 00.520 -31.444 -71.265 58.0 6
2015 09 26 02 51 18.830 -30.814 -71.321 46.0 6
2015 09 28 15 28 05.00 -23.8 -66.6 219.0 6
2015 09 28 15 28 05.790 -23.802 -66.612 219.0 6
2015 09 30 16 06 52.320 -56.194 -27.715 101.0 6
2015 10 03 06 03 42.80 -37.455 -73.676 14.53 6
2015 10 03 06 26 55.780 -30.301 -71.551 38.0 6
2015 10 04 03 49 49.460 -30.31 -72.101 5.89 6
2015 10 05 16 33 26.780 -30.303 -71.531 34.0 6
2015 10 09 18 27 36.650 -31.732 -71.732 35.0 6
2015 10 10 08 56 05.410 -60.716 -20.849 10.0 6
2015 10 12 03 15 19.160 -31.184 -71.822 21.0 6
2015 10 14 05 43 08.300 48.859 156.225 12.0 6
2015 10 16 06 38 26.180 55.596 159.211 285.0 6
2015 10 17 11 33 08.00 -25.47 -64.48 17.0 6
2015 10 17 11 33 08.950 -25.467 -64.483 17.0 6
2015 10 19 13 50 41.620 13.865 120.617 106.0 6
2015 10 20 09 29 08.790 27.074 140.212 304.0 6
2015 10 20 20 33 12.00 -57.43 -65.89 9.1 6
2015 10 20 20 33 12.60 -57.433 -65.887 9.08 6
2015 10 23 00 27 39.00 29.64 70.33 11.0 6
2015 10 23 00 27 39.560 29.637 70.326 11.0 6
2015 10 23 01 40 06.320 -54.225 6.165 11.0 6
2015 10 23 04 04 18.00 -45.81 37.17 10.0 6
2015 10 23 04 04 18.140 -45.814 37.171 10.0 6
2015 10 23 22 03 22.840 -2.166 138.266 8.0 6
2015 10 26 09 09 32.20 36.459 70.684 206.94 6
2015 10 26 09 09 42.560 36.524 70.367 231.0 6
2015 11 01 15 16 17.480 -23.246 -68.416 111.0 6
2015 11 07 07 04 31.380 -29.464 -72.301 13.0 6
2015 11 07 07 31 43.870 -30.879 -71.451 46.0 6
2015 11 07 10 53 44.160 -30.722 -71.39 42.0 6
2015 11 08 08 13 37.360 -17.319 -69.428 159.86 6
2015 11 11 01 54 38.570 -29.506 -72.006 12.0 6
2015 11 11 02 46 19.830 -29.509 -72.058 10.0 6
2015 11 11 06 26 33.730 -9.138 -108.644 10.0 6
2015 11 13 06 04 17.180 -29.849 -64.498 27.0 6
2015 11 13 20 51 31.30 31.0 128.872 12.0 6
2015 11 14 19 20 21.390 31.441 128.842 10.0 6
2015 11 16 00 39 33.520 17.839 -81.821 6.71 6
2015 11 16 16 49 13.730 48.333 154.243 34.0 6
2015 11 17 07 10 07.300 38.67 20.6 11.0 6
2015 11 17 17 29 36.290 40.376 73.203 18.0 6
2015 11 21 09 06 13.460 -7.148 129.937 82.0 6
2015 11 21 23 05 30.650 -30.575 -71.767 27.0 6
2015 11 22 18 16 04.710 36.434 71.423 102.0 6
2015 11 23 20 41 21.500 16.976 -98.911 34.0 6
2015 11 24 20 45 02.330 -0.098 -17.834 10.0 6
2015 11 24 22 45 38.880 -10.537 -70.943 606.21 6
2015 11 24 22 50 54.370 -10.059 -71.018 620.56 6
2015 11 25 18 57 41.590 1.43 126.29 33.16 6
2015 11 26 05 45 18.400 -9.182 -71.257 602.75 6
2015 11 27 21 00 22.920 -24.828 -70.6 34.0 6
2015 11 28 02 51 07.830 43.385 146.435 69.0 6
2015 11 28 05 44 40.60 -30.368 -72.151 10.0 6
2015 11 29 18 52 49.490 -23.559 -64.652 11.0 6
2015 11 29 18 56 21.610 -23.477 -64.586 10.0 6
2015 11 30 20 19 05.270 -8.791 67.696 10.0 6
2015 12 04 22 25 00.110 -47.616 85.091 35.0 6
2015 12 07 07 50 05.950 38.21 72.779 22.0 6
2015 12 07 07 51 11.430 -31.398 -71.262 49.53 6
2015 12 07 08 30 56.730 41.73 74.605 21.53 6
2015 12 08 12 56 07.420 -30.809 -71.751 25.0 6
2015 12 09 10 21 48.530 -4.106 129.507 21.0 6
2015 12 10 00 09 32.810 -35.883 -73.276 10.0 6
2015 12 10 12 05 14.730 -58.88 -23.906 10.0 6
2015 12 12 23 32 54.860 -41.108 -90.07 10.0 6
2015 12 17 19 49 53.50 15.8 -93.629 85.0 6
2015 12 19 15 03 36.10 -8.368 107.022 27.0 6
2015 12 19 19 25 05.560 -30.605 -71.305 48.34 6
2015 12 20 18 47 36.610 3.645 117.635 14.0 6
2015 12 23 16 55 09.460 -54.175 -1.494 10.0 6
2015 12 24 23 10 58.170 -7.218 128.977 119.0 6
2015 12 25 17 58 04.970 -40.728 -86.435 10.0 6
2015 12 25 19 14 47.190 36.493 71.126 206.0 6
2015 12 28 06 55 29.880 14.657 -61.345 150.0 6
2015 12 31 10 56 58.120 11.153 -86.62 20.0 6
2016 01 02 04 22 19.570 44.806 129.94 585.47 6
2016 01 03 23 05 22.00 24.83 93.66 55.0 6
2016 01 03 23 05 22.270 24.803 93.65 55.0 6
2016 01 05 02 21 11.840 30.611 132.737 7.93 6
2016 01 08 01 12 01.20 -30.663 -71.64 24.17 6
2016 01 11 16 38 05.910 3.896 126.856 13.0 6
2016 01 11 17 08 03.920 44.476 141.086 238.81 6
2016 01 12 09 45 11.430 -31.338 58.191 10.0 6
2016 01 12 20 04 59.710 36.592 70.948 239.0 6
2016 01 14 03 25 28.270 -19.759 -63.328 582.56 6
2016 01 14 03 25 33.640 41.972 142.781 46.0 6
2016 01 14 13 14 49.150 9.686 126.309 35.0 6
2016 01 16 23 22 29.40 -3.872 127.229 4.11 6
2016 01 20 17 13 13.680 37.675 101.65 9.0 6
2016 01 21 18 06 57.690 18.828 -106.934 10.0 6
2016 01 22 20 51 47.420 28.316 55.309 26.81 6
2016 01 24 10 30 29.560 59.62 -153.339 125.6 6
2016 01 27 15 11 17.570 1.031 -28.142 10.0 6
2016 01 30 03 25 10.750 54.005 158.512 163.22 6
2016 02 02 05 31 48.460 39.666 142.953 17.48 6
2016 02 02 14 19 23.40 25.576 123.449 196.0 6
2016 02 05 19 57 27.390 22.938 120.592 23.0 6
2016 02 10 00 33 05.340 -30.572 -71.583 29.0 6
2016 02 12 10 02 24.50 -9.633 119.401 28.0 6
2016 02 18 01 07 14.70 -56.212 -27.622 119.26 6
2016 02 22 06 37 03.370 -30.462 -72.063 10.15 6
2016 02 28 09 06 25.650 5.275 125.332 175.44 6
2016 03 02 12 49 48.110 -4.952 94.329 24.0 6
2016 03 03 00 10 50.390 -4.794 94.41 10.0 6
2016 03 03 08 36 32.650 -9.764 125.316 29.5 6
2016 03 14 07 03 17.710 29.888 128.956 210.5 6
2016 03 14 07 26 40.610 -56.428 -27.008 84.0 6
2016 03 14 23 25 39.980 -52.613 18.798 10.0 6
2016 03 16 13 09 52.810 4.725 125.148 10.0 6
2016 03 18 16 11 00.160 38.023 72.411 10.0 6
2016 03 18 22 46 56.830 49.673 -129.848 10.0 6
2016 03 19 08 51 24.920 -5.566 129.492 269.8 6
2016 03 19 11 26 33.230 17.996 -60.701 26.0 6
2016 03 20 22 50 20.430 54.294 162.812 30.0 6
2016 03 21 14 48 51.330 27.767 66.096 10.0 6
2016 03 26 03 24 24.110 -2.65 68.025 10.0 6
2016 04 01 02 39 08.50 33.38 136.39 14.0 6
2016 04 06 14 45 29.620 -8.203 107.385 29.0 6
2016 04 06 20 35 14.560 -6.029 130.429 118.0 6
2016 04 10 02 14 34.590 -4.148 102.211 41.0 6
2016 04 10 10 28 58.720 36.472 71.131 212.0 6
2016 04 12 03 22 47.710 -3.756 -103.936 10.0 6
2016 04 13 13 55 17.800 23.094 94.865 136.0 6
2016 04 13 18 21 52.730 7.791 122.023 17.0 6
2016 04 14 03 06 09.00 53.77 160.803 32.0 6
2016 04 14 12 26 35.730 32.788 130.704 9.0 6
2016 04 14 15 03 47.240 32.697 130.72 8.0 6
2016 04 14 23 15 07.910 -7.459 128.123 136.78 6
2016 04 15 04 50 11.410 2.012 127.0 89.95 6
2016 04 15 14 11 26.430 13.4 -92.367 22.41 6
2016 04 15 16 25 06.220 32.79 130.754 10.0 6
2016 04 15 16 45 56.680 32.924 130.809 10.0 6
2016 04 15 18 55 53.500 33.005 131.156 13.22 6
2016 04 16 23 58 36.980 0.381 -79.921 20.59 6
2016 04 17 07 14 00.760 -0.385 -80.201 23.95 6
2016 04 17 09 23 41.20 -0.234 -80.694 10.0 6
2016 04 19 05 25 39.940 -55.728 -27.23 14.0 6
2016 04 19 22 22 25.480 0.578 -80.024 11.0 6
2016 04 20 08 33 47.330 0.639 -80.21 14.0 6
2016 04 20 10 51 42.60 13.2 -55.886 28.0 6
2016 04 20 12 19 43.950 37.801 141.621 33.11 6
2016 04 22 03 03 41.720 -0.292 -80.503 10.0 6
2016 04 22 03 20 13.380 -0.281 -80.503 10.29 6
2016 04 24 08 37 59.850 -59.307 -27.027 10.0 6
2016 04 25 07 07 08.600 14.479 -93.15 16.0 6
2016 04 27 15 17 14.440 24.23 121.8 13.0 6
2016 04 29 01 33 38.910 10.275 -103.736 10.0 6
2016 05 02 04 21 24.710 -5.026 104.627 117.0 6
2016 05 03 00 00 51.680 43.695 147.506 61.0 6
2016 05 05 07 01 47.490 13.771 51.768 10.0 6
2016 05 08 07 34 00.700 16.41 -97.841 22.0 6
2016 05 12 03 17 15.70 24.695 121.983 8.0 6
2016 05 12 04 29 55.800 24.683 122.053 9.0 6
2016 05 18 07 57 02.650 0.426 -79.789 16.0 6
2016 05 18 16 46 43.860 0.494 -79.616 29.95 6
2016 05 20 18 14 04.670 -25.565 129.884 10.0 6
2016 05 27 03 44 29.470 26.992 130.137 10.0 6
2016 05 28 09 46 59.780 -56.24 -26.935 78.0 6
2016 05 31 05 23 47.310 25.561 122.545 246.4 6
2016 06 01 22 56 00.800 -2.096 100.665 50.0 6
2016 06 02 02 23 05.910 18.021 -105.833 10.0 6
2016 06 05 05 51 11.550 -29.342 -71.859 28.0 6
2016 06 05 16 25 33.540 -4.587 125.626 429.62 6
2016 06 06 13 16 02.220 -30.043 -71.463 28.31 6
2016 06 07 10 51 37.720 18.363 -105.173 10.0 6
2016 06 07 19 15 15.330 1.278 126.371 31.0 6
2016 06 09 04 13 08.130 -11.248 116.266 19.0 6
2016 06 10 03 25 22.920 12.831 -86.963 10.0 6
2016 06 10 09 26 53.70 -7.458 -13.6 10.0 6
2016 06 13 00 59 39.890 -4.428 -104.811 10.0 6
2016 06 13 04 21 43.530 27.01 130.199 10.0 6
2016 06 14 15 01 56.850 26.96 130.194 5.39 6
2016 06 18 17 29 46.460 -24.146 -67.152 186.0 6
2016 06 19 18 20 50.450 20.172 121.378 16.0 6
2016 06 21 16 26 34.420 22.658 -45.14 10.0 6
2016 06 23 03 05 39.450 -60.672 -42.912 10.0 6
2016 06 23 21 05 30.640 23.694 123.37 10.0 6
2016 06 24 21 29 19.20 -25.77 -69.341 118.96 6
2016 06 26 11 17 11.280 39.479 73.338 13.0 6
2016 06 26 22 57 06.150 36.996 142.222 12.82 6
2016 06 27 20 50 34.740 16.55 -97.833 19.0 6
2016 06 28 21 38 04.390 39.474 73.341 13.59 6
2016 07 08 04 28 43.320 -0.407 -80.807 7.1 6
2016 07 10 02 32 42.440 -35.81 -103.251 10.0 6
2016 07 11 02 01 09.950 0.587 -79.635 17.0 6
2016 07 11 02 11 04.800 0.581 -79.638 21.0 6
2016 07 15 18 02 49.400 35.208 -35.224 16.01 6
2016 07 19 05 18 40.260 -30.252 -71.972 8.01 6
2016 07 23 01 00 20.940 47.698 146.921 408.0 6
2016 07 23 07 41 44.700 -6.759 101.217 9.0 6
2016 07 23 09 59 01.00 58.473 -156.456 203.6 6
2016 07 24 14 10 51.40 0.915 -28.97 10.0 6
2016 07 25 08 58 30.790 -49.484 126.265 10.0 6
2016 07 25 17 26 50.220 -26.104 -70.507 72.0 6
2016 07 25 19 38 45.560 -2.969 148.034 14.0 6
2016 07 27 01 25 13.120 -44.411 -79.059 10.0 6
2016 07 29 21 18 26.510 18.543 145.541 207.62 6
2016 07 29 21 26 59.150 18.756 145.487 187.78 6
2016 07 31 11 33 20.570 -56.255 -27.549 98.16 6
2016 07 31 23 40 01.880 -8.194 117.814 21.0 6
2016 08 01 07 42 51.250 -23.964 82.556 10.0 6
2016 08 02 07 32 29.490 -58.724 -25.607 35.04 6
2016 08 04 14 15 13.90 -22.308 -66.026 270.0 6
2016 08 04 16 24 33.530 24.944 142.014 510.0 6
2016 08 05 12 34 15.290 -23.945 82.433 10.0 6
2016 08 14 11 15 14.60 50.428 142.303 5.83 6
2016 08 15 02 59 00.850 -15.656 -72.017 20.0 6
2016 08 18 04 30 08.750 -19.859 148.725 7.82 6
2016 08 19 07 32 22.730 -55.279 -31.874 10.0 6
2016 08 19 17 33 40.520 -55.208 -32.073 4.34 6
2016 08 19 20 37 16.850 -55.203 -32.12 13.89 6
2016 08 20 09 01 26.340 40.356 143.679 10.0 6
2016 08 20 15 58 04.180 40.293 143.753 10.0 6
2016 08 21 03 45 23.740 -55.277 -31.754 10.0 6
2016 08 22 09 33 08.650 29.896 139.131 404.41 6
2016 08 23 19 39 44.660 -7.28 122.425 532.4 6
2016 08 23 19 40 46.230 -7.208 122.541 514.33 6
2016 08 24 01 36 32.870 42.723 13.187 4.44 6
2016 08 24 02 33 29.660 42.833 13.131 4.95 6
2016 08 24 10 34 54.580 20.922 94.568 82.0 6
2016 08 24 13 48 44.380 -2.956 100.054 17.15 6
2016 08 25 17 04 43.260 30.615 137.846 456.0 6
2016 08 29 04 29 57.880 -0.047 -17.829 10.0 6
2016 08 30 08 09 09.830 -34.898 -72.529 19.17 6
2016 08 30 15 46 02.260 -55.301 -30.364 10.0 6
2016 09 01 20 04 17.480 0.553 98.614 35.0 6
2016 09 02 01 57 50.600 -55.329 -30.917 8.0 6
2016 09 03 12 02 44.400 36.425 -96.929 5.557 6
2016 09 04 02 38 12.430 8.398 125.887 16.0 6
2016 09 08 21 46 20.100 -54.613 158.712 10.0 6
2016 09 09 00 03 44.950 -31.377 -65.825 157.56 6
2016 09 10 10 08 20.20 -5.573 -76.953 121.0 6
2016 09 14 01 58 31.570 7.373 -76.168 18.0 6
2016 09 16 18 38 05.00 -29.155 60.915 10.0 6
2016 09 20 16 21 16.550 30.501 142.047 9.0 6
2016 09 22 16 07 27.170 -59.472 -27.488 8.0 6
2016 09 22 20 06 11.710 -21.552 33.411 10.0 6
2016 09 23 00 14 34.700 34.461 141.636 10.0 6
2016 09 23 22 53 10.400 6.571 126.491 65.0 6
2016 09 23 23 11 20.810 45.727 26.609 92.0 6
2016 09 26 05 19 58.220 27.464 128.578 38.0 6
2016 09 28 16 48 55.610 12.441 -86.514 7.56 6
2016 10 05 20 53 39.620 7.145 -34.317 10.0 6
2016 10 06 15 51 59.200 22.627 121.434 14.0 6
2016 10 09 14 46 26.720 1.783 127.43 128.0 6
2016 10 15 20 14 49.730 39.806 20.646 22.0 6
2016 10 17 07 14 49.190 32.906 94.879 23.32 6
2016 10 18 22 08 14.350 15.217 -61.491 146.0 6
2016 10 19 00 26 01.90 -4.862 108.162 614.0 6
2016 10 20 00 09 26.500 13.311 -44.877 10.0 6
2016 10 21 05 07 23.10 35.367 133.814 5.7 6
2016 10 23 20 25 26.970 43.981 148.161 29.7 6
2016 10 26 17 10 37.880 42.857 13.022 10.0 6
2016 10 26 19 18 08.320 42.934 13.043 10.0 6
2016 10 27 08 17 49.660 1.328 125.793 56.14 6
2016 10 27 20 32 55.710 -33.764 -72.533 14.8 6
2016 10 28 20 02 48.880 39.313 13.536 448.48 6
2016 10 30 06 40 19.200 42.854 13.088 10.0 6
2016 10 31 00 20 11.380 3.423 -74.489 33.0 6
2016 11 04 16 20 43.940 -35.103 -70.996 90.79 6
2016 11 07 21 31 28.340 -8.108 104.839 33.0 6
2016 11 08 04 55 44.250 -36.58 -73.635 17.3 6
2016 11 11 21 42 59.650 38.497 141.565 42.4 6
2016 11 12 20 08 46.840 6.114 -82.59 10.0 6
2016 11 13 01 01 51.930 -28.101 -67.324 121.05 6
2016 11 13 14 01 01.660 -28.87 -67.455 109.15 6
2016 11 17 16 56 44.50 -6.276 130.485 109.84 6
2016 11 20 20 57 43.980 -31.642 -68.764 115.79 6
2016 11 24 18 43 48.830 11.959 -88.835 10.34 6
2016 11 25 14 24 30.590 39.23 74.02 17.0 6
2016 12 01 22 40 26.340 -15.294 -70.822 10.0 6
2016 12 04 05 24 05.810 4.499 127.833 142.29 6
2016 12 05 01 13 04.880 -7.315 123.38 526.0 6
2016 12 06 21 42 21.360 11.069 -60.904 34.83 6
2016 12 06 22 03 33.390 5.283 96.167 13.0 6
2016 12 08 05 15 04.560 43.815 86.303 13.7 6
2016 12 11 14 33 12.860 -9.13 -109.846 10.0 6
2016 12 14 21 14 55.870 21.369 144.217 10.0 6
2016 12 18 09 47 04.940 8.348 137.667 12.43 6
2016 12 18 13 30 11.430 -9.966 -70.969 622.53 6
2016 12 19 20 44 40.310 10.159 125.822 59.87 6
2016 12 20 10 04 39.780 37.157 84.967 10.0 6
2016 12 21 00 17 14.990 -7.508 127.92 152.0 6
2016 12 21 16 43 57.300 21.503 145.417 12.05 6
2016 12 25 14 22 27.30 -43.405 -73.94 38.0 6
2016 12 25 14 32 13.310 -43.481 -74.477 14.93 6
2016 12 27 23 20 56.110 45.719 26.523 97.0 6
2016 12 28 09 13 47.243 38.377 -118.895 8.8 6
2016 12 28 12 38 49.650 36.86 140.442 7.0 6
2016 12 29 22 30 19.300 -9.027 118.663 79.0 6
2017 01 02 13 13 48.710 -4.895 -76.367 106.0 6
2017 01 03 09 09 02.640 24.016 92.006 36.15 6
2017 01 03 21 19 07.380 -43.343 -74.465 9.08 6
2017 01 06 06 30 35.480 -22.319 -67.795 172.0 6
2017 01 08 23 47 14.390 74.391 -92.404 31.0 6
2017 01 09 11 28 36.60 -1.705 100.366 42.35 6
2017 01 10 06 13 47.250 4.463 122.575 612.71 6
2017 01 11 21 58 18.410 -22.821 -69.803 72.0 6
2017 01 11 22 06 58.670 -20.16 46.646 7.26 6
2017 01 13 16 39 25.560 0.031 125.066 46.01 6
2017 01 16 12 42 10.680 3.304 98.476 6.0 6
2017 01 17 09 08 01.950 19.866 -76.606 10.0 6
2017 01 18 10 25 25.480 42.584 13.197 10.0 6
2017 01 21 05 16 31.800 2.826 128.208 46.85 6
2017 02 06 13 02 45.140 3.449 -74.671 37.95 6
2017 02 10 14 03 43.920 9.907 125.451 15.0 6
2017 02 18 12 10 17.970 -23.861 -66.659 222.0 6
2017 02 21 14 09 04.320 -19.281 -63.904 595.98 6
2017 02 24 00 32 17.530 -8.444 30.044 30.0 6
2017 02 28 07 49 02.860 37.557 141.337 47.36 6
2017 03 01 06 59 40.570 -6.325 130.028 130.99 6
2017 03 02 02 11 30.682 59.578 -152.654 78.0 6
2017 03 02 11 07 27.00 37.579 38.44 10.0 6
2017 03 05 00 08 17.960 9.83 125.496 10.2 6
2017 03 07 15 45 39.560 -6.261 102.187 10.0 6
2017 03 07 16 08 19.40 41.514 141.902 56.0 6
2017 03 14 02 51 16.850 6.129 92.316 10.0 6
2017 03 14 05 55 21.830 0.676 121.155 79.23 6
2017 03 16 18 39 26.270 -11.539 114.573 10.0 6
2017 03 21 23 10 25.150 -8.508 115.326 111.83 6
2017 03 29 04 09 23.950 56.938 162.786 15.52 6
2017 03 31 11 21 00.960 0.334 120.622 93.04 6
2017 03 31 17 25 23.130 52.674 -32.318 10.0 6
2017 04 03 17 40 18.560 -22.678 25.155 29.0 6
2017 04 04 13 53 18.980 -55.616 -30.001 19.22 6
2017 04 05 06 09 12.460 35.799 60.436 13.0 6
2017 04 08 07 07 56.920 13.7 120.93 11.95 6
2017 04 08 07 09 22.880 13.775 120.947 12.45 6
2017 04 11 14 42 16.530 5.706 127.094 12.0 6
2017 04 11 21 21 00.860 7.676 124.811 8.28 6
2017 04 12 20 01 05.640 7.722 124.862 10.0 6
2017 04 15 08 19 43.400 -23.27 -67.765 155.0 6
2017 04 16 09 44 05.900 -7.348 83.161 10.0 6
2017 04 17 05 23 15.630 17.475 -61.138 21.11 6
2017 04 18 17 49 55.790 -2.711 -75.303 14.0 6
2017 04 20 11 41 26.350 44.428 148.731 60.83 6
2017 04 20 22 04 14.890 -36.307 -98.403 10.0 6
2017 04 23 02 36 07.840 -33.036 -72.006 21.0 6
2017 04 23 19 40 10.760 -33.008 -72.113 20.0 6
2017 04 24 21 38 30.840 -33.029 -72.045 28.0 6
2017 04 28 15 30 06.260 -33.231 -71.975 22.0 6
2017 04 28 16 05 57.170 -33.13 -71.786 28.0 6
2017 04 28 20 23 17.260 5.504 125.071 26.0 6
2017 04 29 10 02 12.520 -9.685 111.859 10.0 6
2017 04 29 12 32 33.560 30.806 131.419 27.0 6
2017 05 01 12 31 55.290 59.829 -136.676 8.0 6
2017 05 01 14 18 15.290 59.829 -136.704 2.53 6
2017 05 02 15 10 22.350 -11.728 -13.919 10.0 6
2017 05 03 04 47 13.190 39.499 71.451 10.0 6
2017 05 05 05 09 35.920 39.466 71.433 10.0 6
2017 05 06 00 16 09.410 -60.829 -38.055 10.0 6
2017 05 09 01 54 14.530 24.449 126.318 10.0 6
2017 05 10 23 23 37.270 -56.427 -25.782 17.39 6
2017 05 11 01 09 43.40 -56.397 -25.783 10.0 6
2017 05 11 15 41 13.60 -56.564 -25.865 21.84 6
2017 05 12 10 41 26.380 12.91 -90.056 10.0 6
2017 05 13 18 01 00.830 37.772 57.195 16.37 6
2017 05 14 19 44 23.800 -20.928 -68.734 124.45 6
2017 05 15 07 05 36.60 27.216 130.153 10.0 6
2017 05 20 01 06 14.230 9.384 123.958 533.0 6
2017 05 20 06 02 14.290 17.489 -105.323 10.0 6
2017 05 20 17 58 46.590 17.104 -94.061 144.0 6
2017 05 22 11 00 57.970 43.924 147.72 54.0 6
2017 05 24 09 10 14.280 -2.789 122.118 10.0 6
2017 05 29 14 35 21.510 -1.287 120.433 12.0 6
2017 05 29 14 57 53.850 -37.341 -71.657 80.7 6
2017 05 30 11 29 51.790 -58.644 -26.131 78.18 6
2017 06 05 11 34 11.290 -4.072 -80.358 49.0 6
2017 06 10 18 47 31.60 14.315 -93.01 10.0 6
2017 06 11 23 15 06.180 -8.307 106.268 7.0 6
2017 06 12 02 43 26.880 -31.502 -71.747 27.0 6
2017 06 12 12 28 39.70 38.915 26.371 12.0 6
2017 06 14 06 38 48.810 14.224 -93.15 10.66 6
2017 06 14 07 29 05.630 14.982 -91.988 94.0 6
2017 06 14 23 58 52.30 15.316 -97.144 13.45 6
2017 06 22 12 31 04.490 13.752 -90.948 46.82 6
2017 06 24 02 37 18.140 -19.443 34.509 24.44 6
2017 06 24 07 27 07.710 -41.236 80.631 10.0 6
2017 06 24 16 09 14.320 -15.414 -73.385 97.0 6
2017 06 30 01 34 58.150 33.748 -38.547 10.0 6
2017 06 30 22 29 45.110 -0.288 -80.493 13.0 6
2017 07 04 16 05 58.900 -35.504 -73.335 13.0 6
2017 07 06 06 30 17.00 46.881 -112.575 12.18 6
2017 07 06 08 03 57.220 11.111 124.619 6.96 6
2017 07 09 05 57 01.210 -56.069 -27.519 54.06 6
2017 07 10 01 41 48.220 10.989 124.784 7.1 6
2017 07 12 09 08 17.510 -35.391 -73.266 10.0 6
2017 07 12 19 48 07.800 40.854 131.656 545.0 6
2017 07 15 12 12 21.500 0.412 121.991 113.0 6
2017 07 18 02 05 19.870 -16.42 -73.629 44.92 6
2017 07 19 12 16 23.560 -17.415 66.483 10.0 6
2017 07 20 00 11 24.830 37.417 141.585 31.0 6
2017 07 20 22 31 11.240 36.924 27.413 7.0 6
2017 07 23 07 55 55.10 0.293 120.2 55.8 6
2017 07 26 10 32 57.430 26.897 130.183 12.0 6
2017 07 27 17 53 24.610 13.396 -49.325 10.0 6
2017 07 30 21 00 49.370 46.21 150.953 86.71 6
2017 08 01 06 13 53.920 -28.555 -68.705 85.07 6
2017 08 02 07 15 13.980 -33.208 -70.635 88.16 6
2017 08 05 00 30 41.50 6.141 125.446 73.35 6
2017 08 06 19 32 06.270 -47.288 99.867 10.0 6
2017 08 08 13 19 49.540 33.192 103.855 9.0 6
2017 08 08 23 27 53.80 44.301 82.826 20.0 6
2017 08 11 05 28 25.720 13.998 120.678 172.0 6
2017 08 11 21 45 09.440 -16.293 -73.48 41.0 6
2017 08 12 12 54 13.590 -30.242 -72.161 9.0 6
2017 08 13 03 08 10.560 -3.768 101.622 31.0 6
2017 08 13 16 51 23.160 -10.713 -74.575 25.3 6
2017 08 16 12 51 25.870 28.673 127.9 198.0 6
2017 08 18 02 59 21.950 -1.09 -13.663 10.0 6
2017 08 18 21 00 49.210 -6.257 128.049 13.7 6
2017 08 31 17 06 55.750 -1.159 99.688 43.14 6
2017 09 01 11 07 37.140 57.048 -34.026 10.0 6
2017 09 03 03 30 01.770 41.334 129.03 0.0 6
2017 09 04 08 07 35.380 -57.788 -25.578 35.0 6
2017 09 07 17 26 49.320 27.782 139.804 451.0 6
2017 09 08 04 49 20.00 15.035 -93.906 56.67 6
2017 09 09 04 54 52.100 15.08 -94.061 29.0 6
2017 09 10 03 07 22.340 15.389 -94.527 29.0 6
2017 09 10 08 44 24.540 41.781 142.893 45.0 6
2017 09 10 21 40 21.210 57.127 -33.676 10.0 6
2017 09 11 17 35 09.620 23.952 142.337 35.0 6
2017 09 11 21 09 10.350 14.907 -94.013 27.0 6
2017 09 15 18 48 02.550 -55.443 -28.361 9.0 6
2017 09 18 05 28 03.490 -18.526 -12.716 10.0 6
2017 09 18 13 46 57.730 -31.815 -72.097 17.0 6
2017 09 18 14 19 12.870 15.253 -94.557 10.0 6
2017 09 19 07 53 13.680 15.116 -94.057 16.18 6
2017 09 19 18 14 38.430 18.567 -98.48 51.0 6
2017 09 20 16 37 16.360 37.981 144.66 11.0 6
2017 09 20 23 59 24.900 -6.111 113.024 588.0 6
2017 09 23 10 38 05.440 15.489 -94.428 53.84 6
2017 09 23 12 53 02.420 16.773 -94.95 9.62 6
2017 09 23 20 47 06.760 7.561 124.742 8.18 6
2017 09 24 10 06 12.180 15.333 -94.099 55.04 6
2017 09 26 20 22 11.560 40.32 142.405 36.04 6
2017 09 30 23 15 29.380 3.939 128.498 10.0 6
2017 10 03 20 39 04.740 13.458 -49.332 10.0 6
2017 10 05 08 11 36.970 -22.379 -68.517 110.18 6
2017 10 06 02 03 48.320 0.955 -25.508 10.0 6
2017 10 06 07 59 32.880 37.503 144.02 9.0 6
2017 10 10 06 32 20.800 -18.521 -69.641 82.43 6
2017 10 10 18 53 27.840 -54.258 8.605 9.0 6
2017 10 11 00 08 26.300 -54.258 8.336 10.0 6
2017 10 12 18 59 09.30 -30.993 -65.618 165.65 6
2017 10 14 00 20 57.330 16.246 -94.81 51.31 6
2017 10 19 09 02 01.900 28.32 131.201 10.0 6
2017 10 23 08 32 32.530 -52.343 16.781 10.0 6
2017 10 24 10 47 47.540 -7.236 123.04 549.19 6
2017 10 28 16 13 54.440 86.89 54.495 10.0 6
2017 10 28 16 16 06.690 86.892 52.849 10.0 6
2017 10 28 19 11 02.760 86.922 55.2 10.0 6
2017 10 30 22 37 18.550 -8.601 118.984 110.17 6
2017 10 31 11 31 40.140 -3.795 127.709 8.47 6
2017 10 31 11 34 39.650 -3.773 127.671 10.02 6
2017 10 31 11 50 50.410 -3.74 127.765 18.47 6
2017 10 31 12 37 47.820 -3.819 127.769 15.77 6
2017 11 03 11 52 10.210 18.737 -106.644 10.0 6
2017 11 05 15 00 24.360 11.671 -61.178 47.22 6
2017 11 07 21 26 38.480 -4.243 143.484 110.57 6
2017 11 09 07 42 11.20 32.52 141.438 12.0 6
2017 11 10 12 01 33.950 -41.466 -84.189 10.0 6
2017 11 11 00 36 14.980 -11.742 -14.114 10.0 6
2017 11 12 18 18 17.290 34.905 45.956 19.0 6
2017 11 12 22 24 07.730 38.055 144.889 9.49 6
2017 11 13 02 28 23.680 9.514 -84.486 19.36 6
2017 11 15 00 24 32.670 13.099 143.711 123.0 6
2017 11 15 02 02 25.280 -59.031 -17.1 10.0 6
2017 11 16 09 43 35.480 32.185 140.546 70.95 6
2017 11 17 22 34 19.500 29.832 94.977 8.0 6
2017 11 18 04 23 46.820 -2.967 -79.708 35.0 6
2017 11 18 16 07 00.300 2.464 128.148 8.0 6
2017 11 23 18 02 35.850 27.138 130.358 11.0 6
2017 11 28 13 15 45.400 72.599 3.274 10.0 6
2017 11 29 06 29 05.580 -14.474 -76.314 10.0 6
2017 11 29 22 32 22.920 45.201 146.301 9.61 6
2017 11 29 23 53 50.300 -6.736 129.781 157.0 6
2017 11 30 05 50 20.830 -4.384 143.805 116.0 6
2017 11 30 06 32 50.760 -1.08 -23.432 10.0 6
2017 12 01 02 32 46.10 30.743 57.313 9.0 6
2017 12 01 05 20 28.480 -48.778 106.825 10.0 6
2017 12 03 11 19 05.260 -0.489 -80.31 16.0 6
2017 12 06 16 06 55.570 -0.614 123.667 17.93 6
2017 12 08 00 22 54.200 10.116 140.219 12.79 6
2017 12 08 09 51 10.300 10.009 140.131 20.27 6
2017 12 09 15 14 24.770 10.092 140.201 10.0 6
2017 12 11 19 00 56.580 -19.708 -71.06 10.0 6
2017 12 12 08 43 17.950 30.719 57.27 10.0 6
2017 12 12 21 41 31.160 30.822 57.286 8.0 6
2017 12 13 18 03 42.790 -54.217 2.168 10.0 6
2017 12 15 16 47 58.230 -7.492 108.174 90.0 6
2017 12 20 13 40 54.570 30.615 132.077 10.0 6
2017 12 21 03 00 18.550 29.291 142.644 10.0 6
2017 12 22 14 44 18.220 53.859 160.603 47.29 6
2017 12 28 03 54 51.980 -24.886 -70.218 46.73 6
2017 12 28 17 20 19.350 4.08 126.791 23.79 6
2018 01 03 21 30 21.940 29.637 140.52 9.46 6
2018 01 07 06 47 14.510 24.754 94.909 23.77 6
2018 01 09 00 05 54.210 1.675 -90.822 10.0 6
2018 01 10 02 51 31.860 17.474 -83.519 10.0 6
2018 01 11 06 59 30.470 33.713 45.723 10.0 6
2018 01 11 18 26 24.230 18.362 96.077 9.0 6
2018 01 14 09 18 45.540 -15.758 -74.709 39.0 6
2018 01 14 21 54 36.20 -4.788 144.893 56.28 6
2018 01 16 15 03 53.300 10.928 -86.346 22.0 6
2018 01 18 12 08 52.740 52.566 152.979 447.58 6
2018 01 18 17 48 39.770 -6.39 132.813 26.95 6
2018 01 19 16 17 42.570 26.679 -111.107 10.0 6
2018 01 21 01 06 42.890 -18.852 -69.456 116.0 6
2018 01 23 06 34 54.240 -7.195 105.918 43.91 6
2018 01 23 09 31 42.940 56.046 -149.072 25.0 6
2018 01 23 23 09 09.550 -5.777 -12.543 10.0 6
2018 01 24 00 04 48.720 56.546 -148.535 10.0 6
2018 01 24 10 51 19.90 41.103 142.432 31.0 6
2018 01 25 01 15 58.300 8.264 91.78 10.0 6
2018 01 25 02 10 34.820 55.541 166.446 11.17 6
2018 01 25 16 39 43.500 40.455 -126.333 8.88 6
2018 01 26 22 47 57.760 -3.513 145.847 10.0 6
2018 01 27 21 45 12.340 7.282 -79.676 9.8 6
2018 01 28 16 03 03.970 -53.062 9.684 10.0 6
2018 01 30 14 23 52.870 -15.849 -74.609 34.0 6
2018 01 31 07 07 00.230 36.543 70.815 191.19 6
2018 01 31 16 37 05.510 7.24 -79.642 7.0 6
2018 02 02 00 20 42.210 -0.247 125.182 38.0 6
2018 02 04 13 56 41.950 24.157 121.707 12.0 6
2018 02 04 14 13 12.140 24.125 121.764 9.14 6
2018 02 06 15 50 43.300 24.135 121.658 17.0 6
2018 02 07 15 21 31.710 24.073 121.738 15.0 6
2018 02 08 02 29 14.640 79.807 2.03 10.0 6
2018 02 08 21 19 24.820 -37.438 -73.979 4.3 6
2018 02 09 14 05 48.170 18.934 -104.649 12.0 6
2018 02 13 02 39 53.810 12.364 93.131 69.37 6
2018 02 15 08 27 22.40 -0.068 -17.841 10.0 6
2018 02 16 23 39 39.700 16.388 -97.978 25.98 6
2018 02 17 00 36 52.230 16.158 -97.881 4.26 6
2018 02 19 06 57 01.830 16.499 -97.579 40.17 6
2018 02 25 16 28 39.540 37.596 141.732 30.57 6
2018 02 25 17 44 44.70 -6.052 142.77 24.43 6
2018 02 26 08 26 59.340 -6.427 143.27 23.64 6
2018 02 26 11 56 09.30 -6.497 143.549 22.0 6
2018 02 26 13 34 53.750 -2.762 126.727 9.91 6
2018 02 26 15 18 00.280 -6.505 143.255 19.0 6
2018 02 27 06 19 12.240 -6.417 143.048 10.0 6
2018 02 28 02 45 45.450 -6.167 142.479 16.0 6
2018 03 02 02 20 12.280 -6.135 130.278 135.0 6
2018 03 06 14 13 06.20 -6.293 142.612 10.0 6
2018 03 07 04 40 12.170 45.825 152.289 29.4 6
2018 03 08 03 51 07.50 -3.32 130.908 7.91 6
2018 03 08 08 49 46.140 -16.762 35.427 17.0 6
2018 03 08 14 15 18.370 -43.968 -81.815 10.0 6
2018 03 10 14 27 52.780 -56.334 -27.866 11.86 6
2018 03 10 21 45 36.340 -1.423 -15.209 10.0 6
2018 03 16 09 25 01.740 -56.481 -25.734 10.0 6
2018 03 17 05 50 09.70 -47.664 -13.501 10.0 6
2018 03 23 07 40 29.10 12.652 -44.569 10.0 6
2018 03 24 19 58 33.380 -45.778 96.069 10.0 6
2018 03 25 08 58 11.520 -7.309 128.502 149.36 6
2018 03 25 14 28 35.270 -26.792 -63.369 577.24 6
2018 03 25 14 37 23.170 32.591 140.69 50.0 6
2018 03 25 20 14 47.710 -6.624 129.813 169.0 6
2018 03 29 22 54 12.650 38.723 69.978 5.0 6
2018 04 02 13 40 34.840 -20.658 -63.005 559.0 6
2018 04 05 03 53 38.410 6.832 126.778 34.0 6
2018 04 05 11 12 10.170 -20.381 -70.605 34.93 6
2018 04 06 07 46 58.890 -1.417 138.202 10.0 6
2018 04 07 02 56 50.650 -6.36 142.666 10.0 6
2018 04 07 05 48 39.950 -5.841 142.528 17.59 6
2018 04 08 16 32 31.500 35.258 132.539 9.42 6
2018 04 09 00 20 55.550 -57.658 -27.875 245.0 6
2018 04 10 10 19 34.30 -30.986 -71.556 76.08 6
2018 04 11 07 30 42.110 15.773 -94.759 41.43 6
2018 04 15 19 30 43.200 1.408 126.875 34.0 6
2018 04 17 02 52 35.330 -3.513 131.299 10.0 6
2018 04 19 06 34 46.830 28.331 51.612 10.0 6
2018 04 19 21 09 17.00 -42.779 42.187 10.0 6
2018 04 21 19 44 17.80 -48.946 123.591 10.0 6
2018 04 23 08 13 58.30 -1.288 138.428 10.0 6
2018 04 24 02 29 52.610 12.486 -87.765 47.34 6
2018 04 26 16 55 58.340 -1.904 139.78 10.0 6
2018 04 29 22 23 05.950 -39.264 46.119 10.0 6
2018 05 05 06 19 05.40 14.57 123.919 18.0 6
2018 05 08 08 14 11.320 56.295 -148.433 6.0 6
2018 05 09 10 41 45.920 36.991 71.383 116.0 6
2018 05 10 18 02 28.960 6.869 123.762 535.0 6
2018 05 14 18 14 47.390 -55.915 -27.056 10.0 6
2018 05 15 15 48 09.960 -12.783 45.59 17.0 6
2018 05 16 02 12 17.430 -3.792 138.59 90.0 6
2018 05 17 18 42 10.100 42.658 145.635 10.0 6
2018 05 21 00 47 14.50 -12.849 45.653 10.0 6
2018 05 22 00 26 05.820 12.893 145.424 10.99 6
2018 05 23 01 37 46.200 55.258 161.982 35.0 6
2018 05 23 05 44 43.890 7.398 -36.213 10.0 6
2018 05 24 23 11 47.170 0.817 -29.54 10.0 6
2018 06 02 16 28 59.560 4.587 126.657 23.1 6
2018 06 06 18 51 34.520 -58.356 -25.761 31.0 6
2018 06 12 23 08 28.310 -2.019 98.587 9.0 6
2018 06 12 23 46 11.940 -1.946 98.686 10.0 6
2018 06 14 18 12 15.720 0.869 -26.128 10.0 6
2018 06 15 00 57 13.360 -1.963 138.793 10.0 6
2018 06 17 22 58 35.170 34.825 135.64 12.89 6
2018 06 21 16 08 03.320 -24.267 -67.051 189.0 6
2018 06 25 05 14 48.650 36.778 21.407 30.35 6
2018 06 26 01 48 44.210 -59.542 -29.779 27.22 6
2018 06 30 03 56 49.400 19.016 -105.117 15.0 6
2018 07 01 20 45 42.610 46.971 144.961 387.71 6
2018 07 03 09 59 54.520 5.884 125.231 99.55 6
2018 07 06 01 40 04.610 51.499 157.84 45.0 6
2018 07 06 23 35 43.410 -49.652 125.629 10.0 6
2018 07 07 11 23 50.80 35.112 140.647 40.0 6
2018 07 10 10 26 21.980 -31.594 58.349 10.0 6
2018 07 10 16 05 09.730 -31.608 58.153 10.0 6
2018 07 15 01 57 19.410 14.062 51.736 10.0 6
2018 07 15 01 59 09.50 14.175 51.653 10.0 6
2018 07 15 13 09 16.470 13.848 51.717 10.0 6
2018 07 16 15 18 38.390 -61.368 154.973 10.0 6
2018 07 19 13 31 53.880 17.947 -97.736 49.75 6
2018 07 19 18 30 32.710 -6.113 148.73 29.62 6
2018 07 20 10 24 57.140 -28.068 -63.254 587.8 6
2018 07 20 23 56 00.530 18.45 145.993 121.0 6
2018 07 22 10 07 27.230 34.591 46.165 12.0 6
2018 07 22 20 39 17.410 30.433 57.451 10.0 6
2018 07 23 10 36 00.330 -0.349 -19.234 10.0 6
2018 07 24 14 44 52.570 41.81 -126.861 10.0 6
2018 07 25 19 45 05.50 -56.062 -27.68 124.63 6
2018 07 28 17 07 23.370 -7.122 122.747 577.48 6
2018 07 28 22 47 38.740 -8.239 116.508 14.0 6
2018 07 31 08 42 20.550 37.178 141.096 10.9 6
2018 08 03 18 50 53.990 -0.914 -21.978 10.0 6
2018 08 05 11 46 38.190 -8.259 116.436 31.0 6
2018 08 05 12 49 55.250 -8.358 116.14 31.26 6
2018 08 07 13 57 09.830 74.645 8.454 10.0 6
2018 08 07 15 12 57.460 37.884 144.042 13.83 6
2018 08 09 05 25 31.570 -8.315 116.232 10.0 6
2018 08 09 16 53 39.540 -33.351 2.483 10.0 6
2018 08 09 19 21 51.970 13.568 -91.233 18.0 6
2018 08 10 18 09 24.330 -62.626 165.64 10.0 6
2018 08 10 18 12 07.130 48.452 154.925 28.0 6
2018 08 12 14 58 54.286 69.561 -145.299 2.2 6
2018 08 12 19 41 34.740 -35.682 -102.374 10.0 6
2018 08 12 21 15 01.841 69.52 -144.36 1.7 6
2018 08 14 03 29 53.440 -58.11 -25.258 35.0 6
2018 08 16 18 21 30.990 23.352 143.395 11.24 6
2018 08 16 18 22 53.360 23.422 143.318 20.0 6
2018 08 17 15 35 01.870 -7.426 119.834 529.0 6
2018 08 17 22 06 57.390 23.479 143.346 18.1 6
2018 08 17 23 22 24.900 8.769 -83.153 15.0 6
2018 08 18 19 39 07.160 8.801 -77.25 10.0 6
2018 08 19 04 10 23.490 -8.329 116.598 21.41 6
2018 08 19 14 56 28.30 -8.33 116.631 25.21 6
2018 08 19 15 16 35.240 -8.351 116.556 10.0 6
2018 08 19 15 28 58.880 -8.391 116.556 10.0 6
2018 08 21 21 31 47.540 10.779 -62.907 146.18 6
2018 08 22 09 31 47.50 43.644 -127.603 10.0 6
2018 08 22 13 27 48.490 10.659 -62.928 108.0 6
2018 08 22 20 26 29.00 -52.733 27.9 10.0 6
2018 08 24 09 04 06.780 -11.042 -70.816 609.48 6
2018 08 24 10 49 27.310 10.572 91.72 10.0 6
2018 08 25 18 33 15.270 -8.424 116.929 9.21 6
2018 08 25 22 13 25.620 34.611 46.242 10.0 6
2018 08 27 20 09 21.990 -61.794 -58.048 49.0 6
2018 08 28 07 08 11.270 -10.885 124.118 14.0 6
2018 08 28 07 13 32.530 -10.615 124.129 10.59 6
2018 08 31 14 40 27.470 13.557 120.842 116.3 6
2018 09 01 06 13 45.40 -28.979 74.558 10.0 6
2018 09 01 15 43 00.730 27.955 139.913 435.0 6
2018 09 03 20 35 50.30 -58.016 -25.25 28.49 6
2018 09 03 23 37 17.590 1.438 -85.261 10.0 6
2018 09 05 00 36 23.240 -58.287 -24.967 10.0 6
2018 09 05 18 07 59.150 42.686 141.929 35.0 6
2018 09 07 01 47 23.650 8.045 -77.603 10.0 6
2018 09 07 02 12 04.350 -2.345 -78.895 93.53 6
2018 09 07 02 39 17.730 -28.892 -69.953 92.4 6
2018 09 07 06 23 38.650 28.323 59.32 10.0 6
2018 09 08 02 31 30.740 23.332 101.577 8.0 6
2018 09 08 07 16 49.620 7.236 126.478 10.0 6
2018 09 14 15 50 17.820 -2.737 138.774 48.0 6
2018 09 15 00 08 21.430 26.73 129.642 9.32 6
2018 09 15 08 05 29.100 26.682 129.601 10.0 6
2018 09 15 16 24 34.810 26.574 129.527 10.2 6
2018 09 18 07 27 41.330 -37.811 49.782 10.0 6
2018 09 21 12 49 28.840 2.415 -95.478 10.0 6
2018 09 22 10 58 01.690 26.665 129.647 10.0 6
2018 09 27 10 25 47.600 -58.194 -9.582 10.0 6
2018 09 28 06 21 54.900 -26.492 67.589 10.0 6
2018 09 28 06 59 59.780 -0.399 119.77 5.19 6
2018 09 28 07 06 39.860 -26.518 67.622 10.0 6
2018 09 28 10 02 43.480 -0.178 119.84 10.0 6
2018 09 28 10 16 49.140 -0.887 120.027 10.0 6
2018 09 28 10 25 04.440 -1.062 119.96 10.0 6
2018 09 28 10 50 25.150 -0.754 119.947 10.0 6
2018 09 28 13 35 30.630 0.058 119.682 10.0 6
2018 10 02 00 16 45.700 -10.471 120.145 26.0 6
2018 10 05 14 59 44.140 -5.691 -11.525 10.0 6
2018 10 07 00 10 04.880 7.66 -37.708 10.0 6
2018 10 07 00 11 51.220 20.034 -73.012 24.0 6
2018 10 10 18 44 55.280 -7.453 114.455 9.0 6
2018 10 11 02 55 45.100 -5.027 126.706 10.27 6
2018 10 12 21 09 49.310 14.197 -91.197 64.33 6
2018 10 14 05 05 34.370 -41.942 88.499 10.0 6
2018 10 14 12 41 14.450 -42.291 88.693 10.0 6
2018 10 19 05 55 12.820 -2.82 139.116 58.0 6
2018 10 21 01 40 37.950 -29.535 60.752 10.0 6
2018 10 22 05 39 40.330 49.249 -129.478 10.96 6
2018 10 22 06 16 28.160 49.346 -129.213 10.0 6
2018 10 22 06 22 48.810 49.314 -129.672 10.0 6
2018 10 23 04 34 58.720 24.09 122.615 34.19 6
2018 10 25 22 54 52.590 37.514 20.563 14.0 6
2018 10 27 16 57 35.640 65.182 -151.3 30.9 6
2018 10 28 00 38 11.610 45.657 26.397 151.0 6
2018 10 28 22 23 54.80 12.948 -90.384 24.69 6
2018 10 29 06 54 21.440 -57.404 -66.408 10.0 6
2018 10 29 20 17 22.520 -57.549 -66.304 10.0 6
2018 10 29 21 07 13.190 -57.541 -66.163 10.0 6
2018 10 30 02 59 58.140 37.531 20.44 10.0 6
2018 10 30 15 12 00.610 37.512 20.507 11.0 6
2018 11 01 19 30 20.940 -58.074 -25.205 29.0 6
2018 11 01 22 19 51.540 -19.588 -69.292 102.0 6
2018 11 04 07 55 28.10 7.751 123.864 581.0 6
2018 11 09 01 49 40.60 71.626 -11.25 10.0 6
2018 11 09 07 39 16.730 -42.596 -16.156 10.0 6
2018 11 09 07 54 52.560 -42.713 -16.02 10.0 6
2018 11 11 14 03 59.560 15.565 -49.871 10.0 6
2018 11 12 22 37 27.530 -3.076 -103.397 10.0 6
2018 11 14 21 21 50.960 55.632 162.0 50.21 6
2018 11 14 23 01 21.720 -2.904 119.388 13.07 6
2018 11 15 16 49 41.750 -56.826 -25.652 10.0 6
2018 11 15 20 02 22.920 -56.706 -25.546 15.0 6
2018 11 15 23 09 01.60 -56.236 -122.044 10.0 6
2018 11 17 13 17 59.460 15.539 -49.907 10.0 6
2018 11 20 19 09 48.840 30.42 130.066 123.0 6
2018 11 21 18 21 44.289 59.955 -153.265 143.3 6
2018 11 23 10 51 59.840 -56.261 -26.985 82.85 6
2018 11 25 03 40 50.810 13.181 -81.093 10.0 6
2018 11 25 16 37 32.710 34.346 45.743 18.0 6
2018 11 25 20 56 36.180 13.173 -81.033 10.0 6
2018 11 25 23 57 25.170 23.414 118.578 12.41 6
2018 11 27 12 03 28.00 -1.029 -13.663 10.0 6
2018 11 27 19 34 45.570 15.578 -49.843 10.0 6
2018 11 29 20 21 44.620 0.224 96.997 9.44 6
2018 11 30 17 29 29.330 61.346 -149.955 46.7 6
2018 12 01 13 27 21.80 -7.384 128.706 136.0 6
2018 12 03 14 00 07.530 -7.361 128.747 131.0 6
2018 12 05 17 12 13.720 -33.672 -71.654 37.52 6
2018 12 06 01 02 46.320 -8.391 116.006 12.0 6
2018 12 11 02 26 32.730 -58.598 -26.465 164.66 6
2018 12 12 13 13 56.150 -55.676 -128.683 10.0 6
2018 12 16 09 42 37.200 -3.922 140.232 61.97 6
2018 12 16 14 26 19.620 -23.322 112.497 10.0 6
2018 12 19 01 37 40.500 -36.137 -101.072 10.0 6
2018 12 20 17 01 55.150 55.099 164.699 16.56 6
2018 12 23 19 32 22.60 30.407 87.62 10.0 6
2018 12 24 00 18 07.20 34.07 141.699 13.04 6
2018 12 24 00 43 11.240 34.064 141.648 9.06 6
2018 12 24 12 41 19.220 55.417 164.435 10.0 6
2018 12 28 03 03 33.440 -1.452 134.085 41.0 6
2018 12 28 13 03 33.90 44.199 148.583 49.35 6
2018 12 29 03 39 09.740 5.898 126.92 60.21 6
2018 12 30 08 39 12.700 -2.657 102.348 168.3 6
2019 01 04 06 22 44.590 -6.509 130.393 117.72 6
2019 01 05 19 25 38.580 -8.148 -71.583 571.18 6
2019 01 05 22 54 13.770 25.841 144.594 8.32 6
2019 01 06 13 41 59.70 34.125 45.673 14.0 6
2019 01 06 17 27 20.840 2.215 126.74 60.0 6
2019 01 08 12 39 31.40 30.592 131.037 35.0 6
2019 01 15 20 03 20.290 5.853 126.907 61.14 6
2019 01 18 21 27 01.400 -3.304 -76.851 103.0 6
2019 01 20 01 32 51.480 -30.073 -71.423 53.04 6
2019 01 21 11 57 17.860 15.569 -94.727 10.0 6
2019 01 21 23 59 22.600 -10.311 119.147 16.77 6
2019 01 22 05 10 03.670 -10.466 119.03 27.01 6
2019 01 22 19 01 43.580 -43.115 42.324 13.0 6
2019 01 23 11 39 01.330 -10.306 118.928 15.29 6
