1995 09 17 17 09 20.490 -17.122 66.69 8.5 6
1995 10 06 18 09 46.670 -2.009 101.501 36.7 6
1995 10 18 09 30 39.730 36.448 70.39 234.8 6
1995 10 23 22 46 49.700 25.992 102.236 2.9 6
1995 10 29 19 24 32.200 0.825 126.033 63.7 6
1995 11 05 16 29 59.280 -4.926 103.233 44.1 6
1995 11 08 07 14 18.260 1.821 95.059 29.2 6
1995 11 08 16 01 21.300 1.266 121.659 35.2 6
1995 11 13 02 17 53.20 3.592 126.782 52.8 6
1995 12 05 06 32 06.930 -9.001 124.688 37.7 6
1996 01 01 08 05 09.560 0.684 119.984 15.4 6
1996 01 22 23 19 57.590 -60.6 -25.968 10.1 6
1996 02 03 11 14 20.40 27.287 100.294 10 6
1996 02 07 07 57 18.290 1.023 120.209 13.8 6
1996 02 12 09 08 12.150 -11.074 118.742 42.5 6
1996 02 18 23 49 28.260 -1.238 -14.292 10 6
1996 02 28 09 44 09.340 1.717 126.134 107.1 6
1996 03 05 14 52 30.40 24.083 122.266 41.8 6
1996 03 19 15 00 25.940 40.01 76.707 25 6
1996 05 03 03 32 44.760 40.765 109.647 9.5 6
1996 06 02 02 52 09.620 10.794 -42.272 10 6
1996 06 06 17 35 36.80 -41.28 80.672 10 6
1996 06 11 18 22 53.430 12.65 125.202 16.4 6
1996 07 16 10 07 35.860 1.028 120.33 24.9 6
1996 07 20 00 00 41.570 36.13 27.052 26.8 6
1996 07 22 14 19 35.700 1.017 120.476 33.9 6
1996 08 12 17 00 28.590 -0.249 125.134 51.2 6
1996 08 22 05 35 43.160 -7.159 123.35 614 6
1996 08 27 10 50 49.100 -36.79 78.571 10 6
1996 09 05 23 42 07.150 21.926 121.512 24.5 6
1996 09 20 00 03 19.970 9.591 126.346 51.1 6
1996 09 20 04 10 28.220 9.474 126.323 39.5 6
1996 09 20 12 24 38.470 9.472 126.481 6.7 6
1996 09 28 14 10 41.230 10.074 125.39 223.5 6
1996 10 02 09 48 03.100 11.772 125.517 46.8 6
1996 10 08 01 36 54.190 -45.809 96.103 10 6
1996 10 09 13 10 50.420 34.528 32.095 19 6
1996 10 10 15 21 02.830 3.485 97.876 19.7 6
1997 02 04 10 37 51.190 37.738 57.289 35.7 6
1997 02 27 21 08 02.710 29.961 68.202 33.6 6
1997 02 27 21 30 37.990 30.037 67.974 43.4 6
1997 02 28 12 57 22.780 38.088 48.04 39.2 6
1997 03 17 08 05 50.550 -6.66 105.483 50.9 6
1997 04 11 05 34 43.830 39.555 76.947 20 6
1997 05 08 02 53 14.530 24.889 92.276 33.7 6
1997 05 10 07 57 29.580 33.878 59.823 6.7 6
1997 06 02 21 24 39.40 -57.862 -25.642 33 6
1997 08 13 04 45 03.180 25.132 125.866 39.5 6
1997 08 20 07 15 14.480 4.308 96.505 24.7 6
1997 09 17 14 50 36.350 2.099 126.61 45.2 6
1997 09 25 14 20 48.940 -13.749 66.255 10 6
1997 09 26 09 40 25.280 43.092 12.818 0.5 6
1997 10 05 18 04 31.140 -59.737 -29.439 274.3 6
1997 10 06 12 30 07.540 9.761 125.803 124 6
1997 11 08 10 02 53.380 35.116 87.374 38.1 6
1997 11 18 13 07 38.330 37.482 20.692 10 6
1997 11 21 11 23 03.490 22.219 92.683 29.6 6
1997 11 25 12 14 36.120 1.208 122.562 46.3 6
1998 03 29 07 15 00.200 -0.05 -17.966 10 6
1998 04 01 17 56 23.960 -0.502 99.322 61.6 6
1998 04 10 16 40 39.570 -1.215 -15.65 10 6
1998 06 18 04 17 55.600 -11.476 -14.073 10 6
1998 06 27 13 55 53.470 36.845 35.325 46.6 6
1998 09 21 06 52 44.650 0.194 122.468 181.3 6
1998 09 28 13 34 30.360 -8.174 112.444 157.2 6
1998 09 28 19 23 24.460 3.832 126.41 45.1 6
1998 10 28 16 25 04.690 0.82 125.956 46 6
1998 11 08 07 25 49.740 -9.133 121.45 46.9 6
1998 11 19 15 39 21.350 22.673 125.771 23 6
1998 12 06 00 47 14.210 1.295 126.272 42.9 6
1998 12 16 17 45 06.750 1.114 126.126 51.8 6
1998 12 26 15 39 10.420 -1.415 123.63 60.7 6
1999 02 06 17 45 27.80 19.246 121.253 52.1 6
1999 02 23 07 27 58.230 0.145 119.483 50.4 6
1999 02 25 18 58 29.600 51.632 104.914 10 6
1999 03 04 05 38 26.810 28.277 57.203 36.9 6
1999 03 04 08 51 59.380 5.394 121.923 15 6
1999 03 04 08 52 01.00 5.413 122.077 33 6
1999 03 28 19 05 12.270 30.511 79.421 22.9 6
1995 04 14 13 15 17.600 -60.773 -20.021 10 6
1995 04 17 07 14 35.320 33.758 -38.58 10 6
1995 04 21 00 09 54.420 12.007 125.668 20.1 6
1995 04 21 00 30 10.730 11.943 125.584 15.3 6
1995 04 21 00 34 46.460 12.072 125.58 20.7 6
1995 04 23 05 07 58.60 12.374 125.492 0.9 6
1995 05 05 03 53 43.590 12.627 125.28 5.3 6
1995 05 06 01 59 07.40 24.96 95.294 117.6 6
1995 05 13 08 47 13.60 40.167 21.686 13.9 6
1995 05 14 11 33 18.810 -8.409 125.105 11.2 6
1995 05 15 04 05 57.940 41.589 88.816 0 6
1995 05 18 00 06 27.680 -0.844 -22.012 12.2 6
1995 05 23 22 10 12.110 -55.878 -3.377 10 6
1995 06 15 00 15 47.220 38.404 22.271 2.9 6
1995 07 27 05 51 20.190 -12.577 79.226 23.9 6
1995 08 17 00 59 57.930 41.563 88.791 0 6
1995 08 18 02 16 26.770 -55.791 -28.841 37.9 6
1995 08 29 07 25 48.900 -48.01 99.49 10 6
2002 01 03 07 05 26.100 36.039 70.679 115 6
2002 03 03 12 08 06.650 36.472 70.45 194.7 6
2002 06 28 17 19 30.610 43.763 130.665 568 6
2002 10 23 11 27 20.130 63.554 -148.067 19.7 6
2002 11 02 01 26 11.830 2.979 96.114 31 6
2000 01 08 11 59 24.700 -23.219 -70.189 61.5 6
2000 04 23 09 27 23.30 -28.289 -62.944 603.6 6
2000 04 23 17 01 17.290 -28.332 -62.926 604.6 6
2000 05 12 18 43 15.160 -23.779 -66.74 193.5 6
2000 05 12 23 10 26.540 35.911 70.683 77.3 6
2000 12 06 17 11 06.610 39.493 54.811 33 6
2000 12 12 05 26 46.290 6.028 -82.66 10 6
2001 01 10 16 02 43.580 56.986 -153.462 33 6
2001 01 26 03 16 40.260 23.442 70.31 16 6
2001 06 23 20 33 09.330 -16.303 -73.561 2.2 6
2001 06 23 21 27 35.800 -17.181 -72.642 33 6
2001 06 26 04 18 32.670 -17.831 -71.63 33 6
2001 07 07 09 38 43.700 -17.568 -72.007 33 6
2001 07 28 07 32 43.440 59.014 -155.089 134.1 6
2002 03 03 12 08 18.00 36.496 70.517 208.9 6
2002 04 18 16 08 36.920 -27.52 -70.494 61.2 6
2002 06 22 02 58 21.470 35.589 49.022 10 6
2002 09 13 22 28 29.380 13.005 93.105 21 6
2002 10 12 20 09 09.920 -8.315 -71.669 516.4 6
2002 10 24 06 08 38.730 -1.951 29.05 19.2 6
2002 11 03 22 12 41.130 63.628 -147.611 10.8 6
2003 01 22 02 06 35.950 18.896 -104.081 27.4 6
2003 05 14 06 03 33.630 18.36 -58.627 20.3 6
2003 07 27 11 41 27.20 -20.136 -65.125 345 6
2003 09 22 04 45 36.540 19.798 -70.659 10 6
2003 09 27 11 33 25.130 50.008 87.778 16 6
2003 10 01 01 03 26.310 50.159 87.707 17.7 6
2004 01 16 18 07 53.950 7.664 -37.659 10 6
2004 04 05 21 24 00.960 36.557 71.003 168.5 6
2004 05 28 12 38 43.40 36.321 51.587 17 6
2004 11 15 09 06 55.390 4.741 -77.47 15 6
2004 11 20 08 07 22.00 9.59 -84.149 24.5 6
2004 11 21 11 41 07.290 15.733 -61.678 21.2 6
2005 03 21 12 23 53.70 -24.941 -63.456 576.6 6
2005 03 21 12 43 11.350 -24.68 -63.508 567.1 6
2005 04 11 14 54 05.410 -7.313 -77.962 128.6 6
2005 06 13 22 44 32.420 -19.917 -69.215 111.9 6
2005 07 24 15 42 05.00 7.906 92.145 17.5 6
2005 09 26 01 55 37.710 -5.736 -76.475 129.1 6
2005 10 08 03 50 35.990 34.523 73.64 7.9 6
2005 11 17 19 26 54.800 -22.367 -67.942 161.7 6
2006 04 20 23 25 02.960 61.039 167.097 26.6 6
2006 04 29 16 58 06.870 60.581 167.535 13.4 6
2006 08 25 00 44 46.530 -24.345 -67.009 184.9 6
2006 09 22 02 32 24.600 -26.845 -63.114 583 6
2006 10 20 10 48 57.800 -13.496 -76.667 34.3 6
2006 11 13 01 26 36.370 -26.16 -63.291 581.9 6
