2005 06 13 22 44 24.007 -19.9172 -69.2156 111.9 6
2008 06 22 23 56 17.156 67.7013 141.181 22.2 6
2008 06 28 12 54 41.503 10.8674 91.7274 27.9 6
2008 07 05 2 11 59.314 53.9462 152.863 646.1 6
2008 07 08 9 13 6.267 -15.9861 -71.7482 122.6 6
2001 02 25 2 21 54.582 36.482 70.865 186.2 6
2004 04 05 21 23 53.090 36.5576 71.0033 168.5 6
2004 09 28 15 27 40.038 -52.5011 28.0501 10 6
2005 03 13 3 31 9.621 27.0839 61.9044 51.8 6
2011 10 13 3 16 19.877 -9.3634 114.555 63.2 6
2011 10 23 20 45 20.276 38.5893 43.1165 10.1 6
2011 11 08 2 58 55.951 27.2502 125.723 228.2 6
2011 12 11 9 54 43.670 -56.049 -28.2135 130.6 6
2011 12 13 7 52 2.104 0.0473 123.063 167.4 6
2011 12 27 15 21 53.561 51.8349 95.9643 12.8 6
2012 01 10 18 36 47.357 2.4307 93.2081 20.9 6
2012 01 15 13 40 18.717 -60.701 -55.8579 17.3 6
2012 01 15 14 21 26.529 -60.8685 -56.0334 23 6
2012 01 22 5 53 41.392 -56.9317 -25.2293 18.7 6
2012 02 06 3 49 2.016 9.9194 123.217 17.5 6
2012 02 26 6 17 9.385 51.8008 95.9804 13 6
2012 04 11 8 38 27.712 2.2376 93.0144 26.3 6
2012 04 11 10 43 7.324 0.7675 92.4284 21.6 6
2012 04 15 5 57 27.829 2.581 90.3359 25 6
2012 05 20 2 3 49.474 44.873 11.2227 17.7 6
2012 06 10 12 44 6.330 36.3847 28.9676 32 6
2012 06 16 22 18 44.879 15.5423 119.604 44.9 6
2012 06 23 4 34 43.029 3.0022 97.9116 101.9 6
2012 06 29 21 7 19.359 43.4335 84.6125 17.1 6
2012 07 26 5 33 29.412 -17.5507 66.2905 16.2 6
2012 08 11 12 23 4.211 38.4023 46.838 8.7 6
2012 08 12 10 46 52.640 35.6526 82.5417 14 6
2012 08 26 15 5 27.128 2.1983 126.87 90.9 6
2012 09 03 18 23 8.216 -10.677 113.965 34.8 6
2012 09 14 4 51 37.943 -3.3008 100.67 23.3 6
2012 10 17 4 42 15.918 4.1791 124.561 338.4 6
2012 12 11 6 18 24.680 0.5606 126.224 43.8 6
2013 03 19 3 28 53.823 -58.9815 -24.5697 52 6
2013 03 27 2 3 19.070 23.8815 121.135 18.6 6
2013 04 09 11 52 47.191 28.4463 51.629 12.8 6
2013 04 16 10 44 11.475 27.9704 62.136 63.1 6
2013 05 11 2 8 0.199 26.6583 57.8438 15.1 6
2013 06 02 5 42 50.874 23.8318 121.059 17 6
2013 09 05 4 1 35.566 15.2518 -45.2139 10.4 6
2013 09 24 11 29 46.738 26.9109 65.5315 15.5 6
2013 09 28 7 34 1.328 27.1617 65.6192 18.7 6
2013 10 31 12 2 8.796 23.5436 121.458 14.8 6
2013 11 03 11 3 40.388 4.6415 123.4 556.8 6
2013 11 16 3 34 31.552 -60.3079 -47.199 24 6
2013 11 17 9 4 51.087 -60.3783 -46.5876 7.9 6
2013 11 25 6 27 21.980 -53.9716 -54.9648 10 6
2014 01 25 5 14 10.533 -8.0446 109.223 87.8 6
2014 01 26 13 55 33.717 38.191 20.507 13.8 6
2014 02 01 3 58 39.936 -56.9339 -27.3456 142.9 6
2014 02 12 9 19 39.705 35.8767 82.5807 4.1 6
2014 04 15 3 57 0.225 -53.609 8.7098 10 6
2014 05 15 10 16 35.142 9.3491 122.035 30.1 6
2014 06 14 11 10 52.990 -10.1131 91.0383 23.1 6
2014 06 29 14 32 42.823 -55.4186 -28.224 11.9 6
2014 08 03 8 30 8.694 27.217 103.458 28 6
2014 08 06 11 45 20.075 -7.2741 128.036 10 6
2014 08 06 11 45 22.174 -7.13 127.92 19.5 6
2014 08 18 2 32 3.695 32.711 47.638 10 6
2014 08 18 18 8 10.140 32.5827 47.7037 5 6
2014 11 17 16 52 37.024 -46.4072 33.7019 12.2 6
2014 11 21 10 10 13.720 2.2707 127.031 45.2 6
2014 11 26 14 33 40.422 1.9648 126.465 47.7 6
2014 12 21 11 34 9.355 2.051 126.544 71 6
2015 02 13 20 6 20.948 22.6103 121.444 30.5 6
2015 02 27 13 44 52.119 -7.358 122.491 559.1 6
2015 03 06 8 22 12.888 -41.3165 80.6147 13.1 6
2015 04 20 1 42 56.131 24.0574 122.432 28.1 6
2015 04 25 6 45 19.839 28.1603 84.8433 14.7 6
2015 04 26 7 8 58.061 27.7365 85.9788 13.4 6
2015 05 12 7 5 6.131 27.8014 86.126 12.3 6
2015 06 04 23 15 39.403 6.0439 116.665 18.1 6
2015 06 17 12 51 23.047 -35.3709 -17.809 27.1 6
2015 07 03 1 7 39.682 37.4703 78.1205 19 6
2015 07 03 6 43 14.396 10.1385 125.977 50.8 6
2015 10 23 1 40 4.806 -54.2258 6.1653 11 6
2015 10 23 4 4 12.508 -45.81 37.17 10 6
2015 10 23 4 4 12.471 -45.8146 37.1711 10 6
2015 10 26 9 9 31.906 36.5244 70.3676 231 6
2015 11 04 3 43 59.417 -8.3381 124.875 20 6
2015 11 08 16 46 56.055 6.8431 94.648 10 6
2015 11 17 7 10 5.065 38.67 20.6 11 6
2015 12 07 7 49 56.061 38.2107 72.7797 22 6
2015 12 25 19 14 44.437 36.4935 71.1263 206 6
2016 01 03 23 5 17.157 24.8036 93.6505 55 6
2016 01 03 23 5 17.044 24.83 93.66 55 6
2016 01 25 4 21 50.604 35.6493 -3.6818 12 6
2016 02 12 10 2 9.767 -9.6338 119.401 28 6
2016 04 06 14 45 21.581 -8.2036 107.386 29 6
2016 04 10 10 28 43.065 36.4725 71.1311 212 6
2016 04 13 18 21 42.803 7.7917 122.023 17 6
2016 05 28 9 46 46.286 -56.2409 -26.9353 78 6
2016 06 01 22 55 58.637 -2.0967 100.665 50 6
2016 06 07 19 15 14.572 1.2789 126.371 31 6
2016 06 09 4 12 58.459 -11.2487 116.267 19 6
2016 06 26 11 17 7.829 39.4793 73.3388 13 6
2016 08 24 1 36 28.191 42.723 13.1877 4.44 6
2016 10 19 0 25 52.325 -4.8626 108.163 614 6
2016 10 26 19 17 56.641 42.9343 13.0434 10 6
2016 10 30 6 40 9.182 42.8547 13.0884 10 6
2016 11 25 14 24 20.164 39.23 74.0208 17 6
2016 12 06 22 3 20.222 5.2834 96.1678 13 6
2016 12 21 0 16 58.795 -7.5082 127.921 152 6
2017 01 10 6 13 42.282 4.4634 122.575 612.71 6
2017 02 07 22 3 51.381 25.2011 63.2577 24.05 6
2017 02 10 14 3 42.305 9.9071 125.452 15 6
2017 05 03 4 47 1.601 39.4996 71.4519 10 6
2017 05 29 14 35 8.298 -1.2872 120.434 12 6
2017 06 12 12 28 29.087 38.9154 26.3713 12 6
2017 07 06 8 3 50.160 11.1111 124.619 6.96 6
2017 07 20 22 31 3.905 36.9249 27.4135 7 6
2017 10 24 10 47 41.960 -7.2364 123.04 549.19 6
2017 11 11 0 36 11.322 -11.7424 -14.1142 10 6
2017 11 12 18 18 1.144 34.9052 45.9563 19 6
2017 12 01 2 32 40.187 30.7431 57.3138 9 6
2017 12 12 8 43 5.329 30.7196 57.2705 10 6
2017 12 13 18 3 33.965 -54.2177 2.1681 10 6
2017 12 15 16 47 54.114 -7.4921 108.174 90 6
2018 01 23 6 34 42.224 -7.1958 105.918 43.91 6
2018 01 28 16 2 58.794 -53.0623 9.6842 10 6
2018 01 31 7 6 57.074 36.5432 70.8155 191.19 6
2018 02 06 15 50 41.909 24.1359 121.658 17 6
2018 03 24 19 58 31.483 -45.7783 96.0692 10 6
2018 04 19 21 9 8.213 -42.7797 42.1877 10 6
2018 05 05 6 18 52.868 14.5708 123.919 18 6
2018 07 28 17 7 20.579 -7.1221 122.747 577.48 6
2018 08 17 15 34 52.702 -7.4263 119.834 529 6
2018 08 19 4 10 10.655 -8.3298 116.598 21.41 6
2018 08 25 22 13 25.361 34.6111 46.2422 10 6
2018 09 18 7 27 40.845 -37.811 49.782 10 6
2018 11 04 7 55 20.398 7.7518 123.865 581 6
2018 11 15 20 2 16.065 -56.7065 -25.546 15 6
2018 11 25 16 37 20.925 34.3464 45.7432 18 6
2018 12 29 3 39 0.933 5.8983 126.921 60.21 6
2019 01 06 17 27 13.833 2.2414 126.736 60 6
2019 01 22 5 9 53.180 -10.4663 119.031 27.01 6
2019 01 22 19 1 35.403 -43.1219 42.3568 13 6
2019 02 02 9 27 35.501 -2.8458 100.076 20 6
2019 03 08 15 6 0.224 10.384 126.006 30 6
2019 04 01 18 38 57.274 -18.2058 65.3656 10 6
2019 04 05 16 14 6.197 -55.9206 -27.856 58.6 6
2019 04 06 21 54 50.874 -6.8492 125.014 539 6
2019 04 12 11 40 45.051 -1.8518 122.553 17.48 6
2019 04 18 5 0 57.206 23.9888 121.693 20 6
2019 04 22 9 11 5.983 14.9236 120.497 20 6
2019 04 23 5 37 40.168 11.8458 125.187 54 6
2019 05 31 10 12 25.029 6.2643 126.552 90.21 6
2019 07 14 5 39 19.015 -18.2237 120.357 10 6
2019 08 27 23 55 17.182 -60.2152 -26.5801 16 6
2019 09 19 7 6 22.559 -6.0708 111.842 610 6
2019 09 24 21 19 39.554 -33.8146 56.2955 10 6
2019 09 29 2 2 40.544 5.6929 126.549 73 6
2019 10 16 11 36 58.082 6.7138 125.001 12.76 6
2019 10 23 16 8 13.595 -1.0987 -13.8367 10 6
2019 11 14 16 17 27.549 1.6199 126.414 33 6
2019 11 14 21 12 45.333 1.5673 126.414 23 6
2019 12 15 6 11 35.485 6.6969 125.174 18 6
2019 12 20 11 39 52.004 36.545 70.4485 212 6
2020 01 19 13 27 46.100 39.8309 77.1064 6.28 6
2020 01 20 6 51 31.884 -59.2336 -26.2748 91.29 6
2019 02 02 9 27 32.127 -2.8458 100.076 20 6
2019 02 02 10 59 26.876 -2.8834 100.133 18 6
2019 03 08 15 6 9.755 10.384 126.006 30 6
2019 04 01 18 39 1.637 -18.2058 65.3656 10 6
2019 04 05 16 14 14.022 -55.9206 -27.856 58.6 6
2019 04 06 21 54 48.486 -6.8492 125.014 539 6
2019 04 18 5 0 57.808 23.9888 121.693 20 6
2019 04 22 9 11 1.366 14.9236 120.497 20 6
2019 04 23 5 37 49.285 11.8458 125.187 54 6
2019 05 31 10 12 19.390 6.2643 126.552 90.21 6
2011 10 13 3 16 22.240 -9.3634 114.555 63.2 6
2011 10 23 10 41 10.226 38.7294 43.4465 7.6 6
2011 12 11 9 54 55.262 -56.049 -28.2135 130.6 6
2012 01 10 18 36 55.891 2.4307 93.2081 20.9 6
2012 02 06 3 49 8.263 9.9194 123.217 17.5 6
2012 02 06 10 10 16.990 9.8996 123.175 12.6 6
2012 02 26 6 17 4.249 51.8008 95.9804 13 6
2012 04 11 9 27 50.161 1.2181 91.7146 10 6
2012 04 11 10 43 6.223 0.7675 92.4284 21.6 6
2012 05 20 2 3 43.978 44.873 11.2227 17.7 6
2012 06 10 12 44 15.325 36.3847 28.9676 32 6
2012 06 16 22 18 35.085 15.5423 119.604 44.9 6
2012 06 29 21 7 22.101 43.4335 84.6125 17.1 6
2012 07 26 5 33 30.166 -17.5507 66.2905 16.2 6
2012 08 11 12 34 35.822 38.3798 46.7958 18.9 6
2012 08 18 9 41 40.873 -1.3518 120.128 27.9 6
2012 10 17 4 42 23.961 4.1791 124.561 338.4 6
2013 01 28 16 38 42.294 42.5824 79.7217 14.3 6
2013 03 19 3 28 51.977 -58.9815 -24.5697 52 6
2013 04 16 10 44 9.096 27.9704 62.136 63.1 6
2013 05 11 2 8 5.940 26.6583 57.8438 15.1 6
2013 06 02 5 42 58.837 23.8318 121.059 17 6
2013 09 06 11 33 52.159 20.1862 122.334 189.4 6
2013 09 24 11 29 43.318 26.9109 65.5315 15.5 6
2013 09 28 7 34 5.029 27.1617 65.6192 18.7 6
2013 10 04 17 26 4.711 -38.707 78.5007 11 6
2013 10 12 13 11 50.573 35.5277 23.3718 46.9 6
2013 11 03 11 3 34.831 4.6415 123.4 556.8 6
2013 11 13 23 45 44.009 -60.3091 -47.2872 10 6
2014 01 25 5 14 14.730 -8.0446 109.223 87.8 6
2014 04 15 3 56 52.119 -53.609 8.7098 10 6
2014 05 05 11 8 42.628 19.6152 99.7038 15.2 6
2014 05 15 10 16 39.987 9.3491 122.035 30.1 6
2014 05 18 1 2 24.664 4.2401 92.7377 32.9 6
2014 09 10 2 46 1.951 -0.2248 125.026 39.9 6
2014 11 17 16 52 35.827 -46.4072 33.7019 12.2 6
2014 12 02 5 11 28.006 6.1572 123.126 614 6
2014 12 10 21 3 25.673 25.5403 122.45 256 6
2015 02 13 18 59 12.751 52.5097 -32.0209 16.9 6
2015 02 13 20 6 21.533 22.6103 121.444 30.5 6
2015 02 27 13 45 2.746 -7.358 122.491 559.1 6
2015 03 06 8 22 16.245 -41.3165 80.6147 13.1 6
2015 04 16 18 7 40.236 35.1952 26.8373 22.6 6
2015 04 20 1 42 50.614 24.0574 122.432 28.1 6
2015 04 26 7 9 7.935 27.7365 85.9788 13.4 6
2015 05 15 20 26 45.297 -2.566 102.223 158.5 6
2015 07 03 1 7 34.124 37.4703 78.1205 19 6
2015 09 18 15 59 28.280 15.2767 -45.9886 10 6
2015 10 23 4 4 12.663 -45.81 37.17 10 6
2015 10 23 4 4 12.627 -45.8146 37.1711 10 6
2015 10 26 9 9 28.590 36.5244 70.3676 231 6
2015 11 17 7 10 5.860 38.67 20.6 11 6
2015 12 07 7 49 57.416 38.2107 72.7797 22 6
2015 12 20 18 47 28.870 3.6455 117.636 14 6
2016 02 12 10 2 18.980 -9.6338 119.401 28 6
2016 04 13 13 55 17.299 23.0944 94.8654 136 6
2016 04 13 18 21 45.070 7.7917 122.023 17 6
2016 04 19 5 25 28.737 -55.7283 -27.2307 14 6
2016 05 31 5 23 41.508 25.5615 122.546 246.4 6
2016 06 26 11 17 7.955 39.4793 73.3388 13 6
2016 08 23 19 39 40.238 -7.2805 122.425 532.4 6
2016 08 29 4 29 49.872 -0.0471 -17.8294 10 6
2016 10 30 6 40 8.712 42.8547 13.0884 10 6
2016 11 25 14 24 26.037 39.23 74.0208 17 6
2016 12 06 22 3 32.396 5.2834 96.1678 13 6
2017 04 05 6 9 10.717 35.7999 60.4364 13 6
2017 05 03 4 46 53.941 39.4996 71.4519 10 6
2017 05 29 14 35 10.220 -1.2872 120.434 12 6
2017 06 12 12 28 24.492 38.9154 26.3713 12 6
2017 07 19 12 16 15.460 -17.4154 66.4836 10 6
2017 07 20 22 31 10.733 36.9249 27.4135 7 6
2017 08 08 13 19 41.099 33.1926 103.855 9 6
2017 08 08 23 27 37.855 44.3014 82.8268 20 6
2017 08 11 5 28 17.514 13.9987 120.678 172 6
2017 08 31 17 6 51.995 -1.159 99.6881 43.14 6
2017 10 10 18 53 26.807 -54.2584 8.6055 9 6
2017 11 11 0 36 4.552 -11.7424 -14.1142 10 6
2017 11 17 22 34 14.596 29.8327 94.9776 8 6
2017 12 01 2 32 44.675 30.7431 57.3138 9 6
2017 12 12 21 41 25.145 30.8226 57.2861 8 6
2018 01 11 18 26 20.583 18.3629 96.0776 9 6
2018 01 23 6 34 42.618 -7.1958 105.918 43.91 6
2018 01 28 16 3 3.608 -53.0623 9.6842 10 6
2018 01 31 7 6 52.428 36.5432 70.8155 191.19 6
2018 02 04 13 56 32.632 24.1572 121.708 12 6
2018 02 06 15 50 39.438 24.1359 121.658 17 6
2018 07 28 22 47 35.633 -8.2395 116.508 14 6
2018 08 05 11 46 23.701 -8.2597 116.436 31 6
2018 08 17 15 34 47.240 -7.4263 119.834 529 6
2018 08 19 4 10 14.078 -8.3298 116.598 21.41 6
2018 09 28 6 59 57.633 -0.3991 119.77 5.19 6
2018 10 10 18 44 48.432 -7.453 114.455 9 6
2018 10 25 22 54 52.105 37.5148 20.5635 14 6
2018 11 04 7 55 11.078 7.7518 123.865 581 6
2018 11 09 1 49 39.042 71.6264 -11.2502 10 6
2018 11 11 14 3 58.876 15.5653 -49.8719 10 6
2019 01 21 23 59 17.965 -10.3113 119.147 16.77 6
2019 01 22 19 1 28.150 -43.1219 42.3568 13 6
2019 02 02 9 27 29.197 -2.8458 100.076 20 6
2019 02 02 10 59 22.835 -2.8834 100.133 18 6
2019 04 01 18 38 59.203 -18.2058 65.3656 10 6
2019 04 05 16 14 4.325 -55.9206 -27.856 58.6 6
2019 04 12 11 40 36.540 -1.8518 122.553 17.48 6
2019 04 18 5 0 56.104 23.9888 121.693 20 6
2019 04 22 9 10 57.898 14.9236 120.497 20 6
2019 07 14 5 39 22.881 -18.2237 120.357 10 6
2019 07 26 23 37 50.971 20.8436 121.976 10 6
2019 10 23 16 8 4.215 -1.0987 -13.8367 10 6
2019 10 29 1 4 36.372 6.7587 124.995 14.95 6
2019 10 31 1 11 11.017 6.9079 125.183 10 6
2019 11 02 18 8 37.094 -55.6659 -26.2338 8 6
2019 11 26 2 54 8.849 41.5149 19.5212 20 6
2019 11 27 7 23 31.093 35.7272 23.2673 71.76 6
2020 01 07 6 5 15.076 2.3334 96.347 20.34 6
2020 01 19 13 27 49.702 39.8309 77.1064 6.28 6
2020 01 24 17 55 13.617 38.3898 39.0814 11.91 6
2000 04 23 9 27 9.238 -28.289 -62.944 603.6 6
2000 04 23 17 1 2.435 -28.332 -62.926 604.6 6
2000 07 21 1 53 29.448 9.418 -85.324 42.2 6
2002 10 24 6 8 33.434 -1.951 29.05 19.2 6
2003 09 27 11 33 24.368 50.0089 87.7788 16 6
2004 03 08 23 39 9.421 10.9168 -43.9316 10 6
2005 03 13 3 31 16.086 27.0839 61.9044 51.8 6
2005 04 11 14 54 4.649 -7.3136 -77.962 128.6 6
2005 05 21 5 11 30.421 -3.2328 -80.9455 39.7 6
2005 06 15 2 50 55.273 41.4472 -125.585 18 6
2005 11 17 19 26 45.856 -22.3676 -67.9421 161.7 6
2006 03 31 1 16 54.452 33.5819 48.7952 15.4 6
2006 10 20 10 48 51.423 -13.4967 -76.6679 34.3 6
2006 11 13 1 26 29.249 -26.1608 -63.2916 581.9 6
2007 02 04 20 56 58.585 19.4006 -78.4052 10 6
2007 03 18 2 11 6.441 4.6445 -78.4592 17.7 6
2007 04 03 3 35 3.972 36.5173 70.6851 213 6
2007 07 03 8 25 59.185 0.72 -30.2614 10 6
2007 07 12 5 23 40.605 -7.9279 -74.3249 152.4 6
2007 07 21 13 26 58.837 -8.0859 -71.2071 633.7 6
2007 07 31 22 55 24.351 -0.1853 -17.7754 17.6 6
2007 08 15 23 40 55.912 -13.3836 -76.5555 41.2 6
2007 08 20 22 42 27.951 8.1252 -39.2485 0.7 6
2007 09 10 1 49 7.107 3.0005 -77.9001 29 6
2007 11 15 15 5 50.745 -22.7389 -70.0773 35 6
2007 11 16 3 12 57.375 -2.3388 -77.7937 123.6 6
2007 11 18 5 39 59.504 -22.6479 -66.2655 216.4 6
2007 11 20 17 55 39.229 -22.8806 -70.5143 13.7 6
2007 11 29 19 0 15.909 14.9946 -61.2236 147.3 6
2007 12 16 8 9 10.794 -22.8877 -70.1289 57 6
2008 01 09 8 26 43.572 32.4042 85.2551 27.7 6
2008 02 08 9 38 6.254 10.7251 -41.902 4.1 6
2008 02 21 2 46 6.428 77.0612 18.5685 10.5 6
2008 05 12 6 27 59.884 31.0636 103.372 7.6 6
2008 05 23 19 35 25.642 7.3593 -34.891 10 6
2008 06 27 11 40 14.091 10.996 91.841 27.6 6
2008 09 03 11 25 0.682 -26.83 -63.1933 570.6 6
2008 09 10 11 0 28.798 26.7723 55.8332 12 6
2008 09 10 13 8 8.447 8.1265 -38.6802 3.1 6
2008 10 12 20 55 38.591 -20.1808 -64.9821 357.8 6
2008 11 10 1 21 46.280 37.6199 95.8853 0.1 6
2005 02 14 23 38 7.132 41.669 79.3417 31.4 6
2009 12 26 8 57 14.046 -5.4255 131.324 64.9 6
2010 01 05 4 55 28.093 -58.464 -14.8595 10 6
2010 02 07 6 9 50.971 23.4364 123.691 23 6
2010 02 15 21 51 44.933 -7.2679 128.767 134.7 6
2010 03 04 0 18 36.732 22.9301 120.8 27 6
2010 03 05 16 6 55.760 -3.8389 100.916 24.2 6
2010 03 08 2 32 23.530 38.7884 40.044 12.2 6
2010 03 14 0 57 39.853 -1.6485 128.082 63.6 6
2010 03 25 5 29 23.354 13.8293 120.014 24.6 6
2010 03 30 16 54 46.433 13.6128 92.8746 38.5 6
2010 04 05 10 5 34.655 -0.0893 125.105 28.1 6
2010 04 11 22 7 57.342 37.0075 -3.4764 619.6 6
2010 04 13 23 49 30.136 33.1928 96.7466 13.8 6
2010 05 09 5 59 35.066 3.7328 96.0278 42.3 6
2010 05 26 8 53 3.485 25.7386 129.955 12 6
2010 05 31 10 16 1.771 6.9374 123.962 34.3 6
2010 06 12 19 26 43.965 7.8506 91.9546 31.4 6
2010 06 16 3 16 22.341 -2.2032 136.587 22.1 6
2010 07 23 22 7 57.467 6.7113 123.488 610.2 6
2010 07 23 22 51 3.765 6.4232 123.58 584.7 6
2010 07 23 23 15 1.368 6.7403 123.327 633.7 6
2010 07 29 7 31 56.181 6.5583 123.36 615.8 6
2010 08 03 12 8 21.672 1.2978 126.279 50.6 6
2010 09 17 19 21 7.874 36.5352 70.9695 215.4 6
2010 10 08 5 43 0.373 2.7637 128.221 140.8 6
2010 10 25 14 42 19.520 -3.5248 100.104 20 6
2010 12 15 11 29 29.975 -7.2664 128.794 140.4 6
2010 12 20 18 41 47.444 28.3681 59.15 14.5 6
2011 01 18 20 23 12.563 28.6831 63.9948 79.9 6
2011 02 04 13 53 41.528 24.6094 94.7347 86.5 6
2011 02 10 14 39 14.503 4.1297 123.062 532.8 6
2011 03 10 17 8 28.807 -6.8567 116.73 518.6 6
2011 03 24 13 55 2.829 20.6298 99.9178 12.8 6
2011 04 03 20 6 33.038 -9.7342 107.769 31.9 6
2011 06 13 14 31 16.818 2.5446 126.455 66 6
2011 07 19 19 35 41.042 40.1562 71.5011 19.5 6
2011 08 16 11 3 51.693 -2.3027 128.036 38.7 6
2011 08 30 6 57 39.482 -6.3592 126.75 467.2 6
2011 09 03 4 48 50.047 -56.5611 -26.9231 96.3 6
2011 09 18 12 40 47.256 27.8039 88.1536 29.6 6
2011 10 13 3 16 17.596 -9.3634 114.555 63.2 6
2011 10 23 10 41 17.422 38.7294 43.4465 7.6 6
2011 10 23 20 45 28.426 38.5893 43.1165 10.1 6
2011 11 08 2 59 7.487 27.2502 125.723 228.2 6
2011 11 14 4 5 2.880 -0.953 126.88 24.4 6
2011 11 30 0 27 1.818 15.4295 119.098 21.1 6
2011 12 13 7 51 55.375 0.0473 123.063 167.4 6
2011 12 27 15 21 48.524 51.8349 95.9643 12.8 6
2012 01 10 18 36 58.123 2.4307 93.2081 20.9 6
2012 01 15 13 40 15.315 -60.701 -55.8579 17.3 6
2012 01 15 14 21 32.798 -60.8685 -56.0334 23 6
2012 02 06 10 10 16.456 9.8996 123.175 12.6 6
2012 04 11 10 43 0.235 0.7675 92.4284 21.6 6
2012 04 15 5 57 33.135 2.581 90.3359 25 6
2012 05 20 2 3 52.477 44.873 11.2227 17.7 6
2012 06 10 12 44 15.076 36.3847 28.9676 32 6
2012 06 29 21 7 22.087 43.4335 84.6125 17.1 6
2012 08 11 12 34 21.083 38.3798 46.7958 18.9 6
2012 09 03 18 23 2.431 -10.677 113.965 34.8 6
2012 10 17 4 42 25.483 4.1791 124.561 338.4 6
2012 11 02 18 17 25.059 9.235 126.281 55.5 6
2012 12 11 6 18 14.800 0.5606 126.224 43.8 6
2013 01 28 16 38 37.542 42.5824 79.7217 14.3 6
2013 04 06 4 42 32.183 -3.4714 138.474 69.4 6
2013 04 09 11 52 45.034 28.4463 51.629 12.8 6
2013 07 15 14 3 36.663 -61.0527 -25.2274 19.9 6
2013 07 22 7 1 28.574 -46.0946 34.8615 3.2 6
2013 08 12 0 53 29.635 -7.1167 129.791 104.8 6
2013 09 24 11 29 43.789 26.9109 65.5315 15.5 6
2013 09 28 7 33 52.775 27.1617 65.6192 18.7 6
2013 10 12 13 11 41.366 35.5277 23.3718 46.9 6
2013 11 03 11 3 38.203 4.6415 123.4 556.8 6
2013 11 17 9 4 52.709 -60.3783 -46.5876 7.9 6
2013 11 19 13 32 46.400 2.7153 128.447 56.1 6
2013 11 25 6 27 32.421 -53.9716 -54.9648 10 6
2013 12 01 1 24 5.272 -7.0288 128.415 25.9 6
2014 01 25 5 14 12.086 -8.0446 109.223 87.8 6
2014 01 26 13 55 28.019 38.191 20.507 13.8 6
2014 02 01 3 58 41.518 -56.9339 -27.3456 142.9 6
2014 02 03 3 8 45.343 38.2552 20.4368 14.5 6
2014 02 12 9 19 38.755 35.8767 82.5807 4.1 6
2014 03 02 20 11 9.696 27.4238 127.328 118.9 6
2014 04 15 3 56 52.504 -53.609 8.7098 10 6
2014 05 18 1 2 28.208 4.2401 92.7377 32.9 6
2014 06 14 11 10 51.020 -10.1131 91.0383 23.1 6
2014 08 18 2 31 57.222 32.711 47.638 10 6
2014 09 10 2 46 3.678 -0.2248 125.026 39.9 6
2014 10 07 13 49 39.963 23.3434 100.501 12.8 6
2014 11 21 10 10 13.527 2.2707 127.031 45.2 6
2014 12 06 22 4 58.180 -6.11 130.483 116 6
2014 12 10 21 3 28.493 25.5403 122.45 256 6
2014 12 21 11 34 12.131 2.051 126.544 71 6
2015 02 16 22 0 43.419 -55.5186 -28.2292 18.1 6
2015 02 27 13 44 54.266 -7.358 122.491 559.1 6
2015 03 17 22 12 15.704 1.6716 126.434 55.7 6
2015 04 20 1 42 55.667 24.0574 122.432 28.1 6
2015 04 25 6 45 12.191 28.1603 84.8433 14.7 6
2015 04 26 7 9 0.866 27.7365 85.9788 13.4 6
2015 05 12 7 5 15.078 27.8014 86.126 12.3 6
2015 06 17 12 51 33.299 -35.3709 -17.809 27.1 6
2015 07 03 1 7 28.973 37.4703 78.1205 19 6
2015 10 26 9 9 34.501 36.5244 70.3676 231 6
2015 11 04 3 44 6.389 -8.3381 124.875 20 6
2015 11 08 16 46 51.902 6.8431 94.648 10 6
2015 11 17 7 9 55.888 38.67 20.6 11 6
2015 12 07 7 49 53.250 38.2107 72.7797 22 6
2015 12 09 10 21 36.169 -4.1064 129.508 21 6
2015 12 20 18 47 32.171 3.6455 117.636 14 6
2015 12 25 19 14 46.658 36.4935 71.1263 206 6
2016 01 11 16 37 57.688 3.8966 126.857 13 6
2016 01 25 4 22 2.088 35.6493 -3.6818 12 6
2016 02 12 10 2 21.870 -9.6338 119.401 28 6
2016 02 27 21 29 36.164 -51.7897 139.596 10 6
2016 03 02 12 49 35.700 -4.9521 94.3299 24 6
2016 04 06 14 45 23.363 -8.2036 107.386 29 6
2016 04 10 10 28 50.182 36.4725 71.1311 212 6
2016 04 13 13 55 3.998 23.0944 94.8654 136 6
2016 05 28 9 46 54.722 -56.2409 -26.9353 78 6
2016 06 05 16 25 17.765 -4.587 125.626 429.62 6
2016 06 07 19 15 8.695 1.2789 126.371 31 6
2016 08 23 19 39 43.195 -7.2805 122.425 532.4 6
2016 08 24 10 34 53.605 20.9224 94.5687 82 6
2016 10 19 0 25 48.698 -4.8626 108.163 614 6
2016 10 30 6 40 16.426 42.8547 13.0884 10 6
2016 11 25 14 24 25.284 39.23 74.0208 17 6
2016 12 06 22 3 30.582 5.2834 96.1678 13 6
2016 12 29 22 30 11.130 -9.0279 118.664 79 6
2017 01 10 6 13 43.948 4.4634 122.575 612.71 6
2017 02 10 14 3 43.781 9.9071 125.452 15 6
2017 04 28 20 23 5.034 5.5046 125.072 26 6
2017 07 20 22 30 56.125 36.9249 27.4135 7 6
2017 08 08 23 27 41.015 44.3014 82.8268 20 6
2017 08 13 3 8 1.144 -3.7682 101.623 31 6
2017 10 10 18 53 24.368 -54.2584 8.6055 9 6
2017 11 11 0 36 0.836 -11.7424 -14.1142 10 6
2017 11 12 18 18 1.290 34.9052 45.9563 19 6
2017 12 01 2 32 33.777 30.7431 57.3138 9 6
2017 12 12 8 43 13.921 30.7196 57.2705 10 6
2017 12 12 21 41 28.280 30.8226 57.2861 8 6
2017 12 15 16 47 53.677 -7.4921 108.174 90 6
2018 01 28 16 2 57.719 -53.0623 9.6842 10 6
2018 01 31 7 6 52.087 36.5432 70.8155 191.19 6
2018 02 26 13 34 41.406 -2.7629 126.727 9.91 6
2018 05 05 6 18 47.891 14.5708 123.919 18 6
2018 05 09 10 41 31.519 36.9916 71.3833 116 6
2018 07 28 17 7 16.966 -7.1221 122.747 577.48 6
2018 08 17 15 34 54.445 -7.4263 119.834 529 6
2018 08 19 14 56 27.271 -8.3303 116.631 25.21 6
2018 09 28 10 2 35.094 -0.1781 119.84 10 6
2018 10 10 18 44 41.435 -7.453 114.455 9 6
2018 10 25 22 54 37.593 37.5148 20.5635 14 6
2018 11 04 7 55 10.444 7.7518 123.865 581 6
2018 12 29 3 38 58.829 5.8983 126.921 60.21 6
2019 01 06 17 27 16.336 2.2414 126.736 60 6
2019 01 22 19 1 36.446 -43.1219 42.3568 13 6
2019 03 08 15 5 59.169 10.384 126.006 30 6
2019 03 24 4 37 29.995 1.6617 126.38 45 6
2019 04 12 11 40 42.419 -1.8518 122.553 17.48 6
2019 04 18 5 0 59.056 23.9888 121.693 20 6
2019 04 22 9 11 3.934 14.9236 120.497 20 6
2019 07 14 9 10 44.769 -0.529 128.093 10 6
2019 10 29 1 4 43.500 6.7587 124.995 14.95 6
2019 10 31 1 11 4.303 6.9079 125.183 10 6
2019 11 14 16 17 37.639 1.6199 126.414 33 6
2019 11 14 21 12 52.260 1.5673 126.414 23 6
2019 12 20 11 39 41.884 36.545 70.4485 212 6
2009 12 19 13 2 11.432 23.7932 121.703 50.1 6
2009 12 26 8 57 13.860 -5.4255 131.324 64.9 6
2010 01 17 11 59 58.992 -57.6927 -66.0377 10 6
2010 02 05 6 58 55.205 -47.9345 99.5103 16 6
2010 02 15 21 51 39.873 -7.2679 128.767 134.7 6
2010 03 04 0 18 37.146 22.9301 120.8 27 6
2010 03 25 5 29 25.114 13.8293 120.014 24.6 6
2010 03 30 16 54 33.132 13.6128 92.8746 38.5 6
2010 04 05 10 5 34.041 -0.0893 125.105 28.1 6
2010 04 11 22 8 9.028 37.0075 -3.4764 619.6 6
2010 04 13 23 49 33.477 33.1928 96.7466 13.8 6
2010 04 24 7 40 59.742 -1.8988 128.112 38.7 6
2010 05 05 16 28 57.848 -4.1395 101.105 26.3 6
2010 05 09 5 59 32.582 3.7328 96.0278 42.3 6
2010 05 31 10 16 2.174 6.9374 123.962 34.3 6
2010 05 31 19 51 34.073 11.2109 93.6519 131.6 6
2010 06 12 19 26 36.691 7.8506 91.9546 31.4 6
2010 06 16 3 16 17.450 -2.2032 136.587 22.1 6
2010 07 23 22 8 1.235 6.7113 123.488 610.2 6
2010 07 23 22 51 2.049 6.4232 123.58 584.7 6
2010 07 23 23 14 57.079 6.7403 123.327 633.7 6
2010 07 29 7 31 38.877 6.5583 123.36 615.8 6
2010 09 17 19 20 59.467 36.5352 70.9695 215.4 6
2010 09 26 12 12 33.039 -5.2995 133.898 20.4 6
2010 09 29 17 10 47.721 -4.9188 133.807 18.3 6
2010 10 04 13 28 32.434 24.2175 125.249 32.8 6
2010 10 25 14 42 7.670 -3.5248 100.104 20 6
2010 10 25 19 37 30.438 -3.0065 100.37 22.6 6
2010 11 10 4 5 22.453 -45.5992 96.3646 15.3 6
2010 12 15 11 29 28.129 -7.2664 128.794 140.4 6
2010 12 20 18 41 42.498 28.3681 59.15 14.5 6
2011 01 18 20 23 24.209 28.6831 63.9948 79.9 6
2011 02 04 13 53 42.995 24.6094 94.7347 86.5 6
2011 02 10 14 39 11.530 4.1297 123.062 532.8 6
2011 02 10 14 41 58.702 4.0464 123.034 531.2 6
2011 03 06 14 32 25.070 -56.3864 -27.0253 92 6
2011 03 06 14 32 27.339 -56.41 -26.68 101.2 6
2011 03 10 17 8 32.954 -6.8567 116.73 518.6 6
2011 03 20 8 26 10.060 19.0747 121.307 39.9 6
2011 03 24 13 55 10.347 20.6298 99.9178 12.8 6
2011 04 01 13 29 4.992 35.7317 26.5466 75.5 6
2011 04 03 20 6 40.963 -9.7342 107.769 31.9 6
2011 05 14 21 7 11.228 36.4257 70.7231 207.6 6
2011 07 19 19 35 38.655 40.1562 71.5011 19.5 6
2011 08 30 6 57 37.552 -6.3592 126.75 467.2 6
2011 09 03 4 48 55.052 -56.5611 -26.9231 96.3 6
2011 09 05 17 55 10.140 3.0253 97.9991 106.6 6
2011 09 18 12 40 37.005 27.8039 88.1536 29.6 6
2011 10 13 3 16 23.732 -9.3634 114.555 63.2 6
2011 10 23 10 41 18.078 38.7294 43.4465 7.6 6
2011 11 14 4 5 5.143 -0.953 126.88 24.4 6
2011 11 30 0 26 53.178 15.4295 119.098 21.1 6
2011 12 11 9 54 46.234 -56.049 -28.2135 130.6 6
2011 12 13 7 51 57.523 0.0473 123.063 167.4 6
2012 01 10 18 36 56.054 2.4307 93.2081 20.9 6
2012 01 15 13 40 18.848 -60.701 -55.8579 17.3 6
2012 02 06 3 49 10.707 9.9194 123.217 17.5 6
2012 02 06 10 10 18.688 9.8996 123.175 12.6 6
2012 04 11 8 38 36.187 2.2376 93.0144 26.3 6
2012 04 11 10 43 2.132 0.7675 92.4284 21.6 6
2012 04 14 10 56 15.268 -57.5759 -65.3721 8.4 6
2012 04 15 5 57 30.147 2.581 90.3359 25 6
2012 04 17 19 3 42.989 -59.1876 -16.8077 13.6 6
2012 05 20 2 3 51.552 44.873 11.2227 17.7 6
2012 06 16 22 18 40.121 15.5423 119.604 44.9 6
2012 06 23 4 34 41.269 3.0022 97.9116 101.9 6
2012 06 29 21 7 27.347 43.4335 84.6125 17.1 6
2012 08 11 12 34 28.703 38.3798 46.7958 18.9 6
2012 08 12 10 46 59.661 35.6526 82.5417 14 6
2012 08 31 12 47 31.416 10.8107 126.826 44.4 6
2012 09 03 18 23 4.584 -10.677 113.965 34.8 6
2012 09 14 4 51 32.690 -3.3008 100.67 23.3 6
2012 10 08 11 43 31.730 -4.5414 129.235 29.6 6
2012 10 17 4 42 25.517 4.1791 124.561 338.4 6
2012 12 10 16 53 1.153 -6.4969 129.868 161.5 6
2012 12 11 6 18 23.326 0.5606 126.224 43.8 6
2012 12 17 9 16 20.229 -0.6936 123.884 46.4 6
2013 01 28 16 38 37.512 42.5824 79.7217 14.3 6
2013 04 09 11 52 41.802 28.4463 51.629 12.8 6
2013 04 16 10 44 11.568 27.9704 62.136 63.1 6
2013 04 20 0 2 43.326 30.2688 103.02 18 6
2013 06 02 5 42 58.964 23.8318 121.059 17 6
2013 06 13 16 47 13.831 -9.9513 107.302 20.6 6
2013 06 15 16 10 45.821 34.4507 25.044 21.5 6
2013 07 02 7 37 0.779 4.6907 96.5824 25.4 6
2013 07 15 14 3 34.297 -61.0527 -25.2274 19.9 6
2013 07 21 23 45 51.968 34.5047 104.261 5.1 6
2013 07 26 21 32 50.257 -58.0352 -24.28 17 6
2013 08 12 0 53 40.656 -7.1167 129.791 104.8 6
2013 09 06 11 33 53.585 20.1862 122.334 189.4 6
2013 09 24 11 29 40.873 26.9109 65.5315 15.5 6
2013 09 28 7 33 55.084 27.1617 65.6192 18.7 6
2013 10 04 17 26 13.104 -38.707 78.5007 11 6
2013 10 12 13 11 41.669 35.5277 23.3718 46.9 6
2013 11 03 11 3 39.544 4.6415 123.4 556.8 6
2013 11 16 3 34 27.798 -60.3079 -47.199 24 6
2013 11 17 9 4 49.883 -60.3783 -46.5876 7.9 6
2013 11 19 13 32 40.132 2.7153 128.447 56.1 6
2013 12 01 1 24 12.410 -7.0288 128.415 25.9 6
2014 02 03 3 8 30.429 38.2552 20.4368 14.5 6
2014 02 12 9 19 46.779 35.8767 82.5807 4.1 6
2014 03 21 13 41 0.466 7.6804 94.2252 19.3 6
2014 05 05 11 8 41.378 19.6152 99.7038 15.2 6
2014 05 18 1 2 24.020 4.2401 92.7377 32.9 6
2014 06 14 11 10 57.329 -10.1131 91.0383 23.1 6
2014 06 29 7 52 48.563 -55.4757 -28.3956 15.1 6
2014 07 14 7 59 46.748 5.7144 126.478 20 6
2014 09 10 2 46 2.680 -0.2248 125.026 39.9 6
2014 11 15 2 31 32.440 1.834 126.463 47.8 6
2014 11 21 10 10 18.297 2.2707 127.031 45.2 6
2014 11 26 14 33 32.155 1.9648 126.465 47.7 6
2014 12 02 5 11 27.859 6.1572 123.126 614 6
2014 12 06 22 5 7.465 -6.11 130.483 116 6
2014 12 21 11 33 59.869 2.051 126.544 71 6
2015 02 27 13 44 57.763 -7.358 122.491 559.1 6
2015 03 17 22 12 21.465 1.6716 126.434 55.7 6
2015 04 16 18 7 40.340 35.1952 26.8373 22.6 6
2015 04 20 1 42 46.806 24.0574 122.432 28.1 6
2015 04 25 6 11 15.664 28.1302 84.7168 13.4 6
2015 04 25 6 45 17.631 28.1603 84.8433 14.7 6
2015 04 26 7 8 56.176 27.7365 85.9788 13.4 6
2015 05 12 7 5 10.242 27.8014 86.126 12.3 6
2015 05 24 4 53 15.043 -16.8146 -14.2615 11.7 6
2015 06 17 12 51 32.850 -35.3709 -17.809 27.1 6
2015 07 03 1 7 29.803 37.4703 78.1205 19 6
2015 09 16 7 40 47.989 1.8841 126.429 41.55 6
2015 09 16 7 40 47.986 1.88 126.43 41.5 6
2015 09 24 15 53 19.185 -0.6212 131.262 18 6
2015 09 24 15 53 19.194 -0.62 131.26 18 6
2015 10 26 9 9 24.649 36.5244 70.3676 231 6
2015 11 04 3 44 11.931 -8.3381 124.875 20 6
2015 11 17 7 10 5.637 38.67 20.6 11 6
2015 11 21 9 6 0.388 -7.1484 129.938 82 6
2015 12 04 22 24 56.242 -47.6165 85.0913 35 6
2015 12 07 7 49 53.428 38.2107 72.7797 22 6
2015 12 09 10 21 47.648 -4.1064 129.508 21 6
2015 12 25 19 14 35.732 36.4935 71.1263 206 6
2016 01 03 23 5 16.321 24.8036 93.6505 55 6
2016 01 03 23 5 16.166 24.83 93.66 55 6
2016 01 11 16 37 53.164 3.8966 126.857 13 6
2016 01 25 4 21 52.626 35.6493 -3.6818 12 6
2016 02 05 19 57 13.050 22.9387 120.593 23 6
2016 02 12 10 2 16.575 -9.6338 119.401 28 6
2016 02 17 17 26 0.024 0.8451 129.073 10 6
2016 03 02 12 49 46.469 -4.9521 94.3299 24 6
2016 04 10 10 28 42.668 36.4725 71.1311 212 6
2016 05 28 9 46 57.289 -56.2409 -26.9353 78 6
2016 06 01 22 55 54.497 -2.0967 100.665 50 6
2016 06 05 16 25 29.247 -4.587 125.626 429.62 6
2016 06 07 19 14 57.654 1.2789 126.371 31 6
2016 08 19 7 32 17.603 -55.2793 -31.874 10 6
2016 08 23 19 39 43.268 -7.2805 122.425 532.4 6
2016 08 24 10 34 53.343 20.9224 94.5687 82 6
2016 10 30 6 40 14.555 42.8547 13.0884 10 6
2016 12 05 1 12 51.195 -7.3158 123.38 526 6
2016 12 06 22 3 31.640 5.2834 96.1678 13 6
2017 01 10 6 13 42.908 4.4634 122.575 612.71 6
2017 02 07 22 3 54.802 25.2011 63.2577 24.05 6
2017 04 05 6 9 3.817 35.7999 60.4364 13 6
2017 04 28 20 23 3.964 5.5046 125.072 26 6
2017 05 03 4 47 11.753 39.4996 71.4519 10 6
2017 06 12 12 28 27.614 38.9154 26.3713 12 6
2017 08 08 23 27 43.841 44.3014 82.8268 20 6
2017 08 13 3 8 3.988 -3.7682 101.623 31 6
2017 10 24 10 47 44.306 -7.2364 123.04 549.19 6
2017 11 17 22 34 17.329 29.8327 94.9776 8 6
2017 12 01 2 32 44.680 30.7431 57.3138 9 6
2017 12 12 8 43 10.465 30.7196 57.2705 10 6
2017 12 12 21 41 19.137 30.8226 57.2861 8 6
2017 12 13 18 3 40.792 -54.2177 2.1681 10 6
2017 12 15 16 47 48.352 -7.4921 108.174 90 6
2018 01 11 18 26 14.542 18.3629 96.0776 9 6
2018 01 23 6 34 44.497 -7.1958 105.918 43.91 6
2018 01 31 7 6 44.055 36.5432 70.8155 191.19 6
2018 03 25 20 14 35.304 -6.6247 129.814 169 6
2018 05 05 6 19 3.864 14.5708 123.919 18 6
2018 05 09 10 41 29.611 36.9916 71.3833 116 6
2018 07 28 17 7 7.507 -7.1221 122.747 577.48 6
2018 07 28 22 47 34.745 -8.2395 116.508 14 6
2018 08 17 15 34 45.758 -7.4263 119.834 529 6
2018 08 19 4 10 21.994 -8.3298 116.598 21.41 6
2018 08 19 14 56 18.946 -8.3303 116.631 25.21 6
2018 09 08 7 16 47.578 7.2369 126.478 10 6
2018 09 28 10 2 38.362 -0.1781 119.84 10 6
2018 10 10 18 44 53.585 -7.453 114.455 9 6
2018 10 25 22 54 47.757 37.5148 20.5635 14 6
2018 10 29 6 54 10.149 -57.4045 -66.4086 10 6
2018 11 25 16 37 30.015 34.3464 45.7432 18 6
2018 12 11 2 26 32.573 -58.5981 -26.4656 164.66 6
2019 01 06 17 27 8.339 2.2414 126.736 60 6
2019 03 08 15 6 7.726 10.384 126.006 30 6
2019 03 24 4 37 33.172 1.6617 126.38 45 6
2019 04 05 16 14 2.014 -55.9206 -27.856 58.6 6
2019 04 09 17 53 49.593 -58.6064 -25.2559 44.83 6
2019 04 12 11 40 48.318 -1.8518 122.553 17.48 6
2019 04 22 9 11 7.268 14.9236 120.497 20 6
2019 04 29 14 19 43.790 10.8649 57.2283 10 6
2019 06 24 2 53 31.422 -6.4078 129.169 212 6
2019 07 07 15 8 30.985 0.5126 126.189 35 6
2019 07 14 5 39 16.740 -18.2237 120.357 10 6
2019 07 26 23 37 55.232 20.8436 121.976 10 6
2019 08 02 12 3 21.953 -7.2668 104.825 52.76 6
2019 09 19 7 6 29.381 -6.0708 111.842 610 6
2019 09 29 2 2 47.075 5.6929 126.549 73 6
2019 10 23 16 8 6.198 -1.0987 -13.8367 10 6
2019 10 31 1 11 5.544 6.9079 125.183 10 6
2019 12 20 11 39 36.590 36.545 70.4485 212 6
2020 01 07 6 5 17.081 2.3334 96.347 20.34 6
2020 01 19 16 58 15.429 -0.1108 123.778 121.87 6
2020 01 24 17 54 59.767 38.3898 39.0814 11.91 6
2008 08 11 23 38 35.076 -0.9785 -21.7975 16.2 6
2008 08 22 7 47 39.478 -17.8435 65.4242 15.8 6
2009 07 12 6 12 41.638 -15.0411 -70.5354 198.7 6
2009 08 10 19 55 33.313 14.0522 92.8685 30.7 6
2009 09 12 20 6 24.394 10.7159 -67.9132 19.6 6
2009 09 21 8 52 58.597 27.3693 91.4597 16.1 6
2009 10 29 17 44 16.945 36.3822 70.7684 213.9 6
2010 01 05 4 55 36.118 -58.464 -14.8595 10 6
2010 01 17 11 59 53.402 -57.6927 -66.0377 10 6
2010 02 05 6 58 56.871 -47.9345 99.5103 16 6
2010 02 27 6 34 6.368 -36.1485 -72.9327 28.1 6
2010 02 27 7 37 13.724 -36.94 -72.8146 39.7 6
2010 02 27 8 1 10.889 -37.84 -75.2105 35 6
2010 02 27 8 25 20.945 -34.8047 -72.4495 34.2 6
2010 03 03 17 44 16.260 -36.5647 -73.2926 27 6
2010 03 04 22 39 18.464 -22.2651 -68.4579 108.4 6
2010 03 11 14 55 14.859 -34.2937 -71.802 24.4 6
2010 03 26 14 51 58.744 -28.0601 -70.9122 41.4 6
2010 03 30 16 54 33.541 13.6128 92.8746 38.5 6
2010 06 12 19 26 48.160 7.8506 91.9546 31.4 6
2011 10 23 10 41 20.564 38.7294 43.4465 7.6 6
2011 10 28 18 54 22.003 -14.5572 -76.1207 29 6
2011 11 22 18 48 15.639 -15.3083 -65.1634 560.3 6
2012 01 10 18 36 58.032 2.4307 93.2081 20.9 6
2012 01 15 14 21 30.781 -60.8685 -56.0334 23 6
2012 04 11 8 38 29.828 2.2376 93.0144 26.3 6
2012 04 11 10 43 5.110 0.7675 92.4284 21.6 6
2012 04 14 10 56 17.856 -57.5759 -65.3721 8.4 6
2012 04 17 3 50 0.027 -32.6374 -71.5641 29.7 6
2012 06 02 7 52 43.090 -22.1017 -63.6574 539.4 6
2012 06 07 4 4 54.021 -36.0516 -70.8547 5.8 6
2012 06 10 12 44 14.141 36.3847 28.9676 32 6
2012 08 11 12 23 16.779 38.4023 46.838 8.7 6
2012 11 14 19 1 58.950 -29.1789 -71.3863 61.5 6
2013 06 24 22 3 56.085 10.6905 -42.6687 17.5 6
2013 07 02 7 36 53.477 4.6907 96.5824 25.4 6
2013 07 26 21 32 58.353 -58.0352 -24.28 17 6
2013 08 17 16 32 24.361 -34.8867 54.1278 10.9 6
2013 09 25 16 42 32.272 -15.9001 -74.6012 38.2 6
2013 10 29 10 37 52.300 -61.7154 154.829 10 6
2013 10 30 2 51 36.567 -35.4018 -73.1515 11.9 6
2013 11 13 23 45 43.930 -60.3091 -47.2872 10 6
2015 02 02 10 49 46.447 -32.6484 -67.1501 172.7 6
2015 02 13 18 58 54.612 52.5097 -32.0209 16.9 6
2015 03 18 18 27 26.281 -36.1112 -73.689 9.7 6
2015 03 23 4 51 36.077 -18.3544 -69.1883 127.1 6
2015 04 16 18 7 30.633 35.1952 26.8373 22.6 6
2015 04 25 6 11 18.775 28.1302 84.7168 13.4 6
2015 04 25 6 45 9.460 28.1603 84.8433 14.7 6
2015 04 26 7 8 58.986 27.7365 85.9788 13.4 6
2015 05 12 7 5 6.206 27.8014 86.126 12.3 6
2015 05 15 20 26 52.407 -2.566 102.223 158.5 6
2015 05 24 4 53 19.295 -16.8146 -14.2615 11.7 6
2015 06 10 13 52 1.632 -22.4098 -68.4519 121.8 6
2015 06 20 2 10 5.699 -36.3349 -73.6674 17.4 6
2015 11 07 7 31 36.232 -30.8796 -71.4519 46 6
2015 11 11 2 46 17.547 -29.5097 -72.0585 10 6
2015 11 24 22 45 33.345 -10.5372 -70.9437 606.21 6
2015 11 24 22 50 48.503 -10.0598 -71.0184 620.56 6
2015 11 26 5 45 6.665 -9.1825 -71.2574 602.75 6
2015 11 27 21 0 9.462 -24.828 -70.6009 34 6
2015 12 04 22 24 51.221 -47.6165 85.0913 35 6
2015 12 07 7 50 2.194 38.2107 72.7797 22 6
2016 01 14 3 25 21.813 -19.7597 -63.3288 582.56 6
2016 11 25 14 24 21.551 39.23 74.0208 17 6
2016 12 06 22 3 30.326 5.2834 96.1678 13 6
2016 12 25 14 22 20.495 -43.4053 -73.9403 38 6
2017 04 05 6 9 6.237 35.7999 60.4364 13 6
2017 04 15 8 19 29.271 -23.2706 -67.7655 155 6
2017 04 23 2 36 5.003 -33.0361 -72.0063 21 6
2017 04 24 21 38 27.085 -33.0291 -72.0452 28 6
2017 06 12 12 28 27.904 38.9154 26.3713 12 6
2017 07 18 2 5 13.450 -16.4206 -73.6296 44.92 6
2017 07 27 17 53 17.008 13.396 -49.3259 10 6
2017 10 10 6 32 9.029 -18.5212 -69.6411 82.43 6
2017 11 12 18 18 1.972 34.9052 45.9563 19 6
2017 11 30 6 32 49.649 -1.0802 -23.4323 10 6
2017 12 01 2 32 39.963 30.7431 57.3138 9 6
2017 12 13 18 3 39.911 -54.2177 2.1681 10 6
2018 01 14 9 18 31.324 -15.7589 -74.7095 39 6
2018 01 21 1 6 38.516 -18.8524 -69.4564 116 6
2018 01 28 16 2 48.858 -53.0623 9.6842 10 6
2018 04 02 13 40 34.318 -20.6588 -63.0058 559 6
2018 05 09 10 41 43.107 36.9916 71.3833 116 6
2018 08 14 3 29 51.234 -58.1107 -25.2588 35 6
2018 09 18 7 27 35.892 -37.811 49.782 10 6
2018 10 25 22 54 48.245 37.5148 20.5635 14 6
2018 10 29 6 54 19.720 -57.4045 -66.4086 10 6
2018 11 15 20 2 22.387 -56.7065 -25.546 15 6
2019 01 20 1 32 50.911 -30.071 -71.4202 54.82 6
2019 03 01 8 50 39.173 -14.7016 -70.135 267 6
2019 03 15 5 3 39.297 -17.8744 -65.9072 359 6
2019 08 01 18 27 53.310 -34.2367 -72.3079 25 6
2019 08 02 12 3 24.308 -7.2668 104.825 52.76 6
2019 10 23 16 8 12.182 -1.0987 -13.8367 10 6
