2012 11 13 04 31 30.980 -45.669 -77.084 35 6
2012 10 21 20 28 18.100 12.693 -88.205 51.5 6
2013 07 02 13 55 42.40 4.619 96.684 32.4 6
2014 02 12 09 24 43.240 35.892 82.49 10 6
2012 11 11 18 19 44.670 23.198 95.799 19.8 6
2013 06 16 02 51 36.370 -56.356 -27.608 98.5 6
2013 09 07 00 13 29.910 14.667 -92.091 74.1 6
2013 09 24 07 22 53.850 7.358 59.549 19.4 6
2013 09 24 17 20 14.480 27.113 65.546 16.1 6
2013 10 21 02 27 11.730 35.269 76.963 28.9 6
2013 11 25 07 21 18.210 -53.891 -53.951 10 6
2013 12 02 12 18 47.730 -53.403 25.364 10 6
2014 01 11 13 10 49.970 14.674 -92.105 74.5 6
2012 11 07 22 42 43.870 13.864 -92.237 7.8 6
2013 05 10 19 56 06.610 -28.967 -13.183 13.8 6
2013 05 11 03 09 51.60 26.596 57.92 12.2 6
2013 08 25 16 07 16.970 -33.365 57.059 14 6
2013 08 31 00 04 17.930 28.23 99.341 10.1 6
2013 09 24 13 01 39.40 27.309 65.674 11.3 6
2013 10 02 01 06 38.640 11.246 57.598 16.3 6
2013 11 17 09 11 00.920 -60.43 -45.178 10 6
2013 11 22 06 51 27.340 34.419 45.57 21.7 6
2012 10 05 18 22 54.180 12.953 -91.734 23.2 6
2012 11 03 12 58 12.400 7.128 -34.048 9.9 6
2012 11 04 06 37 36.400 -15.981 -72.025 122.4 6
2012 11 06 06 17 28.600 9.967 57.182 15.3 6
2012 11 07 06 26 32.330 38.477 46.614 6 6
2012 11 07 16 35 49.310 14.031 -92.066 38.7 6
2013 01 21 22 22 54.780 4.962 95.921 24.6 6
2013 02 18 03 40 49.50 5.526 -33.007 12.4 6
2013 05 14 19 18 18.390 0.787 92.425 26.8 6
2013 05 18 10 57 49.610 26.665 57.803 12.6 6
2013 05 20 09 49 08.210 -45.006 -80.724 35 6
2012 10 08 01 50 25.960 -21.797 -68.379 122.9 6
2012 10 11 17 22 09.850 -32.876 -70.586 82 6
2012 10 14 10 13 40.290 41.72 46.314 24 6
2012 10 21 01 25 22.270 66.275 -18.713 7.4 6
2012 10 24 00 45 33.800 10.074 -85.371 22.3 6
2012 11 10 14 57 50.210 -8.936 -75.088 128.6 6
2012 11 11 22 14 59.50 14.07 -92.331 18.6 6
2012 11 14 19 02 05.690 -29.178 -71.386 61.5 6
2012 11 15 09 20 21.450 18.199 -100.524 57.9 6
2012 11 21 21 36 22.210 -33.966 -72.14 17.4 6
2012 11 22 13 07 11.880 -22.7 -63.626 535.3 6
2012 11 28 03 09 48.720 -4.598 -76.127 122.2 6
2012 12 05 17 08 13.520 33.505 59.605 13 6
2012 12 13 23 03 39.00 80.8 121.745 14.8 6
2012 12 22 16 41 46.170 22.467 94.715 141.2 6
2012 12 23 13 31 40.320 42.44 41.057 12.9 6
2012 12 27 00 37 07.860 -35.787 -73.319 10 6
2012 12 29 17 50 52.580 35.665 70.563 117.8 6
2012 12 30 12 21 21.770 14.474 -93 32.5 6
2013 01 05 17 42 20.960 -20.003 66.442 4.5 6
2013 01 08 14 16 09.590 39.668 25.537 11.1 6
2013 01 09 01 41 53.60 25.322 95.008 92.6 6
2013 01 10 13 47 05.80 4.742 95.098 51.7 6
2013 01 20 23 32 22.950 53.916 -35.213 13.6 6
2013 01 28 16 38 53.840 42.582 79.721 14.3 6
2013 01 30 20 15 43.390 -28.109 -70.888 46.1 6
2013 02 09 14 16 06.960 1.034 -77.462 144.2 6
2013 02 10 19 54 33.570 -33.46 -71.993 44.8 6
2013 02 22 12 01 58.670 -27.905 -63.134 585.6 6
2013 03 19 03 29 02.700 -58.981 -24.569 52 6
2013 03 25 23 02 12.520 14.59 -90.477 193.7 6
2013 04 02 14 34 56.830 -40.393 45.185 14.3 6
2013 04 09 11 52 50.190 28.446 51.629 12.8 6
2013 04 10 01 58 28.370 28.418 51.724 14.8 6
2013 04 16 10 44 19.30 27.97 62.136 63.1 6
2013 04 17 03 15 52.300 28.123 62.337 59.9 6
2013 04 20 05 11 57.520 -54.905 1.122 10 6
2013 04 24 09 25 30.80 34.512 70.21 67.5 6
2013 04 30 06 25 24.270 37.588 -24.959 19.7 6
2013 05 01 06 57 15.190 33.105 75.721 27.4 6
2013 05 11 02 08 11.290 26.658 57.843 15.1 6
2013 05 12 00 07 03.710 26.705 57.778 24 6
2013 05 12 07 30 00.730 13.486 -91.543 22.4 6
2013 05 12 10 54 49.100 26.726 57.783 14.4 6
2013 05 16 05 57 00.620 -57.581 -7.018 10 6
2013 05 18 04 05 42.730 -53.12 22.098 10 6
2013 05 18 10 03 17.790 26.687 57.82 8.8 6
2013 05 21 23 02 43.970 -13.869 -72.417 84.5 6
2013 05 26 06 08 15.310 39.949 67.435 15.5 6
2013 05 27 03 36 29.690 14.65 53.815 3.1 6
2013 05 27 09 41 14.670 9.361 -82.654 15.9 6
2013 06 07 20 13 14.00 -43.85 -16.3 10 6
2013 06 08 12 25 07.630 -22.609 -66.761 206.5 6
2013 06 15 16 11 02.90 34.45 25.044 21.5 6
2013 06 15 17 34 29.170 11.741 -87.045 41.4 6
2013 06 16 05 19 00.660 18.165 -99.15 55 6
2013 06 16 21 39 06.600 34.424 25.186 25 6
2013 06 17 11 21 42.80 -36.551 52.389 10 6
2013 06 24 22 04 14.180 10.69 -42.668 17.5 6
2013 07 02 07 37 05.90 4.69 96.582 25.4 6
2013 07 02 20 04 55.670 -23.928 -66.656 208.2 6
2013 07 03 19 21 46.610 1.549 30.889 15.7 6
2013 07 08 02 52 44.230 13.272 -89.235 77.2 6
2013 07 08 15 30 28.150 16.723 40.844 7.7 6
2013 07 10 14 32 12.980 -19.341 -69.3 111.7 6
2013 07 15 14 03 41.730 -61.052 -25.227 19.9 6
2013 07 17 02 37 43.740 -15.666 -71.745 13 6
2013 07 21 23 45 55.920 34.504 104.26 5.1 6
2013 07 22 07 01 41.750 -46.094 34.861 3.2 6
2013 07 26 21 33 00.60 -58.035 -24.28 17 6
2013 08 11 21 23 43.870 30.041 97.97 23 6
2013 08 12 09 49 31.920 -5.411 -81.979 12.8 6
2013 08 13 15 43 15.910 5.718 -78.125 18.6 6
2013 08 17 16 32 31.830 -34.886 54.127 10.9 6
2013 08 21 12 38 29.510 16.857 -99.518 18.9 6
2013 08 23 08 34 06.10 -22.292 -68.641 103 6
2013 09 05 04 01 36.70 15.251 -45.213 10.4 6
2013 09 05 12 29 16.830 10.645 -86.101 33 6
2013 09 06 02 28 10.490 -47.018 33.303 10 6
2013 09 20 23 34 14.420 -52.223 14.496 10 6
2013 09 24 11 29 48.230 26.91 65.531 15.5 6
2013 09 25 16 42 43.180 -15.9 -74.601 38.2 6
2013 09 26 06 46 03.200 14.326 -93.472 10.1 6
2013 09 28 07 34 07.460 27.161 65.619 18.7 6
2013 09 29 23 23 16.380 -37.437 -73.595 23 6
2013 09 30 08 16 10.390 49.486 -28.551 17 6
2013 10 04 17 26 14.250 -38.707 78.5 11 6
2013 10 12 02 10 28.910 10.835 -62.302 82.1 6
2013 10 12 13 11 53.650 35.527 23.371 46.9 6
2013 10 22 05 40 42.130 5.052 95.843 30.2 6
2013 10 24 17 57 37.590 14.234 93.114 26.8 6
2013 10 25 21 51 57.960 -56.323 -27.413 112 6
2013 10 30 02 29 11.490 -35.431 -73.15 12.8 6
2013 10 30 02 51 49.440 -35.401 -73.151 11.9 6
2013 10 31 23 03 58.620 -30.313 -71.501 19.8 6
2013 11 13 23 45 48.200 -60.309 -47.287 10 6
2013 11 16 03 34 34.790 -60.307 -47.199 24 6
2013 11 16 08 35 06.10 -60.347 -46.376 13.7 6
2013 11 16 09 35 46.220 -60.356 -46.52 10 6
2013 11 17 09 04 56.260 -60.378 -46.587 7.9 6
2013 11 17 12 11 36.150 -60.543 -44.357 10 6
2013 11 22 17 21 00.80 5.424 92.818 26.9 6
2013 11 22 18 30 59.390 34.377 45.702 18.9 6
2013 11 23 23 30 43.270 36.607 86.809 10 6
2013 11 24 18 05 41.580 34.159 45.68 12.1 6
2013 11 25 06 27 09.580 -54.052 -55.077 10 6
2013 11 25 20 06 55.130 -12.705 -76.258 76.7 6
2013 11 28 13 51 36.110 29.346 51.36 13.4 6
2013 12 17 12 30 00.10 -25.588 -70.509 65 6
2013 12 28 15 21 06.50 36.049 31.318 59.5 6
2014 01 04 00 11 50.490 -20.674 -70.642 25.6 6
2014 01 05 03 36 38.10 4.609 -76.686 32.8 6
2014 01 08 04 22 11.130 -20.76 -70.62 28.3 6
2014 01 13 04 01 04.530 18.992 -66.868 30.9 6
2014 01 26 13 55 43.330 38.191 20.507 13.8 6
2014 01 27 16 42 37.520 -19.234 -63.943 599.3 6
2014 01 29 10 01 50.430 -18.553 -69.424 116.7 6
2014 02 01 03 58 45.70 -56.933 -27.345 142.9 6
2014 02 03 03 08 46.330 38.255 20.436 14.5 6
2014 02 08 19 50 34.430 -60.424 -45.331 10 6
2014 02 10 12 06 46.720 40.268 48.761 62.9 6
2014 02 12 09 19 48.420 35.876 82.58 4.1 6
2014 02 12 11 43 10.290 -22.327 -68.727 96 6
2014 02 18 09 27 14.830 14.596 -58.971 28.3 6
2014 02 18 23 35 58.180 -14.205 -75.662 58.8 6
2014 03 02 09 37 54.760 12.588 -87.704 70.4 6
2014 03 02 22 17 17.210 14.244 -92.992 33.1 6
2014 03 04 10 51 14.920 -33.617 -71.987 17 6
2014 03 09 20 29 54.810 1.517 -79.559 25.9 6
2014 03 11 02 44 06.280 -60.843 -20.118 10 6
2014 03 14 20 32 09.680 -53.559 25.342 10 6
2014 03 15 08 59 20.160 -14.101 -76.352 10 6
2014 03 15 23 51 32.300 -5.671 -80.935 26.5 6
2014 03 16 21 16 28.980 -19.905 -70.615 9.4 6
2014 03 17 05 11 33.400 -20.06 -70.828 5.3 6
2014 03 18 21 26 46.280 -19.957 -70.783 7.5 6
2014 03 19 20 17 44.680 -60.737 -25.538 19 6
2014 03 21 13 41 09.860 7.68 94.225 19.3 6
2014 03 22 12 59 57.00 -19.822 -70.944 4.4 6
2014 03 22 13 29 59.150 -19.69 -70.891 17.1 6
2014 03 23 18 20 01.190 -19.703 -70.781 13.9 6
2014 03 24 15 45 30.700 -19.549 -70.715 12.7 6
