2014 01 23 00 52 15.700 -7.134 120.294 590 6
2014 01 25 05 14 20.520 -8.044 109.222 87.8 6
2014 02 10 18 06 20.250 -8.228 124.582 33.1 6
2014 04 01 23 57 56.540 -19.962 -71.017 10.8 6
2014 04 18 19 05 04.580 -62.818 155.759 10 6
2014 05 11 12 35 17.550 -47.994 99.77 10 6
2014 06 29 14 20 40.450 -55.459 -28.21 30.9 6
2014 06 29 14 32 49.770 -55.418 -28.224 11.9 6
2014 06 30 01 46 23.260 0.039 -17.324 14.3 6
2014 07 02 05 53 29.200 -62.301 155.186 10 6
2014 07 02 05 53 34.200 -62.31 154.99 12 6
2014 07 09 17 58 11.820 -62.114 164.919 10 6
2014 11 03 08 48 29.700 -41.824 80.043 7.4 6
2014 12 22 07 19 41.230 -54.105 -146.094 14 6
2015 05 29 08 40 13.280 -47.481 100.072 11 6
2015 11 08 09 34 57.310 0.786 98.89 69 6
2016 01 14 12 15 29.470 -53.26 159.752 10 6
2016 02 21 09 12 08.240 36.475 70.86 176.74 6
2016 06 21 16 26 34.420 22.658 -45.14 10 6
2016 07 24 14 10 51.40 0.915 -28.97 10 6
2016 07 31 23 40 01.880 -8.194 117.814 21 6
2016 09 08 21 46 20.100 -54.613 158.712 10 6
2017 01 09 11 28 36.60 -1.705 100.366 42.35 6
2017 03 07 15 45 39.560 -6.261 102.187 10 6
2017 04 20 22 04 14.890 -36.307 -98.403 10 6
2017 04 29 10 02 12.520 -9.685 111.859 10 6
2017 05 24 09 10 14.280 -2.789 122.118 10 6
2017 05 29 14 35 21.510 -1.287 120.433 12 6
2017 06 10 05 42 14.370 -54.348 -146.677 10 6
2017 07 04 16 05 58.900 -35.504 -73.335 13 6
2017 10 06 17 41 23.140 -35.31 -15.552 10 6
2017 12 01 05 20 28.480 -48.778 106.825 10 6
2018 04 21 19 44 17.80 -48.946 123.591 10 6
2018 05 14 18 14 47.390 -55.915 -27.056 10 6
2018 06 12 23 08 28.310 -2.019 98.587 9 6
2018 07 21 20 56 19.940 -48.225 99.644 10 6
2018 10 21 01 40 37.950 -29.535 60.752 10 6
2014 01 05 03 36 38.10 4.609 -76.686 32.8 6
2014 01 13 04 01 04.530 18.992 -66.868 30.9 6
2014 01 26 13 55 43.330 38.191 20.507 13.8 6
2014 01 26 13 57 19.100 38.215 20.542 11 6
2014 01 27 16 42 37.520 -19.234 -63.943 599.3 6
2014 02 12 09 24 43.240 35.892 82.49 10 6
2014 03 02 09 37 54.760 12.588 -87.704 70.4 6
2014 03 02 22 17 17.210 14.244 -92.992 33.1 6
2014 03 09 20 29 54.810 1.517 -79.559 25.9 6
2014 03 14 20 32 09.680 -53.559 25.342 10 6
2014 03 15 23 51 32.300 -5.671 -80.935 26.5 6
2014 03 18 21 26 46.280 -19.957 -70.783 7.5 6
2014 03 22 13 29 59.150 -19.69 -70.891 17.1 6
2014 03 24 11 26 37.700 -19.846 -70.746 9.8 6
2014 04 02 16 13 26.700 7.851 -82.333 24.6 6
2014 04 10 23 27 45.30 12.434 -86.33 12.6 6
2014 04 11 20 29 13.610 11.719 -86.014 142.3 6
2014 04 18 14 27 24.690 17.321 -100.993 24.4 6
2014 04 19 20 54 43.150 -20.013 -70.939 14.9 6
2014 05 08 17 00 15.920 17.148 -100.811 24.9 6
2014 05 10 07 36 00.600 17.057 -100.932 23.3 6
2014 05 13 06 35 24.530 7.145 -82.24 13.1 6
2014 05 16 11 01 43.60 17.018 -60.394 25.2 6
2014 05 17 09 11 06.120 -19.943 -70.829 10.8 6
2014 05 21 10 06 13.830 17.106 -94.985 123.1 6
2014 05 28 21 15 05.400 18.113 -68.358 99.7 6
2014 06 16 06 39 31.520 1.648 -79.384 7.3 6
2014 06 19 19 54 05.430 -19.81 -70.832 14.9 6
2014 06 20 20 22 27.640 -19.77 -70.968 14.2 6
2014 06 29 07 52 56.840 -55.475 -28.395 15.1 6
2014 07 04 21 08 45.320 35.078 -34.904 10 6
2014 07 07 11 23 54.780 14.724 -92.461 53 6
2014 07 27 01 28 41.400 23.86 -45.59 13.7 6
2014 07 29 10 46 13.600 17.81 -95.501 99 6
2014 08 03 21 02 46.640 -3.897 -80.781 57.7 6
2014 08 05 10 22 33.980 -26.989 26.704 5 6
2014 08 29 03 45 04.800 36.779 23.761 87 6
2014 09 01 11 41 09.800 64.685 -17.486 2.2 6
2014 09 07 07 08 01.120 64.545 -17.273 10 6
2014 09 21 10 51 47.690 64.525 -17.373 2.6 6
2014 09 25 02 31 57.730 27.28 65.777 51.1 6
2014 10 04 19 16 35.620 17.443 -94.774 144.5 6
2014 10 07 10 22 32.200 64.492 -17.368 10 6
2014 10 08 03 04 07.550 30.298 -41.913 2.8 6
2014 10 14 03 51 37.110 12.589 -88.072 63.9 6
2014 10 15 11 16 34.30 64.669 -17.648 4.5 6
2014 10 20 19 33 21.160 0.75 -77.93 3.1 6
2014 11 10 11 38 59.180 -21.581 -68.547 106.1 6
2014 11 17 16 52 47.640 -46.407 33.701 12.2 6
2014 11 29 13 05 07.600 5.802 61.275 2.4 6
2014 12 06 17 21 49.20 7.982 -82.733 15 6
2014 12 07 12 11 31.220 13.746 -91.382 28 6
2014 12 07 21 16 31.980 13.974 -90.975 0 6
2014 12 08 08 54 52.520 7.94 -82.686 20 6
2015 01 07 05 07 06.240 6.108 -82.657 7.9 6
2015 01 12 07 57 27.760 15.482 -93.33 89 6
2015 02 01 20 02 21.210 -49.372 -8.22 10 6
2015 02 05 04 40 53.150 5.249 -82.591 10 6
2015 02 13 18 48 17.780 52.64 -31.964 12.1 6
2015 02 13 18 59 13.510 52.509 -32.02 16.9 6
2015 02 22 12 56 24.440 2.743 -76.446 154.8 6
2015 02 22 14 23 13.660 18.559 -106.943 10 6
2015 03 01 08 30 06.110 13.52 -90.937 44.8 6
2015 03 10 20 55 44.520 6.796 -73.037 162 6
2015 03 27 21 59 38.200 -1.244 -77.654 190.5 6
2015 04 26 23 35 26.840 -8.407 -80.005 10 6
2015 04 28 18 56 53.70 17.059 -95.036 113.1 6
2015 05 10 00 50 16.520 14.734 -94.113 3.5 6
2015 05 26 23 51 29.750 -58.686 -25.169 28 6
2015 06 29 09 09 16.530 -15.99 -74.182 35 6
2015 08 07 01 25 01.420 -2.142 28.932 8.8 6
2015 08 14 18 03 03.330 21.014 -45.823 15.5 6
2015 09 08 08 03 53.500 14.337 -94.137 5 6
2015 09 16 23 09 26.170 -31.574 -71.671 35 6
2015 09 19 13 08 57.760 -30.525 -72.198 10 6
2015 10 17 11 33 08.00 -25.47 -64.48 17 6
2015 10 23 04 04 18.00 -45.81 37.17 10 6
2015 10 23 04 04 18.140 -45.814 37.171 10 6
2015 11 07 07 04 31.380 -29.464 -72.301 13 6
2015 11 07 07 31 43.870 -30.879 -71.451 46 6
2015 11 07 10 53 44.160 -30.722 -71.39 42 6
2015 11 08 08 13 37.360 -17.319 -69.428 159.86 6
2015 11 08 16 47 02.160 6.843 94.648 10 6
2015 11 16 00 39 33.520 17.839 -81.821 6.71 6
2015 11 28 05 44 40.60 -30.368 -72.151 10 6
2015 12 07 22 53 35.110 14.219 -90.89 84 6
2015 12 17 19 49 53.50 15.8 -93.629 85 6
2015 12 23 16 55 09.460 -54.175 -1.494 10 6
2015 12 28 06 55 29.880 14.657 -61.345 150 6
2016 01 12 09 45 11.430 -31.338 58.191 10 6
2016 03 14 23 25 39.980 -52.613 18.798 10 6
2016 03 18 16 11 00.160 38.023 72.411 10 6
2016 03 19 10 24 45.110 11.867 -88.767 10 6
2016 03 19 11 26 33.230 17.996 -60.701 26 6
2016 04 15 14 11 26.430 13.4 -92.367 22.41 6
2016 04 16 23 58 36.980 0.381 -79.921 20.59 6
2016 04 17 07 14 00.760 -0.385 -80.201 23.95 6
2016 04 17 09 23 41.20 -0.234 -80.694 10 6
2016 04 19 22 22 25.480 0.578 -80.024 11 6
2016 04 20 08 33 47.330 0.639 -80.21 14 6
2016 04 22 03 03 41.720 -0.292 -80.503 10 6
2016 04 22 03 20 13.380 -0.281 -80.503 10.29 6
2016 04 23 01 24 33.900 0.612 -80.252 10 6
2016 04 25 07 07 08.600 14.479 -93.15 16 6
2016 04 27 12 51 19.440 14.517 -93.088 16 6
2016 05 08 07 34 00.700 16.41 -97.841 22 6
2016 05 18 07 57 02.650 0.426 -79.789 16 6
2016 05 18 16 46 43.860 0.494 -79.616 29.95 6
2016 06 10 03 25 22.920 12.831 -86.963 10 6
2016 06 27 20 50 34.740 16.55 -97.833 19 6
2016 07 08 04 28 43.320 -0.407 -80.807 7.1 6
2016 07 11 02 01 09.950 0.587 -79.635 17 6
2016 07 11 02 11 04.800 0.581 -79.638 21 6
2016 07 15 18 02 49.400 35.208 -35.224 16.01 6
2016 07 23 08 51 58.790 14.889 -103.525 10 6
2016 08 15 02 59 00.850 -15.656 -72.017 20 6
2016 09 03 12 02 44.400 36.425 -96.929 5.557 6
2016 09 09 00 03 44.950 -31.377 -65.825 157.56 6
2016 09 10 10 08 20.20 -5.573 -76.953 121 6
2016 09 10 12 27 33.410 -1.035 31.618 40 6
2016 09 14 01 58 31.570 7.373 -76.168 18 6
2016 09 15 05 57 24.330 12.44 -86.642 10 6
2016 09 22 20 06 11.710 -21.552 33.411 10 6
2016 10 15 20 14 49.730 39.806 20.646 22 6
2016 10 20 00 09 26.500 13.311 -44.877 10 6
2016 10 31 00 20 11.380 3.423 -74.489 33 6
2016 11 24 18 43 48.830 11.959 -88.835 10.34 6
2016 12 06 21 42 21.360 11.069 -60.904 34.83 6
2017 01 02 13 13 48.710 -4.895 -76.367 106 6
2017 01 08 23 47 14.390 74.391 -92.404 31 6
2017 01 11 22 06 58.670 -20.16 46.646 7.26 6
2017 01 17 09 08 01.950 19.866 -76.606 10 6
2017 01 18 10 25 25.480 42.584 13.197 10 6
2017 01 31 14 22 38.700 0.702 -79.676 10 6
2017 02 03 19 54 22.140 15.083 -60.529 39.27 6
2017 02 06 13 02 45.140 3.449 -74.671 37.95 6
2017 04 03 17 40 18.560 -22.678 25.155 29 6
2017 04 17 05 23 15.630 17.475 -61.138 21.11 6
2017 05 12 10 41 26.380 12.91 -90.056 10 6
2017 10 12 18 59 09.30 -30.993 -65.618 165.65 6
2017 10 14 00 20 57.330 16.246 -94.81 51.31 6
2017 10 23 08 32 32.530 -52.343 16.781 10 6
2017 10 28 16 16 06.690 86.892 52.849 10 6
2017 10 28 19 11 02.760 86.922 55.2 10 6
2017 11 05 15 00 24.360 11.671 -61.178 47.22 6
2017 11 13 02 28 23.680 9.514 -84.486 19.36 6
2017 11 18 04 23 46.820 -2.967 -79.708 35 6
2017 12 03 11 19 05.260 -0.489 -80.31 16 6
2018 01 10 02 51 31.860 17.474 -83.519 10 6
2018 01 16 15 03 53.300 10.928 -86.346 22 6
2018 01 27 21 45 12.340 7.282 -79.676 9.8 6
2018 01 31 16 37 05.510 7.24 -79.642 7 6
2018 02 16 23 39 39.700 16.388 -97.978 25.98 6
2018 02 19 06 57 01.830 16.499 -97.579 40.17 6
2018 03 08 08 49 46.140 -16.762 35.427 17 6
2018 03 08 14 15 18.370 -43.968 -81.815 10 6
2018 03 23 07 40 29.10 12.652 -44.569 10 6
2018 04 02 23 23 17.670 13.106 -88.686 50 6
2018 04 19 21 09 17.00 -42.779 42.187 10 6
2018 05 23 05 44 43.890 7.398 -36.213 10 6
2018 06 06 18 51 34.520 -58.356 -25.761 31 6
2018 06 25 05 14 48.650 36.778 21.407 30.35 6
2018 07 10 16 05 09.730 -31.608 58.153 10 6
2018 07 19 13 31 53.880 17.947 -97.736 49.75 6
2018 08 07 13 57 09.830 74.645 8.454 10 6
2018 08 09 16 53 39.540 -33.351 2.483 10 6
2018 08 17 23 22 24.900 8.769 -83.153 15 6
2018 08 18 19 39 07.160 8.801 -77.25 10 6
2018 08 22 13 27 48.490 10.659 -62.928 108 6
2018 08 22 20 26 29.00 -52.733 27.9 10 6
2018 09 01 06 13 45.40 -28.979 74.558 10 6
2018 09 07 01 47 23.650 8.045 -77.603 10 6
2018 09 07 02 12 04.350 -2.345 -78.895 93.53 6
2018 09 18 07 27 41.330 -37.811 49.782 10 6
2018 10 07 00 11 51.220 20.034 -73.012 24 6
2018 10 28 22 23 54.80 12.948 -90.384 24.69 6
2018 10 30 02 59 58.140 37.531 20.44 10 6
2018 10 30 15 12 00.610 37.512 20.507 11 6
2018 11 09 01 49 40.60 71.626 -11.25 10 6
2018 11 25 03 40 50.810 13.181 -81.093 10 6
2019 01 18 21 27 01.400 -3.304 -76.851 103 6
2019 01 21 11 57 17.860 15.569 -94.727 10 6
2019 01 22 19 01 43.580 -43.115 42.324 13 6
2014 01 04 00 11 50.490 -20.674 -70.642 25.6 6
2014 01 08 04 22 11.130 -20.76 -70.62 28.3 6
2014 01 29 10 01 50.430 -18.553 -69.424 116.7 6
2014 02 01 03 58 45.70 -56.933 -27.345 142.9 6
2014 02 03 03 08 46.330 38.255 20.436 14.5 6
2014 02 03 22 36 40.710 -7.243 128.224 24.4 6
2014 02 08 19 50 34.430 -60.424 -45.331 10 6
2014 02 10 12 06 46.720 40.268 48.761 62.9 6
2014 02 12 09 19 48.420 35.876 82.58 4.1 6
2014 02 12 11 43 10.290 -22.327 -68.727 96 6
2014 02 18 09 27 14.830 14.596 -58.971 28.3 6
2014 02 18 23 35 58.180 -14.205 -75.662 58.8 6
2014 03 04 10 51 14.920 -33.617 -71.987 17 6
2014 03 11 02 44 06.280 -60.843 -20.118 10 6
2014 03 13 17 12 32.790 -60.791 -19.714 10 6
2014 03 14 13 38 09.240 7.689 94.225 29.7 6
2014 03 15 08 59 20.160 -14.101 -76.352 10 6
2014 03 16 21 16 28.980 -19.905 -70.615 9.4 6
2014 03 17 05 11 33.400 -20.06 -70.828 5.3 6
2014 03 17 13 24 49.910 -53.199 -32.448 10 6
2014 03 19 20 17 44.680 -60.737 -25.538 19 6
2014 03 21 13 41 09.860 7.68 94.225 19.3 6
2014 03 21 14 11 15.400 7.561 94.256 17.7 6
2014 03 22 12 59 57.00 -19.822 -70.944 4.4 6
2014 03 23 18 20 01.190 -19.703 -70.781 13.9 6
2014 03 24 15 45 30.700 -19.549 -70.715 12.7 6
2014 03 27 23 50 51.80 -29.142 -68.828 3.7 6
2014 03 29 07 46 49.670 -0.871 -21.824 10 6
2014 03 31 12 53 05.790 -19.472 -69.033 111.6 6
2014 04 01 23 13 05.420 -46.802 -10.604 10 6
2014 04 01 23 46 47.380 -19.619 -70.787 17.1 6
2014 04 02 04 46 19.660 -20.081 -70.726 16.1 6
2014 04 03 01 58 29.40 -20.364 -70.5 10.6 6
2014 04 03 02 43 14.260 -20.588 -70.49 12 6
2014 04 03 05 26 13.640 -20.749 -70.54 13 6
2014 04 03 05 51 43.330 -20.74 -70.411 21.3 6
2014 04 04 01 37 51.480 -20.607 -70.533 19.3 6
2014 04 04 20 08 06.610 37.253 23.773 111.1 6
2014 04 05 02 22 39.00 -32.712 -71.389 40.1 6
2014 04 07 13 43 21.110 -20.122 -70.849 10.6 6
2014 04 08 10 14 31.610 -20.546 -70.864 4.8 6
2014 04 11 00 01 43.940 -20.695 -70.661 10.4 6
2014 04 15 03 57 01.840 -53.609 8.709 10 6
2014 04 17 15 06 50.220 -62.875 156.026 10 6
2014 04 18 07 46 57.130 -27.733 -62.811 610.4 6
2014 04 30 15 52 42.910 -1.211 -13.54 13.9 6
2014 05 01 14 35 38.700 1.965 97.954 50.3 6
2014 05 05 11 08 45.650 19.615 99.703 15.2 6
2014 05 10 02 42 11.580 -8.166 117.534 232.8 6
2014 05 13 14 40 55.650 -56.945 -25.202 19.7 6
2014 05 14 03 38 22.20 -22.736 -66.583 223.3 6
2014 05 16 17 08 32.220 -23.472 -68.615 104.7 6
2014 05 18 01 02 31.860 4.24 92.737 32.9 6
2014 05 21 16 21 54.220 18.24 88.064 45.1 6
2014 05 23 20 49 23.680 24.917 97.908 13.5 6
2014 05 24 09 25 03.190 40.276 25.369 8.2 6
2014 05 24 11 49 26.60 0.684 -26.288 10 6
2014 05 30 01 20 15.380 24.989 97.898 10.1 6
2014 06 01 10 07 13.230 1.981 89.767 23.6 6
2014 06 13 19 30 31.450 -46.109 -13.951 13.4 6
2014 06 14 03 58 41.940 36.452 70.73 204.8 6
2014 06 14 11 11 03.260 -10.113 91.038 23.1 6
2014 07 12 17 49 17.150 -55.416 -27.97 6 6
2014 07 12 18 20 37.660 -55.341 -27.918 10 6
2014 07 13 20 54 14.560 -20.258 -70.347 33.1 6
2014 07 14 05 05 03.200 -8.818 111.252 52.5 6
2014 07 19 14 14 02.290 11.709 57.957 10 6
2014 07 23 21 39 08.470 -20.226 -68.677 118.7 6
2014 07 30 01 32 10.330 26.38 53.516 12.5 6
2014 07 31 13 40 59.500 12.388 95.192 12 6
2014 08 01 04 11 17.650 36.889 3.21 15 6
2014 08 02 14 02 18.200 -55.568 -28.45 10 6
2014 08 13 10 07 28.180 0.837 -26.686 10 6
2014 08 18 02 32 04.100 32.711 47.638 10 6
2014 08 18 05 25 52.800 32.752 47.739 14.1 6
2014 08 18 18 08 22.750 32.582 47.703 5 6
2014 08 20 10 14 16.500 32.593 47.772 14.1 6
2014 08 23 04 45 32.600 -20.08 -68.93 102 6
2014 08 23 22 32 23.320 -32.695 -71.441 32 6
2014 08 24 23 21 41.700 -14.52 -73.535 70 6
2014 08 24 23 21 43.400 -14.589 -73.45 74.4 6
2014 08 25 14 31 37.280 -16.126 -73.113 62 6
2014 08 30 15 29 50.220 43.731 -28.543 10 6
2014 09 22 16 01 42.750 -56.037 -27.829 116.8 6
2014 09 24 11 16 13.260 -23.784 -66.588 204.5 6
2014 09 26 04 21 24.150 12.515 95.167 20.7 6
2014 09 30 16 45 57.600 1.538 67.688 13.1 6
2014 10 07 13 49 41.780 23.343 100.5 12.8 6
2014 10 15 13 35 54.150 32.545 47.856 8.1 6
2014 10 26 10 45 32.280 -10.565 -74.072 127.3 6
2014 10 30 12 11 36.240 -6.962 117.515 549.2 6
2014 11 07 00 20 48.390 4.836 95.058 51.5 6
2014 11 18 03 25 41.40 7.458 94.263 24.5 6
2014 11 20 18 14 37.650 23.529 93.521 48.9 6
2014 11 22 08 55 26.490 30.314 101.803 2 6
2014 11 22 19 14 17.340 45.856 27.151 35 6
2014 12 01 22 47 27.360 1.56 67.713 14 6
2014 12 06 10 20 01.520 23.357 100.533 10 6
2014 12 11 13 53 29.350 -56.751 -25.424 10 6
2014 12 17 06 10 05.700 -3.829 100.143 10 6
2014 12 19 14 41 44.600 6.876 94.624 37 6
2014 12 19 19 49 30.80 16.195 -61.809 118.1 6
2014 12 29 17 41 50.900 -56.85 -25.288 33 6
2015 01 02 08 21 56.250 6.498 60.437 10 6
2015 01 08 14 56 31.100 -61.776 161.273 10 6
2015 01 17 18 41 43.220 -22.236 -63.129 560.7 6
2015 01 19 17 19 47.420 4.627 119.775 21.3 6
2015 01 27 00 53 21.470 1.289 97.253 27.9 6
2015 02 02 10 49 48.440 -32.648 -67.15 172.7 6
2015 02 11 13 01 15.460 -23.509 -66.777 198.8 6
2015 02 11 18 57 20.460 -23.065 -66.662 203.6 6
2015 02 11 21 29 24.750 -65.608 -179.51 10 6
2015 02 16 22 00 54.320 -55.518 -28.229 18.1 6
2015 02 27 13 45 05.640 -7.358 122.49 559.1 6
2015 03 03 10 37 31.380 -0.719 98.754 33.5 6
2015 03 06 08 22 20.90 -41.316 80.614 13.1 6
2015 03 18 18 27 28.660 -36.111 -73.689 9.7 6
2015 03 23 04 51 37.830 -18.354 -69.188 127.1 6
2015 03 28 16 36 53.550 -22.178 -68.534 107.8 6
2015 03 30 10 34 53.490 -39.471 78.072 10 6
2015 04 10 16 23 05.760 -13.823 65.834 18.3 6
2015 04 16 18 07 43.610 35.195 26.837 22.6 6
2015 04 20 09 05 33.740 -5.604 102.586 21.8 6
2015 04 25 06 11 26.630 28.13 84.716 13.4 6
2015 04 25 06 45 21.360 28.16 84.843 14.7 6
2015 04 25 09 17 02.270 28.348 87.287 9.3 6
2015 04 26 07 09 09.310 27.736 85.978 13.4 6
2015 04 30 10 19 09.810 -60.38 -26.983 19 6
2015 05 08 03 12 20.700 1.523 97.839 45.5 6
2015 05 12 07 05 18.830 27.801 86.126 12.3 6
2015 05 12 07 36 53.300 27.524 86.141 13.8 6
2015 05 15 20 26 55.950 -2.566 102.223 158.5 6
2015 05 18 04 02 45.550 -41.532 80.247 10.2 6
2015 05 24 04 53 23.400 -16.814 -14.261 11.7 6
2015 05 24 21 06 42.00 -59.622 -26.282 49.7 6
2015 05 26 10 32 01.830 -22.001 -68.437 120 6
2015 05 26 23 27 00.720 -58.681 -25.097 51.3 6
2015 05 26 23 41 38.120 -58.799 -25.241 18 6
2015 06 10 13 52 08.660 -22.409 -68.451 121.8 6
2015 06 17 12 51 35.660 -35.37 -17.809 27.1 6
2015 06 20 02 10 07.650 -36.334 -73.667 17.4 6
2015 06 20 05 32 08.330 -59.638 -26.544 53.6 6
2015 06 29 22 07 47.330 36.639 71.382 188.3 6
2015 07 01 18 24 41.60 -60.445 -35.313 10 6
2015 07 03 01 07 46.210 37.47 78.12 19 6
2015 07 03 03 16 35.940 11.334 94.951 17.1 6
2015 07 16 15 16 32.980 13.8 -58.57 19.4 6
2015 07 24 21 44 42.180 -8.12 109.007 88.6 6
2015 07 26 07 05 09.640 -9.185 112.689 71.6 6
2015 08 10 10 05 25.350 36.484 71.253 226 6
2015 08 12 00 14 39.560 -31.702 -71.539 30.4 6
2015 08 17 16 16 59.640 13.739 51.735 11.4 6
2015 08 23 23 10 04.50 -29.713 -71.34 34.7 6
2015 08 26 13 51 37.410 -57.545 -25.841 47.3 6
2015 09 16 22 54 32.860 -31.572 -71.674 22.44 6
2015 09 16 23 03 56.560 -31.75 -71.742 19.1 6
2015 09 16 23 16 09.440 -31.6 -71.918 35 6
2015 09 16 23 18 41.850 -31.562 -71.426 28.41 6
2015 09 16 23 38 01.650 -31.784 -72.022 12.46 6
2015 09 17 01 33 02.640 -31.736 -72.026 9.29 6
2015 09 17 01 41 05.870 -31.104 -71.65 42.32 6
2015 09 17 03 55 15.430 -31.424 -71.687 27 6
2015 09 17 04 10 27.00 -31.52 -71.81 23 6
2015 09 17 04 10 27.780 -31.517 -71.804 23 6
2015 09 17 04 26 38.970 -31.416 -71.98 17.62 6
2015 09 17 05 44 39.960 -31.801 -72.13 10 6
2015 09 17 12 14 34.910 -32.914 -71.606 10 6
2015 09 17 12 14 35.00 -32.91 -71.6 10 6
2015 09 17 13 32 26.50 -32.143 -72.377 10 6
2015 09 17 14 19 15.970 -30.91 -71.982 10 6
2015 09 17 20 40 31.750 -29.961 -71.885 5.69 6
2015 09 18 09 10 44.730 -32.368 -72.229 8 6
2015 09 18 15 59 42.640 15.276 -45.988 10 6
2015 09 19 05 06 47.500 -29.641 -72.077 6 6
2015 09 19 09 07 09.00 -31.1 -71.59 28 6
2015 09 19 09 07 09.550 -31.099 -71.59 28 6
2015 09 19 12 52 20.00 -32.33 -72.07 18 6
2015 09 19 12 52 20.920 -32.333 -72.062 18 6
2015 09 21 05 39 34.00 -31.58 -71.74 30 6
2015 09 21 05 39 34.910 -31.575 -71.743 30 6
2015 09 21 17 40 00.60 -31.727 -71.379 35 6
2015 09 21 18 36 53.520 -31.045 -71.82 26.95 6
2015 09 21 19 56 08.00 -31.78 -71.64 28.4 6
2015 09 21 19 56 08.690 -31.781 -71.64 28.36 6
2015 09 22 07 13 00.00 -31.44 -71.26 58 6
2015 09 22 07 13 00.520 -31.444 -71.265 58 6
2015 09 26 02 51 18.830 -30.814 -71.321 46 6
2015 09 28 15 28 05.00 -23.8 -66.6 219 6
2015 09 28 15 28 05.790 -23.802 -66.612 219 6
2015 09 30 16 06 52.320 -56.194 -27.715 101 6
2015 10 03 06 03 42.80 -37.455 -73.676 14.53 6
2015 10 03 06 26 55.780 -30.301 -71.551 38 6
2015 10 05 16 33 26.780 -30.303 -71.531 34 6
2015 10 09 18 27 36.650 -31.732 -71.732 35 6
2015 10 12 03 15 19.160 -31.184 -71.822 21 6
2015 10 17 11 33 08.950 -25.467 -64.483 17 6
2015 10 20 20 33 12.00 -57.43 -65.89 9.1 6
2015 10 26 09 09 32.20 36.459 70.684 206.94 6
2015 10 26 09 09 42.560 36.524 70.367 231 6
2015 11 01 15 16 17.480 -23.246 -68.416 111 6
2015 11 04 03 44 15.190 -8.338 124.875 20 6
2015 11 11 01 54 38.570 -29.506 -72.006 12 6
2015 11 11 02 46 19.830 -29.509 -72.058 10 6
2015 11 11 11 45 23.890 -8.941 110.218 83.02 6
2015 11 13 06 04 17.180 -29.849 -64.498 27 6
2015 11 17 07 10 07.300 38.67 20.6 11 6
2015 11 17 17 29 36.290 40.376 73.203 18 6
2015 11 21 23 05 30.650 -30.575 -71.767 27 6
2015 11 22 18 16 04.710 36.434 71.423 102 6
2015 11 24 20 45 02.330 -0.098 -17.834 10 6
2015 11 24 22 45 38.880 -10.537 -70.943 606.21 6
2015 11 24 22 50 54.370 -10.059 -71.018 620.56 6
2015 11 26 05 45 18.400 -9.182 -71.257 602.75 6
2015 11 27 21 00 22.920 -24.828 -70.6 34 6
2015 11 29 18 52 49.490 -23.559 -64.652 11 6
2015 11 29 18 56 21.610 -23.477 -64.586 10 6
2015 11 30 20 19 05.270 -8.791 67.696 10 6
2015 12 04 22 25 00.110 -47.616 85.091 35 6
2015 12 07 07 50 05.950 38.21 72.779 22 6
2015 12 08 12 56 07.420 -30.809 -71.751 25 6
2015 12 10 00 09 32.810 -35.883 -73.276 10 6
2015 12 10 12 05 14.730 -58.88 -23.906 10 6
2015 12 19 19 25 05.560 -30.605 -71.305 48.34 6
2015 12 25 19 14 47.190 36.493 71.126 206 6
2016 01 01 02 00 39.950 -50.557 139.448 10 6
2016 01 03 23 05 22.00 24.83 93.66 55 6
2016 01 03 23 05 22.270 24.803 93.65 55 6
2016 01 08 01 12 01.20 -30.663 -71.64 24.17 6
2016 01 12 20 04 59.710 36.592 70.948 239 6
2016 01 14 03 25 28.270 -19.759 -63.328 582.56 6
2016 01 20 17 13 13.680 37.675 101.65 9 6
2016 01 22 20 51 47.420 28.316 55.309 26.81 6
2016 01 25 04 22 02.730 35.649 -3.681 12 6
2016 02 10 00 33 05.340 -30.572 -71.583 29 6
2016 02 12 10 02 24.50 -9.633 119.401 28 6
2016 02 18 01 07 14.70 -56.212 -27.622 119.26 6
2016 02 22 06 37 03.370 -30.462 -72.063 10.15 6
2016 02 23 18 08 46.550 -63.032 144.996 10 6
2016 03 02 12 49 48.110 -4.952 94.329 24 6
2016 03 03 00 10 50.390 -4.794 94.41 10 6
2016 03 14 07 26 40.610 -56.428 -27.008 84 6
2016 03 26 03 24 24.110 -2.65 68.025 10 6
2016 04 06 14 45 29.620 -8.203 107.385 29 6
2016 04 10 02 14 34.590 -4.148 102.211 41 6
2016 04 10 10 28 58.720 36.472 71.131 212 6
2016 04 13 13 55 17.800 23.094 94.865 136 6
2016 04 14 23 15 07.910 -7.459 128.123 136.78 6
2016 04 19 05 25 39.940 -55.728 -27.23 14 6
2016 04 20 10 51 42.60 13.2 -55.886 28 6
2016 05 02 04 21 24.710 -5.026 104.627 117 6
2016 05 05 07 01 47.490 13.771 51.768 10 6
2016 05 20 18 14 04.670 -25.565 129.884 10 6
2016 05 28 09 46 59.780 -56.24 -26.935 78 6
2016 06 01 22 56 00.800 -2.096 100.665 50 6
2016 06 05 05 51 11.550 -29.342 -71.859 28 6
2016 06 05 16 25 33.540 -4.587 125.626 429.62 6
2016 06 06 13 16 02.220 -30.043 -71.463 28.31 6
2016 06 09 04 13 08.130 -11.248 116.266 19 6
2016 06 10 09 26 53.70 -7.458 -13.6 10 6
2016 06 18 17 29 46.460 -24.146 -67.152 186 6
2016 06 23 03 05 39.450 -60.672 -42.912 10 6
2016 06 26 11 17 11.280 39.479 73.338 13 6
2016 06 28 21 38 04.390 39.474 73.341 13.59 6
2016 07 19 05 18 40.260 -30.252 -71.972 8.01 6
2016 07 25 08 58 30.790 -49.484 126.265 10 6
2016 07 25 17 26 50.220 -26.104 -70.507 72 6
2016 07 31 11 33 20.570 -56.255 -27.549 98.16 6
2016 08 01 07 42 51.250 -23.964 82.556 10 6
2016 08 02 07 32 29.490 -58.724 -25.607 35.04 6
2016 08 04 14 15 13.90 -22.308 -66.026 270 6
2016 08 05 12 34 15.290 -23.945 82.433 10 6
2016 08 19 07 32 22.730 -55.279 -31.874 10 6
2016 08 19 17 33 40.520 -55.208 -32.073 4.34 6
2016 08 19 20 37 16.850 -55.203 -32.12 13.89 6
2016 08 21 03 45 23.740 -55.277 -31.754 10 6
2016 08 23 19 39 44.660 -7.28 122.425 532.4 6
2016 08 23 19 40 46.230 -7.208 122.541 514.33 6
2016 08 24 01 36 32.870 42.723 13.187 4.44 6
2016 08 24 02 33 29.660 42.833 13.131 4.95 6
2016 08 24 10 34 54.580 20.922 94.568 82 6
2016 08 24 13 48 44.380 -2.956 100.054 17.15 6
2016 08 29 04 29 57.880 -0.047 -17.829 10 6
2016 08 30 08 09 09.830 -34.898 -72.529 19.17 6
2016 08 30 15 46 02.260 -55.301 -30.364 10 6
2016 09 02 01 57 50.600 -55.329 -30.917 8 6
2016 09 22 16 07 27.170 -59.472 -27.488 8 6
2016 09 23 23 11 20.810 45.727 26.609 92 6
2016 10 17 07 14 49.190 32.906 94.879 23.32 6
2016 10 18 22 08 14.350 15.217 -61.491 146 6
2016 10 19 00 26 01.90 -4.862 108.162 614 6
2016 10 26 17 10 37.880 42.857 13.022 10 6
2016 10 26 19 18 08.320 42.934 13.043 10 6
2016 10 27 20 32 55.710 -33.764 -72.533 14.8 6
2016 10 28 20 02 48.880 39.313 13.536 448.48 6
2016 10 30 06 40 19.200 42.854 13.088 10 6
2016 11 04 16 20 43.940 -35.103 -70.996 90.79 6
2016 11 08 04 55 44.250 -36.58 -73.635 17.3 6
2016 11 13 14 01 01.660 -28.87 -67.455 109.15 6
2016 11 20 20 57 43.980 -31.642 -68.764 115.79 6
2016 11 25 14 24 30.590 39.23 74.02 17 6
2016 12 01 22 40 26.340 -15.294 -70.822 10 6
2016 12 05 01 13 04.880 -7.315 123.38 526 6
2016 12 06 22 03 33.390 5.283 96.167 13 6
2016 12 08 05 15 04.560 43.815 86.303 13.7 6
2016 12 18 13 30 11.430 -9.966 -70.969 622.53 6
2016 12 21 00 17 14.990 -7.508 127.92 152 6
2016 12 25 14 22 27.30 -43.405 -73.94 38 6
2016 12 25 14 32 13.310 -43.481 -74.477 14.93 6
2016 12 27 23 20 56.110 45.719 26.523 97 6
2016 12 29 22 30 19.300 -9.027 118.663 79 6
2017 01 03 21 19 07.380 -43.343 -74.465 9.08 6
2017 01 06 06 30 35.480 -22.319 -67.795 172 6
2017 01 11 21 58 18.410 -22.821 -69.803 72 6
2017 02 07 22 03 55.700 25.201 63.257 24.05 6
2017 02 18 12 10 17.970 -23.861 -66.659 222 6
2017 02 21 14 09 04.320 -19.281 -63.904 595.98 6
2017 03 02 11 07 27.00 37.579 38.44 10 6
2017 03 09 11 14 26.430 -60.146 150.296 10 6
2017 03 14 02 51 16.850 6.129 92.316 10 6
2017 03 16 18 39 26.270 -11.539 114.573 10 6
2017 03 21 23 10 25.150 -8.508 115.326 111.83 6
2017 04 04 13 53 18.980 -55.616 -30.001 19.22 6
2017 04 05 06 09 12.460 35.799 60.436 13 6
2017 04 15 08 19 43.400 -23.27 -67.765 155 6
2017 04 16 09 44 05.900 -7.348 83.161 10 6
2017 04 18 17 49 55.790 -2.711 -75.303 14 6
2017 04 23 02 36 07.840 -33.036 -72.006 21 6
2017 04 23 19 40 10.760 -33.008 -72.113 20 6
2017 04 24 21 38 30.840 -33.029 -72.045 28 6
2017 04 28 15 30 06.260 -33.231 -71.975 22 6
2017 04 28 16 05 57.170 -33.13 -71.786 28 6
2017 05 02 15 10 22.350 -11.728 -13.919 10 6
2017 05 03 04 47 13.190 39.499 71.451 10 6
2017 05 05 05 09 35.920 39.466 71.433 10 6
2017 05 06 00 16 09.410 -60.829 -38.055 10 6
2017 05 10 23 23 37.270 -56.427 -25.782 17.39 6
2017 05 11 15 41 13.60 -56.564 -25.865 21.84 6
2017 05 14 19 44 23.800 -20.928 -68.734 124.45 6
2017 05 29 14 57 53.850 -37.341 -71.657 80.7 6
2017 05 30 11 29 51.790 -58.644 -26.131 78.18 6
2017 06 03 19 17 33.950 -62.579 155.834 10 6
2017 06 12 02 43 26.880 -31.502 -71.747 27 6
2017 06 12 12 28 39.70 38.915 26.371 12 6
2017 06 24 16 09 14.320 -15.414 -73.385 97 6
2017 07 09 05 57 01.210 -56.069 -27.519 54.06 6
2017 07 18 02 05 19.870 -16.42 -73.629 44.92 6
2017 07 19 12 16 23.560 -17.415 66.483 10 6
2017 07 20 22 31 11.240 36.924 27.413 7 6
2017 07 27 17 53 24.610 13.396 -49.325 10 6
2017 08 01 06 13 53.920 -28.555 -68.705 85.07 6
2017 08 08 23 27 53.80 44.301 82.826 20 6
2017 08 13 03 08 10.560 -3.768 101.622 31 6
2017 08 18 02 59 21.950 -1.09 -13.663 10 6
2017 08 31 17 06 55.750 -1.159 99.688 43.14 6
2017 09 04 08 07 35.380 -57.788 -25.578 35 6
2017 09 15 18 48 02.550 -55.443 -28.361 9 6
2017 09 18 05 28 03.490 -18.526 -12.716 10 6
2017 09 18 13 46 57.730 -31.815 -72.097 17 6
2017 10 05 08 11 36.970 -22.379 -68.517 110.18 6
2017 10 06 02 03 48.320 0.955 -25.508 10 6
2017 10 10 06 32 20.800 -18.521 -69.641 82.43 6
2017 10 10 18 53 27.840 -54.258 8.605 9 6
2017 10 24 10 47 47.540 -7.236 123.04 549.19 6
2017 11 10 12 01 33.950 -41.466 -84.189 10 6
2017 11 11 00 36 14.980 -11.742 -14.114 10 6
2017 11 12 18 18 17.290 34.905 45.956 19 6
2017 11 17 22 34 19.500 29.832 94.977 8 6
2017 11 29 06 29 05.580 -14.474 -76.314 10 6
2017 11 30 06 32 50.760 -1.08 -23.432 10 6
2017 12 01 02 32 46.10 30.743 57.313 9 6
2017 12 11 19 00 56.580 -19.708 -71.06 10 6
2017 12 12 08 43 17.950 30.719 57.27 10 6
2017 12 12 21 41 31.160 30.822 57.286 8 6
2017 12 13 18 03 42.790 -54.217 2.168 10 6
2017 12 15 16 47 58.230 -7.492 108.174 90 6
2017 12 28 03 54 51.980 -24.886 -70.218 46.73 6
2018 01 07 06 47 14.510 24.754 94.909 23.77 6
2018 01 11 06 59 30.470 33.713 45.723 10 6
2018 01 11 18 26 24.230 18.362 96.077 9 6
2018 01 14 09 18 45.540 -15.758 -74.709 39 6
2018 01 21 01 06 42.890 -18.852 -69.456 116 6
2018 01 23 06 34 54.240 -7.195 105.918 43.91 6
2018 01 23 23 09 09.550 -5.777 -12.543 10 6
2018 01 25 01 15 58.300 8.264 91.78 10 6
2018 01 28 16 03 03.970 -53.062 9.684 10 6
2018 01 30 14 23 52.870 -15.849 -74.609 34 6
2018 01 31 07 07 00.230 36.543 70.815 191.19 6
2018 02 08 21 19 24.820 -37.438 -73.979 4.3 6
2018 02 27 17 29 22.580 -60.249 150.779 10 6
2018 03 10 14 27 52.780 -56.334 -27.866 11.86 6
2018 03 10 21 45 36.340 -1.423 -15.209 10 6
2018 03 17 05 50 09.70 -47.664 -13.501 10 6
2018 03 24 19 58 33.380 -45.778 96.069 10 6
2018 03 25 08 58 11.520 -7.309 128.502 149.36 6
2018 03 25 14 28 35.270 -26.792 -63.369 577.24 6
2018 04 02 13 40 34.840 -20.658 -63.005 559 6
2018 04 05 11 12 10.170 -20.381 -70.605 34.93 6
2018 04 09 00 20 55.550 -57.658 -27.875 245 6
2018 04 10 10 19 34.30 -30.986 -71.556 76.08 6
2018 04 19 06 34 46.830 28.331 51.612 10 6
2018 05 09 10 41 45.920 36.991 71.383 116 6
2018 06 21 16 08 03.320 -24.267 -67.051 189 6
2018 07 15 01 57 19.410 14.062 51.736 10 6
2018 07 15 01 59 09.50 14.175 51.653 10 6
2018 07 15 13 09 16.470 13.848 51.717 10 6
2018 07 20 10 24 57.140 -28.068 -63.254 587.8 6
2018 07 22 10 07 27.230 34.591 46.165 12 6
2018 07 22 20 39 17.410 30.433 57.451 10 6
2018 07 23 10 36 00.330 -0.349 -19.234 10 6
2018 07 25 19 45 05.50 -56.062 -27.68 124.63 6
2018 07 28 17 07 23.370 -7.122 122.747 577.48 6
2018 07 28 22 47 38.740 -8.239 116.508 14 6
2018 08 05 11 46 38.190 -8.259 116.436 31 6
2018 08 09 05 25 31.570 -8.315 116.232 10 6
2018 08 14 03 29 53.440 -58.11 -25.258 35 6
2018 08 17 15 35 01.870 -7.426 119.834 529 6
2018 08 19 04 10 23.490 -8.329 116.598 21.41 6
2018 08 19 14 56 28.30 -8.33 116.631 25.21 6
2018 08 19 15 16 35.240 -8.351 116.556 10 6
2018 08 21 21 31 47.540 10.779 -62.907 146.18 6
2018 08 24 09 04 06.780 -11.042 -70.816 609.48 6
2018 08 24 10 49 27.310 10.572 91.72 10 6
2018 08 25 18 33 15.270 -8.424 116.929 9.21 6
2018 08 25 22 13 25.620 34.611 46.242 10 6
2018 08 27 20 09 21.990 -61.794 -58.048 49 6
2018 09 03 20 35 50.30 -58.016 -25.25 28.49 6
2018 09 07 02 39 17.730 -28.892 -69.953 92.4 6
2018 09 07 06 23 38.650 28.323 59.32 10 6
2018 09 28 06 21 54.900 -26.492 67.589 10 6
2018 09 28 07 06 39.860 -26.518 67.622 10 6
2018 09 28 10 02 43.480 -0.178 119.84 10 6
2018 09 28 10 25 04.440 -1.062 119.96 10 6
2018 10 05 14 59 44.140 -5.691 -11.525 10 6
2018 10 07 00 10 04.880 7.66 -37.708 10 6
2018 10 10 18 44 55.280 -7.453 114.455 9 6
2018 10 25 22 54 52.590 37.514 20.563 14 6
2018 10 28 00 38 11.610 45.657 26.397 151 6
2018 10 29 06 54 21.440 -57.404 -66.408 10 6
2018 10 29 20 17 22.520 -57.549 -66.304 10 6
2018 10 29 21 07 13.190 -57.541 -66.163 10 6
2018 11 01 19 30 20.940 -58.074 -25.205 29 6
2018 11 01 22 19 51.540 -19.588 -69.292 102 6
2018 11 09 07 39 16.730 -42.596 -16.156 10 6
2018 11 09 07 54 52.560 -42.713 -16.02 10 6
2018 11 11 14 03 59.560 15.565 -49.871 10 6
2018 11 15 20 02 22.920 -56.706 -25.546 15 6
2018 11 17 13 17 59.460 15.539 -49.907 10 6
2018 11 23 10 51 59.840 -56.261 -26.985 82.85 6
2018 11 25 16 37 32.710 34.346 45.743 18 6
2018 11 27 12 03 28.00 -1.029 -13.663 10 6
2018 11 27 19 34 45.570 15.578 -49.843 10 6
2018 11 29 20 21 44.620 0.224 96.997 9.44 6
2018 12 01 13 27 21.80 -7.384 128.706 136 6
2018 12 06 01 02 46.320 -8.391 116.006 12 6
2018 12 11 02 26 32.730 -58.598 -26.465 164.66 6
2018 12 16 14 26 19.620 -23.322 112.497 10 6
2018 12 23 19 32 22.60 30.407 87.62 10 6
2018 12 30 08 39 12.700 -2.657 102.348 168.3 6
2019 01 05 19 25 38.580 -8.148 -71.583 571.18 6
2019 01 06 13 41 59.70 34.125 45.673 14 6
2019 01 20 01 32 51.480 -30.073 -71.423 53.04 6
2019 01 22 05 10 03.670 -10.466 119.03 27.01 6
2019 01 23 11 39 01.330 -10.306 118.928 15.29 6
