2007 11 15 15 40 49 -22.3208 -69.7803 33.6 6
2007 11 16 15 03 09 -22.8981 -70.4148 31.4 6
2007 11 16 15 06 00 -22.7389 -70.0773 35.0 6
2007 11 17 03 13 00 -2.3388 -77.7937 123.6 6
2007 11 19 05 40 09 -22.6479 -66.2655 216.4 6
2007 11 21 17 55 51 -22.8806 -70.5143 13.7 6
2007 11 30 19 00 19 14.9946 -61.2236 147.3 6
2007 12 14 05 20 24 -23.1885 -70.4177 41.7 6
2007 12 14 07 23 40 -23.2335 -70.5276 30.6 6
2007 12 17 08 09 19 -22.8877 -70.1289 57.0 6
2008 01 06 11 01 05 51.2576 -130.759 10.0 6
2008 01 06 11 44 48 51.1459 -130.543 10.0 6
2008 01 10 08 26 47 32.4042 85.2551 27.7 6
2008 01 10 14 40 00 51.644 -131.17 10.0 6
2008 01 11 01 37 20 43.8352 -126.909 10.0 6
2008 02 05 17 01 31 -20.1855 -69.9476 42.8 6
2008 02 09 09 38 12 10.7251 -41.902 4.1 6
2008 02 13 12 50 19 16.4315 -94.2427 85.7 6
2008 02 17 14 45 12 -21.3193 -68.3628 131.8 6
2008 02 22 02 46 18 77.0612 18.5685 10.5 6
2008 02 22 14 16 05 41.1003 -114.876 10.0 6
2008 03 21 22 32 56 35.5493 81.5063 10.0 6
2008 03 25 20 39 07 -20.0782 -68.9726 120.8 6
2008 04 16 03 03 05 13.6399 -90.7296 35.0 6
2008 04 25 12 14 50 -1.1526 -23.5243 10.0 6
2008 05 13 06 28 00 31.0636 103.372 7.6 6
2008 05 13 11 11 02 31.2384 103.627 11.5 6
2008 05 24 19 35 34 7.3593 -34.891 10.0 6
2008 05 26 08 21 49 32.6031 105.377 14.0 6
2008 05 30 15 46 00 63.9564 -20.9875 10.0 6
2008 06 23 23 56 29 67.7013 141.181 22.2 6
2008 06 28 11 40 15 10.996 91.841 27.6 6
2008 06 29 12 54 47 10.8674 91.7274 27.9 6
2008 07 06 02 12 06 53.9462 152.863 646.1 6
2008 07 09 09 13 07 -15.9861 -71.7482 122.6 6
2008 08 06 09 49 17 32.8105 105.503 10.8 6
2008 08 11 08 20 32 11.0241 91.825 29.1 6
2008 08 12 23 38 38 -0.9785 -21.7975 16.2000009766 6
2008 08 22 12 24 32 25.2077 97.7239 10.0 6
2008 08 23 07 47 41 -17.8435 65.4242 15.8 6
2008 08 26 13 22 01 31.0612 83.6521 25.5 6
2008 08 27 21 00 36 -7.6632 -74.3692 153.9 6
2008 08 28 01 35 31 51.6568 104.144 10.0 6
2008 08 29 15 22 23 -0.0245 -17.4395 4.5 6
2008 08 31 08 30 49 26.3088 101.895 2.4 6
2008 09 04 11 25 14 -26.83 -63.1933 570.6 6
2008 09 11 11 00 35 26.7723 55.8332 12.0 6
2008 09 11 13 08 13 8.1265 -38.6802 3.1 6
2008 09 25 02 33 05 17.5209 -105.455 10.0 6
2008 09 26 01 47 08 30.8405 83.5855 10.0 6
2008 10 06 15 52 50 39.5582 73.7911 29.0 6
2008 10 06 22 56 28 33.8651 69.4868 0.9 6
2008 10 07 08 30 45 29.8445 90.3787 6.4 6
2008 10 12 10 40 13 19.1935 -64.826 25.7 6
2008 10 13 20 55 41 -20.1808 -64.9821 357.8 6
2008 10 17 19 41 33 14.541 -92.3345 83.5 6
2008 10 29 23 09 56 30.5928 67.3746 18.8 6
2008 10 30 11 32 41 30.4973 67.5633 2.9 6
2008 11 11 01 21 57 37.6199 95.8853 0.1 6
2008 11 20 06 11 21 8.3262 -82.9022 44.6 6
2008 11 23 18 49 41 -1.1892 -14.0194 8.0 6
2008 11 25 09 02 59 54.2201 154.293 505.3 6
2009 01 09 19 21 34 10.2152 -84.2159 10.7 6
2009 03 07 10 50 29 80.3143 -1.9637 14.2 6
2009 03 13 23 23 33 5.518 -82.7165 10.7 6
2009 03 31 07 13 06 56.4023 -152.769 17.0 6
2009 04 18 02 08 06 -19.5806 -70.5024 28.7 6
2009 05 11 01 16 04 1.3388 -85.2931 6.0 6
2009 05 29 08 24 48 16.8078 -86.243 29.0 6
2009 05 29 08 24 55 20.28 -86.6 10.0 6
2009 06 07 20 33 28 23.8302 -46.2162 14.6 6
2009 06 17 20 05 57 -54.404 5.8693 16.0 6
2009 07 05 06 49 35 9.7523 -79.0221 48.6 6
2009 07 08 19 11 44 75.3428 -72.6913 15.2 6
2009 07 13 06 12 48 -15.0411 -70.5354 198.7 6
2009 08 04 18 40 49 29.4343 -113.756 10.0 6
2009 08 11 19 55 38 14.0522 92.8685 30.7 6
2009 08 21 06 35 05 72.2089 0.9513 9.5 6
2009 08 29 01 52 07 37.6678 95.7622 12.1 6
2009 09 08 22 41 37 42.5829 43.4523 14.6 6
2009 09 13 20 06 25 10.7159 -67.9132 19.6 6
2009 09 22 08 53 05 27.3693 91.4597 16.1 6
2009 10 13 03 15 47 -17.1827 66.6858 14.1 6
2009 10 23 19 51 28 36.5187 71.0121 188.6 6
2009 10 30 17 44 32 36.3822 70.7684 213.9 6
2009 11 14 03 05 55 -19.469 -70.4181 36.0 6
2009 11 15 19 44 29 -22.9595 -66.5863 214.3 6
2009 11 18 15 30 46 51.9622 -131.598 8.7 6
2009 12 10 16 00 41 -0.7227 -21.1384 10.0 6
2009 12 11 02 30 50 53.3987 152.798 653.2 6
2010 01 11 00 27 41 40.6654 -124.467 20.6 6
2010 01 13 21 53 09 18.3823 -72.588 15.0 6
2010 02 28 15 45 38 -24.7957 -65.4619 31.8 6
2010 03 05 22 39 24 -22.2651 -68.4579 108.4 6
2010 03 09 02 32 34 38.7884 40.044 12.2 6
2010 03 27 14 52 05 -28.0601 -70.9122 41.4 6
2010 03 31 16 54 47 13.6128 92.8746 38.5 6
2010 04 05 22 40 43 32.2764 -115.263 5.2 6
2010 04 14 23 49 37 33.1928 96.7466 13.8 6
2010 04 15 01 25 15 33.1494 96.4895 12.2 6
2010 05 01 23 11 43 60.4708 -177.851 13.3 6
2010 05 01 23 16 27 60.467 -177.607 16.0 6
2010 05 07 02 42 46 -18.0961 -70.5865 46.8 6
2010 05 20 04 15 39 -5.1255 -77.4969 129.0 6
2010 05 24 22 46 49 -14.0 -74.4319 102.6 6
2010 05 25 16 18 29 -8.1152 -71.6412 582.1 6
2010 06 01 19 51 45 11.2109 93.6519 131.6 6
2010 06 02 03 26 16 9.3208 -84.1898 28.4 6
2010 06 13 19 26 49 7.8506 91.9546 31.4 6
2010 07 01 07 22 27 16.2901 -97.9585 27.8 6
2010 07 13 00 11 20 -22.2789 -68.3159 109.4 6
2010 08 13 11 54 15 -1.2779 -77.3694 206.5 6
2010 08 17 03 30 53 -17.8076 65.6026 14.7 6
2010 09 18 19 21 13 36.5352 70.9695 215.4 6
2010 10 22 17 53 13 24.7878 -109.174 13.9 6
2010 12 21 18 42 00 28.3681 59.15 14.5 6
2011 01 02 09 56 58 -26.8513 -63.2373 584.3 6
2011 01 19 20 23 23 28.6831 63.9948 79.9 6
2011 01 25 02 45 30 38.4018 72.8467 101.9 6
2011 01 28 08 38 29 28.151 59.052 18.5 6
2011 01 30 06 55 26 70.8684 -6.9088 6.4 6
2011 02 05 13 53 46 24.6094 94.7347 86.5 6
2011 02 12 20 05 27 -36.4604 -73.1552 12.8 6
2011 02 26 13 07 26 17.8214 -95.1708 130.600007812 6
2011 03 07 12 31 55 -18.2064 -69.5006 114.5 6
2011 03 07 14 32 35 -56.3864 -27.0253 92.0 6
2011 03 07 14 32 42 -56.41 -26.68 101.2 6
2011 03 25 13 55 12 20.6298 99.9178 12.8 6
2011 04 08 13 11 23 17.2651 -94.1439 165.1 6
2011 05 14 22 47 54 10.1114 -84.1889 76.8 6
2011 05 15 21 07 22 36.4257 70.7231 207.6 6
2011 05 16 13 08 15 0.4584 -25.6088 18.9 6
2011 06 21 16 35 57 -21.771 -68.3834 126.2 6
2011 07 17 19 59 12 54.7716 -161.316 40.9 6
2011 07 20 19 35 44 40.1562 71.5011 19.5 6
2011 08 11 23 45 42 -7.1029 -12.8059 11.7 6
2011 08 25 17 46 11 -7.6203 -74.538 149.3 6
2011 09 03 13 47 09 -28.4135 -63.136 592.7 6
2011 09 04 04 48 58 -56.5611 -26.9231 96.3 6
2011 09 10 19 41 33 49.3886 -127.065 15.4 6
2011 09 19 12 40 49 27.8039 88.1536 29.6 6
2011 10 15 06 10 13 54.0736 123.814 13.9 6
2011 10 24 10 41 22 38.7294 43.4465 7.6 6
2011 10 24 20 45 33 38.5893 43.1165 10.1 6
2011 10 29 18 54 33 -14.5572 -76.1207 29.0 6
2011 11 08 22 35 23 11.6918 -85.7838 177.2 6
2011 11 18 01 57 03 -1.7479 -81.7057 19.6 6
2011 11 23 18 48 15 -15.3083 -65.1634 560.3 6
2011 12 08 22 23 07 -27.9324 -71.1344 13.8 6
2011 12 12 01 47 24 17.9024 -99.9298 65.4 6
2011 12 12 09 54 55 -56.049 -28.2135 130.600007812 6
2011 12 28 15 21 56 51.8349 95.9643 12.8 6
2012 01 22 18 47 11 14.933 -93.1422 63.5 6
2012 01 31 05 10 53 -14.2139 -75.6584 34.2 6
2012 02 27 06 17 18 51.8008 95.9804 13.0 6
2012 03 06 07 46 03 -28.2579 -63.2916 551.9 6
2012 03 21 18 02 46 16.4734 -98.3694 19.4 6
2012 03 26 22 37 06 -35.2035 -72.1268 28.2 6
2012 04 03 17 36 42 16.3729 -98.4615 16.2999990234 6
2012 04 12 22 41 43 43.5513 -127.629 16.4 6
2012 04 12 22 55 10 18.2042 -102.876 27.6 6
2012 04 13 07 15 47 28.8386 -113.127 10.0 6
2012 04 18 03 50 12 -32.6374 -71.5641 29.7 6
2012 05 02 22 43 33 14.4544 -93.0427 28.7 6
2012 05 15 10 00 36 -17.7968 -69.7926 108.7 6
2012 05 25 22 47 44 73.0279 5.5053 8.2 6
2012 05 29 05 07 18 -28.021 -63.1134 591.1 6
2012 06 03 07 52 53 -22.1017 -63.6574 539.4 6
2012 06 05 00 45 13 5.2944 -82.6322 15.0 6
2012 06 05 03 15 22 5.4503 -82.5631 9.5 6
2012 06 08 04 05 03 -36.0516 -70.8547 5.8 6
2012 06 08 16 03 15 -15.9117 -72.4723 106.7 6
2012 06 25 03 15 01 57.5012 163.415 16.0 6
2012 06 30 21 07 29 43.4335 84.6125 17.1 6
2012 07 27 05 33 31 -17.5507 66.2905 16.2000009766 6
2012 08 03 09 38 31 -8.454 -74.2726 148.8 6
2012 08 12 12 23 15 38.4023 46.838 8.7 6
2012 08 12 12 34 32 38.3798 46.7958 18.9 6
2012 08 13 10 47 03 35.6526 82.5417 14.0 6
2012 08 31 13 43 22 71.4464 -11.0341 11.1 6
2012 09 06 14 42 05 10.0242 -85.3884 20.7 6
2012 09 26 23 45 24 24.7742 -110.184 8.10000048828 6
2012 10 01 16 31 27 1.9079 -76.3716 155.2 6
2012 10 25 00 45 32 10.0745 -85.3716 22.3 6
2012 10 29 03 04 03 52.6777 -132.172 7.4 6
2012 10 29 18 54 20 52.5384 -132.659 5.1 6
2012 10 31 02 48 59 52.145 -132.111 9.5 6
2012 11 08 16 35 44 14.0318 -92.0669 38.7 6
2012 11 09 02 01 49 49.1261 -128.541 11.0 6
2012 11 11 14 57 49 -8.9367 -75.0884 128.600007812 6
2012 11 13 20 42 16 57.557 -142.86 19.0 6
2012 11 15 19 02 03 -29.1789 -71.3863 61.5 6
2012 11 16 09 20 15 18.1995 -100.525 57.9 6
2013 01 06 08 58 17 55.2347 -134.801 3.1 6
2013 01 29 16 38 53 42.5824 79.7217 14.3 6
2013 01 31 20 15 43 -28.1096 -70.8883 46.1 6
2013 02 10 14 16 04 1.0345 -77.462 144.2 6
2013 02 15 13 13 52 67.5173 142.702 8.9 6
2013 02 23 12 01 57 -27.9052 -63.1349 585.6 6
2013 03 26 23 02 11 14.5905 -90.4772 193.7 6
2013 04 10 11 52 48 28.4463 51.629 12.8 6
2013 04 17 10 44 17 27.9704 62.136 63.1 6
2013 04 21 00 02 45 30.2688 103.02 18.0 6
2013 04 23 01 16 26 18.0412 -102.198 31.5 6
2013 05 12 02 08 09 26.6583 57.8438 15.1 6
2013 05 25 05 44 44 54.815 153.391 607.0 6
2013 06 16 17 34 26 11.7418 -87.0457 41.4 6
2013 06 25 22 04 06 10.6905 -42.6687 17.5 6
2013 07 18 02 37 43 -15.6661 -71.7458 13.0 6
2013 07 22 23 45 55 34.5047 104.261 5.1 6
2013 07 23 07 01 42 -46.0946 34.8615 3.2 6
2013 07 27 21 32 57 -58.0352 -24.28 17.0 6
2013 08 13 09 49 30 -5.4117 -81.979 12.8 6
2013 08 14 15 43 12 5.718 -78.1251 18.6 6
2013 08 18 16 32 26 -34.8867 54.1278 10.9 6
2013 08 22 12 38 22 16.8572 -99.5188 18.9 6
2013 09 04 20 19 03 51.0979 -130.423 2.5 6
2013 09 05 00 23 06 51.1711 -130.267 10.0 6
2013 09 06 04 01 29 15.2518 -45.2139 10.4 6
2013 09 08 00 13 29 14.6678 -92.0911 74.1 6
2013 09 25 11 29 47 26.9109 65.5315 15.5 6
2013 09 26 16 42 38 -15.9001 -74.6012 38.2 6
2013 09 29 07 34 05 27.1617 65.6192 18.7 6
2013 10 02 03 38 15 53.1368 152.896 578.4 6
2013 10 13 02 10 22 10.8358 -62.3025 82.1 6
2013 11 01 23 03 54 -30.3139 -71.5019 19.8 6
2013 11 13 07 03 50 54.6769 162.143 60.5 6
2014 01 14 04 00 57 18.9922 -66.8685 30.9 6
