2014 01 26 13 55 43.330 38.191 20.507 13.8 6
2014 02 03 22 36 40.710 -7.243 128.224 24.4 6
2014 02 10 18 06 20.250 -8.228 124.582 33.1 6
2014 02 17 05 56 00.590 18.482 120.455 28.6 6
2014 03 02 20 11 22.710 27.423 127.327 118.9 6
2014 03 13 17 06 51.00 33.622 131.807 83.4 6
2014 03 14 20 32 09.680 -53.559 25.342 10 6
2014 03 15 09 37 28.980 -4.004 100.373 25.1 6
2014 03 19 12 19 26.400 23.986 122.321 24.2 6
2014 03 19 20 17 44.680 -60.737 -25.538 19 6
2014 03 21 14 11 15.400 7.561 94.256 17.7 6
2014 03 21 14 25 10.410 7.463 94.212 16.6 6
2014 04 15 03 57 01.840 -53.609 8.709 10 6
2014 04 17 04 38 18.170 4.513 122.993 578.9 6
2014 04 21 20 45 24.320 17.351 120.029 30.2 6
2014 05 05 11 08 45.650 19.615 99.703 15.2 6
2014 05 10 02 42 11.580 -8.166 117.534 232.8 6
2014 05 15 10 16 44.180 9.349 122.035 30.1 6
2014 05 17 21 28 19.260 -56.265 -27.55 112 6
2014 05 21 00 21 13.680 23.721 121.468 18.4 6
2014 05 22 08 37 58.900 -55.424 -28.433 22.1 6
2014 05 24 09 25 03.190 40.276 25.369 8.2 6
2014 05 30 01 20 15.380 24.989 97.898 10.1 6
2014 06 01 10 07 13.230 1.981 89.767 23.6 6
2014 06 29 14 32 49.770 -55.418 -28.224 11.9 6
2014 06 30 01 46 23.260 0.039 -17.324 14.3 6
2014 07 09 17 58 15.800 -61.946 165.021 37 6
2014 07 12 17 49 17.150 -55.416 -27.97 6 6
2014 07 14 05 05 03.200 -8.818 111.252 52.5 6
2014 07 14 05 05 07.200 -9.09 111.31 60.8 6
2014 07 14 07 59 57.290 5.714 126.477 20 6
2014 07 14 08 00 02.100 5.72 126.51 50 6
2014 07 19 14 14 02.290 11.709 57.957 10 6
2014 07 30 01 32 10.330 26.38 53.516 12.5 6
2014 08 02 14 02 18.200 -55.568 -28.45 10 6
2014 08 03 08 30 14.300 27.217 103.458 28 6
2014 08 06 11 45 22.680 -7.274 128.036 10 6
2014 08 06 11 45 28.700 -7.13 127.92 19.5 6
2014 10 20 07 58 53.90 -62.001 161.283 10 6
2014 11 07 03 33 55.20 -6.027 148.263 53.4 6
2014 11 26 14 49 51.160 1.906 126.481 40.1 6
2014 12 06 22 05 10.730 -6.11 130.482 116 6
2014 12 21 00 25 20.500 11.451 125.939 12 6
2014 12 21 11 34 14.500 2.051 126.544 71 6
2014 12 21 13 40 41.640 2.055 126.576 48.5 6
2014 12 31 01 37 33.930 -4.437 144.002 123 6
2015 01 12 20 25 14.610 -5.61 133.85 24.9 6
2015 02 02 15 13 41.700 13.88 124.565 28.2 6
2015 02 19 10 24 04.310 -53.304 159.721 10 6
2015 03 01 03 32 36.530 0.031 124.412 89.9 6
2015 03 29 07 50 54.820 1.693 126.49 45.5 6
2015 04 01 09 35 58.900 -6.944 132.52 29.3 6
2015 06 15 21 04 25.320 4.161 125.88 152.8 6
2015 07 03 03 16 35.940 11.334 94.951 17.1 6
2015 07 27 21 41 20.760 -2.713 138.542 47.8 6
2015 08 17 16 16 59.640 13.739 51.735 11.4 6
2015 09 03 13 24 00.00 2.06 126.68 53 6
2015 09 03 13 24 00.690 2.055 126.681 53 6
2015 09 24 15 53 27.00 -0.62 131.26 18 6
2015 09 24 15 53 27.740 -0.621 131.262 18 6
2015 10 23 00 27 39.00 29.64 70.33 11 6
2015 11 21 09 06 13.460 -7.148 129.937 82 6
2016 01 14 12 15 29.470 -53.26 159.752 10 6
2016 01 14 13 14 49.150 9.686 126.309 35 6
2016 01 31 17 39 00.280 -63.286 169.152 10 6
2016 02 15 19 28 04.190 -49.046 164.482 10 6
2016 02 27 21 29 43.570 -51.789 139.595 10 6
2016 02 28 09 06 25.650 5.275 125.332 175.44 6
2016 03 16 13 09 52.810 4.725 125.148 10 6
2016 04 06 20 35 14.560 -6.029 130.429 118 6
2016 04 14 23 15 07.910 -7.459 128.123 136.78 6
2016 04 27 15 17 14.440 24.23 121.8 13 6
2016 05 12 04 29 55.800 24.683 122.053 9 6
2016 06 19 18 20 50.450 20.172 121.378 16 6
2016 09 23 22 53 10.400 6.571 126.491 65 6
2016 09 24 11 04 29.550 -1.953 140.597 8 6
2016 10 09 14 46 26.720 1.783 127.43 128 6
2016 10 17 06 14 58.370 -6.052 148.861 35 6
2016 11 17 16 56 44.50 -6.276 130.485 109.84 6
2017 03 01 06 59 40.570 -6.325 130.028 130.99 6
2017 03 05 00 08 17.960 9.83 125.496 10.2 6
2017 03 25 14 57 26.900 -3.047 136.863 27.09 6
2017 04 08 07 07 56.920 13.7 120.93 11.95 6
2017 04 09 00 14 30.750 -52.176 139.664 10 6
2017 04 10 10 38 48.110 5.689 127.197 13 6
2017 05 09 01 54 14.530 24.449 126.318 10 6
2017 05 24 09 10 14.280 -2.789 122.118 10 6
2017 06 02 23 48 17.970 -4.739 145.136 193.51 6
2017 07 26 10 32 57.430 26.897 130.183 12 6
2017 11 07 21 26 38.480 -4.243 143.484 110.57 6
2017 11 29 23 53 50.300 -6.736 129.781 157 6
2017 11 30 06 32 50.760 -1.08 -23.432 10 6
2017 12 01 02 49 59.150 -6.113 147.628 39.53 6
2017 12 08 00 22 54.200 10.116 140.219 12.79 6
2017 12 13 18 03 42.790 -54.217 2.168 10 6
2018 01 18 17 48 39.770 -6.39 132.813 26.95 6
2018 02 25 17 44 44.70 -6.052 142.77 24.43 6
2018 02 26 13 34 53.750 -2.762 126.727 9.91 6
2018 03 02 02 20 12.280 -6.135 130.278 135 6
2018 04 17 02 52 35.330 -3.513 131.299 10 6
2018 07 03 09 59 54.520 5.884 125.231 99.55 6
2018 09 08 07 16 49.620 7.236 126.478 10 6
2018 10 10 02 02 59.340 -6.149 147.456 36.19 6
2018 10 20 09 47 52.920 -6.515 128.271 358.83 6
2018 10 29 20 17 22.520 -57.549 -66.304 10 6
2018 12 03 14 00 07.530 -7.361 128.747 131 6
2018 12 28 03 03 33.440 -1.452 134.085 41 6
2018 12 29 03 39 09.740 5.898 126.92 60.21 6
2014 08 10 13 33 19.800 5.9 127.08 75 6
2014 08 13 10 07 28.180 0.837 -26.686 10 6
2014 08 20 10 14 16.500 32.593 47.772 14.1 6
2014 08 29 03 45 04.800 36.779 23.761 87 6
2014 08 30 15 29 50.220 43.731 -28.543 10 6
2014 09 07 07 08 01.120 64.545 -17.273 10 6
2014 09 10 02 46 08.190 -0.224 125.026 39.9 6
2014 09 10 05 16 54.420 -0.195 125.102 40.5 6
2014 09 21 10 51 47.690 64.525 -17.373 2.6 6
2014 09 22 16 01 42.750 -56.037 -27.829 116.8 6
2014 09 25 02 31 57.730 27.28 65.777 51.1 6
2014 09 26 04 21 24.150 12.515 95.167 20.7 6
2014 09 29 13 43 02.620 64.462 -17.481 10 6
2014 09 30 16 45 57.600 1.538 67.688 13.1 6
2014 10 03 08 05 44.580 11.374 122.147 18.3 6
2014 10 07 10 22 32.200 64.492 -17.368 10 6
2014 10 07 13 49 41.780 23.343 100.5 12.8 6
2014 10 08 03 04 07.550 30.298 -41.913 2.8 6
2014 10 15 13 35 54.150 32.545 47.856 8.1 6
2014 10 22 00 15 17.630 27.461 128.535 46.5 6
2014 10 30 12 11 36.240 -6.962 117.515 549.2 6
2014 11 03 08 23 55.520 4.65 -32.753 10 6
2014 11 03 08 48 29.700 -41.824 80.043 7.4 6
2014 11 15 02 31 42.240 1.834 126.462 47.8 6
2014 11 15 02 34 59.880 1.65 126.252 47 6
2014 11 15 03 08 05.470 -0.194 123.978 99.9 6
2014 11 15 09 47 59.300 1.82 126.513 45.3 6
2014 11 17 16 52 47.640 -46.407 33.701 12.2 6
2014 11 18 03 25 41.40 7.458 94.263 24.5 6
2014 11 18 04 47 19.650 1.879 126.394 48.8 6
2014 11 20 18 14 37.650 23.529 93.521 48.9 6
2014 11 21 03 29 13.670 20.606 120.139 19.1 6
2014 11 21 10 10 20.780 2.27 127.03 45.2 6
2014 11 22 08 55 26.490 30.314 101.803 2 6
2014 11 22 19 14 17.340 45.856 27.151 35 6
2014 11 25 15 19 08.460 30.168 101.782 6.3 6
2014 11 26 14 33 45.180 1.964 126.465 47.7 6
2014 11 29 13 05 07.600 5.802 61.275 2.4 6
2014 12 01 22 47 27.360 1.56 67.713 14 6
2014 12 02 05 11 31.00 6.157 123.126 614 6
2014 12 03 00 27 04.430 -2.932 122.423 10 6
2014 12 03 00 27 06.100 -2.79 122.336 34 6
2014 12 05 18 43 46.290 23.336 100.473 11 6
2014 12 06 10 20 01.520 23.357 100.533 10 6
2014 12 09 03 09 22.520 1.537 126.232 40.7 6
2014 12 10 21 03 39.260 25.54 122.45 256 6
2014 12 11 13 53 29.350 -56.751 -25.424 10 6
2014 12 17 06 10 05.700 -3.829 100.143 10 6
2014 12 19 14 41 44.600 6.876 94.624 37 6
2014 12 19 19 49 30.80 16.195 -61.809 118.1 6
2014 12 29 09 29 37.390 8.634 121.521 8 6
2014 12 31 09 26 25.70 13.767 120.715 134.5 6
2015 01 02 08 21 56.250 6.498 60.437 10 6
2015 01 10 02 05 46.950 -5.694 68.373 14.6 6
2015 01 10 19 32 02.650 14.744 120.162 78.4 6
2015 01 19 17 19 47.420 4.627 119.775 21.3 6
2015 01 27 00 53 21.470 1.289 97.253 27.9 6
2015 02 01 20 02 21.210 -49.372 -8.22 10 6
2015 02 13 18 48 17.780 52.64 -31.964 12.1 6
2015 02 13 18 59 13.510 52.509 -32.02 16.9 6
2015 02 13 20 06 32.470 22.61 121.444 30.5 6
2015 02 25 01 31 44.510 6.049 119.888 27.5 6
2015 03 03 10 37 31.380 -0.719 98.754 33.5 6
2015 03 06 08 22 20.90 -41.316 80.614 13.1 6
2015 03 17 22 12 30.280 1.671 126.433 55.7 6
2015 03 23 10 13 51.340 23.713 121.715 40.4 6
2015 03 28 22 28 51.790 0.373 121.999 128.8 6
2015 04 10 16 23 05.760 -13.823 65.834 18.3 6
2015 04 15 07 39 27.180 39.734 106.388 8.2 6
2015 04 16 18 07 43.610 35.195 26.837 22.6 6
2015 04 17 02 05 41.390 35.114 26.741 17.9 6
2015 04 20 01 42 58.10 24.057 122.431 28.1 6
2015 04 20 09 05 33.740 -5.604 102.586 21.8 6
2015 04 20 11 45 13.730 24.063 122.487 30.6 6
2015 04 20 12 00 00.260 23.981 122.52 31.4 6
2015 04 30 10 19 09.810 -60.38 -26.983 19 6
2015 05 18 04 02 45.550 -41.532 80.247 10.2 6
2015 05 24 21 06 42.00 -59.622 -26.282 49.7 6
2015 05 26 23 27 00.720 -58.681 -25.097 51.3 6
2015 05 26 23 41 38.120 -58.799 -25.241 18 6
2015 05 26 23 51 29.750 -58.686 -25.169 28 6
2015 06 04 23 15 45.200 6.043 116.665 18.1 6
2015 06 05 14 54 00.630 -37.204 78.045 9 6
2015 06 15 17 40 58.620 -9.528 125.071 34.7 6
2015 06 20 05 32 08.330 -59.638 -26.544 53.6 6
2015 06 29 22 07 47.330 36.639 71.382 188.3 6
2015 07 03 06 43 22.840 10.138 125.977 50.8 6
2015 07 23 03 56 52.680 -0.723 -21.131 10 6
2015 07 24 21 44 42.180 -8.12 109.007 88.6 6
2015 07 26 07 05 09.640 -9.185 112.689 71.6 6
2015 08 13 10 39 54.310 -37.022 77.953 15.4 6
2015 08 13 11 28 16.310 -36.942 78.312 15 6
2015 08 14 18 03 03.330 21.014 -45.823 15.5 6
2015 08 26 13 51 37.410 -57.545 -25.841 47.3 6
2015 09 02 01 18 29.00 4.41 124.63 296 6
2015 09 02 01 18 29.70 4.413 124.631 296 6
2015 09 16 07 40 58.00 1.88 126.43 41.5 6
2015 09 16 07 40 58.690 1.884 126.428 41.55 6
2015 09 18 15 59 42.640 15.276 -45.988 10 6
2015 09 30 16 06 52.320 -56.194 -27.715 101 6
2015 10 10 08 56 05.410 -60.716 -20.849 10 6
2015 10 17 11 33 08.950 -25.467 -64.483 17 6
2015 10 19 13 50 41.620 13.865 120.617 106 6
2015 10 23 00 27 39.560 29.637 70.326 11 6
2015 10 23 01 40 06.320 -54.225 6.165 11 6
2015 10 23 04 04 18.00 -45.81 37.17 10 6
2015 10 23 04 04 18.140 -45.814 37.171 10 6
2015 11 01 15 16 17.480 -23.246 -68.416 111 6
2015 11 01 21 09 40.750 22.754 121.656 7 6
2015 11 04 03 44 15.190 -8.338 124.875 20 6
2015 11 08 10 42 01.590 6.878 94.545 8 6
2015 11 09 08 12 46.20 6.407 94.801 10 6
2015 11 11 23 36 19.200 -7.249 128.93 126 6
2015 11 17 17 29 36.290 40.376 73.203 18 6
2015 11 24 20 45 02.330 -0.098 -17.834 10 6
2015 11 25 18 57 41.590 1.43 126.29 33.16 6
2015 11 30 20 19 05.270 -8.791 67.696 10 6
2015 12 09 10 21 48.530 -4.106 129.507 21 6
2015 12 19 15 03 36.10 -8.368 107.022 27 6
2015 12 20 18 47 36.610 3.645 117.635 14 6
2015 12 23 16 55 09.460 -54.175 -1.494 10 6
2015 12 24 23 10 58.170 -7.218 128.977 119 6
2015 12 28 06 55 29.880 14.657 -61.345 150 6
2016 01 02 04 22 19.570 44.806 129.94 585.47 6
2016 01 11 16 38 05.910 3.896 126.856 13 6
2016 01 12 20 04 59.710 36.592 70.948 239 6
2016 01 20 17 13 13.680 37.675 101.65 9 6
2016 01 22 20 51 47.420 28.316 55.309 26.81 6
2016 01 25 04 22 02.730 35.649 -3.681 12 6
2016 01 27 15 11 17.570 1.031 -28.142 10 6
2016 02 02 14 19 23.40 25.576 123.449 196 6
2016 02 05 19 57 27.390 22.938 120.592 23 6
2016 02 12 10 02 24.50 -9.633 119.401 28 6
2016 02 17 17 26 02.320 0.845 129.072 10 6
2016 02 21 09 12 08.240 36.475 70.86 176.74 6
2016 03 03 00 10 50.390 -4.794 94.41 10 6
2016 03 14 07 03 17.710 29.888 128.956 210.5 6
2016 03 14 23 25 39.980 -52.613 18.798 10 6
2016 03 19 11 26 33.230 17.996 -60.701 26 6
2016 03 21 14 48 51.330 27.767 66.096 10 6
2016 03 26 03 24 24.110 -2.65 68.025 10 6
2016 03 28 19 07 08.750 -56.253 -27.64 29.71 6
2016 03 29 09 18 11.250 2.387 126.101 55 6
2016 04 06 14 45 29.620 -8.203 107.385 29 6
2016 04 13 18 21 52.730 7.791 122.023 17 6
2016 04 14 15 03 47.240 32.697 130.72 8 6
2016 04 15 16 25 06.220 32.79 130.754 10 6
2016 04 24 08 37 59.850 -59.307 -27.027 10 6
2016 05 12 03 17 15.70 24.695 121.983 8 6
2016 05 13 07 01 10.270 30.659 66.387 10 6
2016 05 20 18 14 04.670 -25.565 129.884 10 6
2016 05 27 03 44 29.470 26.992 130.137 10 6
2016 05 31 05 23 47.310 25.561 122.545 246.4 6
2016 06 05 16 25 33.540 -4.587 125.626 429.62 6
2016 06 07 19 15 15.330 1.278 126.371 31 6
2016 06 10 09 26 53.70 -7.458 -13.6 10 6
2016 06 13 04 21 43.530 27.01 130.199 10 6
2016 06 18 17 29 46.460 -24.146 -67.152 186 6
2016 06 21 16 26 34.420 22.658 -45.14 10 6
2016 06 28 21 38 04.390 39.474 73.341 13.59 6
2016 07 15 18 02 49.400 35.208 -35.224 16.01 6
2016 07 23 07 41 44.700 -6.759 101.217 9 6
2016 07 24 14 10 51.40 0.915 -28.97 10 6
2016 07 31 23 40 01.880 -8.194 117.814 21 6
2016 08 02 07 32 29.490 -58.724 -25.607 35.04 6
2016 08 19 17 33 40.520 -55.208 -32.073 4.34 6
2016 08 19 20 37 16.850 -55.203 -32.12 13.89 6
2016 08 23 19 39 44.660 -7.28 122.425 532.4 6
2016 08 24 02 33 29.660 42.833 13.131 4.95 6
2016 08 24 13 48 44.380 -2.956 100.054 17.15 6
2016 09 01 20 04 17.480 0.553 98.614 35 6
2016 09 02 01 57 50.600 -55.329 -30.917 8 6
2016 09 16 18 38 05.00 -29.155 60.915 10 6
2016 09 17 02 30 56.820 -4.434 102.753 59.05 6
2016 09 22 16 07 27.170 -59.472 -27.488 8 6
2016 09 26 05 19 58.220 27.464 128.578 38 6
2016 10 06 15 51 59.200 22.627 121.434 14 6
2016 10 15 20 14 49.730 39.806 20.646 22 6
2016 10 17 07 14 49.190 32.906 94.879 23.32 6
2016 10 20 00 09 26.500 13.311 -44.877 10 6
2016 10 26 17 10 37.880 42.857 13.022 10 6
2016 10 27 08 17 49.660 1.328 125.793 56.14 6
2016 11 07 21 31 28.340 -8.108 104.839 33 6
2016 11 16 15 10 10.980 -9.027 113.245 85 6
2016 12 05 01 13 04.880 -7.315 123.38 526 6
2016 12 08 05 15 04.560 43.815 86.303 13.7 6
2016 12 19 20 44 40.310 10.159 125.822 59.87 6
2016 12 20 10 04 39.780 37.157 84.967 10 6
2016 12 21 00 17 14.990 -7.508 127.92 152 6
2016 12 27 23 20 56.110 45.719 26.523 97 6
2017 01 03 09 09 02.640 24.016 92.006 36.15 6
2017 01 09 11 28 36.60 -1.705 100.366 42.35 6
2017 01 10 06 13 47.250 4.463 122.575 612.71 6
2017 01 13 16 39 25.560 0.031 125.066 46.01 6
2017 01 16 12 42 10.680 3.304 98.476 6 6
2017 01 18 10 25 25.480 42.584 13.197 10 6
2017 02 10 14 03 43.920 9.907 125.451 15 6
2017 03 02 11 07 27.00 37.579 38.44 10 6
2017 03 07 15 45 39.560 -6.261 102.187 10 6
2017 03 14 02 51 16.850 6.129 92.316 10 6
2017 03 14 05 55 21.830 0.676 121.155 79.23 6
2017 03 16 18 39 26.270 -11.539 114.573 10 6
2017 03 31 11 21 00.960 0.334 120.622 93.04 6
2017 03 31 17 25 23.130 52.674 -32.318 10 6
2017 04 04 13 53 18.980 -55.616 -30.001 19.22 6
2017 04 10 00 43 54.530 13.01 125.375 10 6
2017 04 11 14 42 16.530 5.706 127.094 12 6
2017 04 16 09 44 05.900 -7.348 83.161 10 6
2017 04 28 20 23 17.260 5.504 125.071 26 6
2017 04 29 10 02 12.520 -9.685 111.859 10 6
2017 04 29 12 32 33.560 30.806 131.419 27 6
2017 05 02 15 10 22.350 -11.728 -13.919 10 6
2017 05 03 04 47 13.190 39.499 71.451 10 6
2017 05 06 00 16 09.410 -60.829 -38.055 10 6
2017 05 11 01 09 43.40 -56.397 -25.783 10 6
2017 05 11 15 41 13.60 -56.564 -25.865 21.84 6
2017 05 13 18 01 00.830 37.772 57.195 16.37 6
2017 05 20 01 06 14.230 9.384 123.958 533 6
2017 05 29 14 35 21.510 -1.287 120.433 12 6
2017 06 11 23 15 06.180 -8.307 106.268 7 6
2017 06 30 01 34 58.150 33.748 -38.547 10 6
2017 07 06 08 03 57.220 11.111 124.619 6.96 6
2017 07 09 05 57 01.210 -56.069 -27.519 54.06 6
2017 07 15 12 12 21.500 0.412 121.991 113 6
2017 07 19 12 16 23.560 -17.415 66.483 10 6
2017 07 23 07 55 55.10 0.293 120.2 55.8 6
2017 07 27 17 53 24.610 13.396 -49.325 10 6
2017 08 08 13 19 49.540 33.192 103.855 9 6
2017 08 08 23 27 53.80 44.301 82.826 20 6
2017 08 11 05 28 25.720 13.998 120.678 172 6
2017 08 13 03 08 10.560 -3.768 101.622 31 6
2017 08 16 12 51 25.870 28.673 127.9 198 6
2017 08 18 02 59 21.950 -1.09 -13.663 10 6
2017 08 18 21 00 49.210 -6.257 128.049 13.7 6
2017 08 31 17 06 55.750 -1.159 99.688 43.14 6
2017 09 01 11 07 37.140 57.048 -34.026 10 6
2017 09 03 03 30 01.770 41.334 129.03 0 6
2017 09 10 21 40 21.210 57.127 -33.676 10 6
2017 09 15 18 48 02.550 -55.443 -28.361 9 6
2017 09 20 23 59 24.900 -6.111 113.024 588 6
2017 10 03 20 39 04.740 13.458 -49.332 10 6
2017 10 06 02 03 48.320 0.955 -25.508 10 6
2017 10 10 18 53 27.840 -54.258 8.605 9 6
2017 10 11 00 08 26.300 -54.258 8.336 10 6
2017 10 19 09 02 01.900 28.32 131.201 10 6
2017 10 23 08 32 32.530 -52.343 16.781 10 6
2017 10 24 10 47 47.540 -7.236 123.04 549.19 6
2017 10 28 16 13 54.440 86.89 54.495 10 6
2017 10 28 16 16 06.690 86.892 52.849 10 6
2017 10 28 19 11 02.760 86.922 55.2 10 6
2017 10 30 22 37 18.550 -8.601 118.984 110.17 6
2017 11 15 02 02 25.280 -59.031 -17.1 10 6
2017 11 17 22 34 19.500 29.832 94.977 8 6
2017 11 23 18 02 35.850 27.138 130.358 11 6
2017 11 28 13 15 45.400 72.599 3.274 10 6
2018 01 11 06 59 30.470 33.713 45.723 10 6
2018 01 11 18 26 24.230 18.362 96.077 9 6
2018 01 23 23 09 09.550 -5.777 -12.543 10 6
2018 01 28 16 03 03.970 -53.062 9.684 10 6
2018 01 31 07 07 00.230 36.543 70.815 191.19 6
2018 02 02 00 20 42.210 -0.247 125.182 38 6
2018 02 04 13 56 41.950 24.157 121.707 12 6
2018 02 06 15 50 43.300 24.135 121.658 17 6
2018 02 07 15 21 31.710 24.073 121.738 15 6
2018 02 08 02 29 14.640 79.807 2.03 10 6
2018 02 13 02 39 53.810 12.364 93.131 69.37 6
2018 02 15 08 27 22.40 -0.068 -17.841 10 6
2018 03 17 05 50 09.70 -47.664 -13.501 10 6
2018 03 23 07 40 29.10 12.652 -44.569 10 6
2018 03 25 08 58 11.520 -7.309 128.502 149.36 6
2018 03 25 20 14 47.710 -6.624 129.813 169 6
2018 03 29 22 54 12.650 38.723 69.978 5 6
2018 04 15 19 30 43.200 1.408 126.875 34 6
2018 04 19 06 34 46.830 28.331 51.612 10 6
2018 04 19 21 09 17.00 -42.779 42.187 10 6
2018 04 29 22 23 05.950 -39.264 46.119 10 6
2018 05 05 06 19 05.40 14.57 123.919 18 6
2018 05 10 18 02 28.960 6.869 123.762 535 6
2018 05 14 18 14 47.390 -55.915 -27.056 10 6
2018 06 06 18 51 34.520 -58.356 -25.761 31 6
2018 06 25 05 14 48.650 36.778 21.407 30.35 6
2018 07 23 10 36 00.330 -0.349 -19.234 10 6
2018 08 03 18 50 53.990 -0.914 -21.978 10 6
2018 08 05 12 49 55.250 -8.358 116.14 31.26 6
2018 08 07 13 57 09.830 74.645 8.454 10 6
2018 08 09 05 25 31.570 -8.315 116.232 10 6
2018 08 09 16 53 39.540 -33.351 2.483 10 6
2018 08 19 15 16 35.240 -8.351 116.556 10 6
2018 08 19 15 28 58.880 -8.391 116.556 10 6
2018 08 22 13 27 48.490 10.659 -62.928 108 6
2018 08 22 20 26 29.00 -52.733 27.9 10 6
2018 08 24 10 49 27.310 10.572 91.72 10 6
2018 08 25 18 33 15.270 -8.424 116.929 9.21 6
2018 08 25 22 13 25.620 34.611 46.242 10 6
2018 08 27 20 09 21.990 -61.794 -58.048 49 6
2018 08 28 07 08 11.270 -10.885 124.118 14 6
2018 08 31 14 40 27.470 13.557 120.842 116.3 6
2018 09 01 06 13 45.40 -28.979 74.558 10 6
2018 09 03 20 35 50.30 -58.016 -25.25 28.49 6
2018 09 07 06 23 38.650 28.323 59.32 10 6
2018 09 08 02 31 30.740 23.332 101.577 8 6
2018 09 18 07 27 41.330 -37.811 49.782 10 6
2018 09 27 10 25 47.600 -58.194 -9.582 10 6
2018 09 28 06 21 54.900 -26.492 67.589 10 6
2018 09 28 06 59 59.780 -0.399 119.77 5.19 6
2018 09 28 07 06 39.860 -26.518 67.622 10 6
2018 09 28 10 02 43.480 -0.178 119.84 10 6
2018 09 28 10 25 04.440 -1.062 119.96 10 6
2018 09 28 13 35 30.630 0.058 119.682 10 6
2018 10 01 23 59 42.730 -10.557 120.241 29 6
2018 10 02 00 16 45.700 -10.471 120.145 26 6
2018 10 05 14 59 44.140 -5.691 -11.525 10 6
2018 10 07 00 10 04.880 7.66 -37.708 10 6
2018 10 21 01 40 37.950 -29.535 60.752 10 6
2018 10 23 04 34 58.720 24.09 122.615 34.19 6
2018 10 23 16 04 04.240 23.991 122.679 31 6
2018 10 30 02 59 58.140 37.531 20.44 10 6
2018 10 30 15 12 00.610 37.512 20.507 11 6
2018 11 04 07 55 28.10 7.751 123.864 581 6
2018 11 09 01 49 40.60 71.626 -11.25 10 6
2018 11 09 07 39 16.730 -42.596 -16.156 10 6
2018 11 11 14 03 59.560 15.565 -49.871 10 6
2018 11 14 23 01 21.720 -2.904 119.388 13.07 6
2018 11 15 16 49 41.750 -56.826 -25.652 10 6
2018 11 17 13 17 59.460 15.539 -49.907 10 6
2018 11 20 19 09 48.840 30.42 130.066 123 6
2018 11 25 23 57 25.170 23.414 118.578 12.41 6
2018 11 27 19 34 45.570 15.578 -49.843 10 6
2018 12 01 13 27 21.80 -7.384 128.706 136 6
2018 12 06 01 02 46.320 -8.391 116.006 12 6
2018 12 16 14 26 19.620 -23.322 112.497 10 6
2018 12 23 19 32 22.60 30.407 87.62 10 6
2019 01 06 13 41 59.70 34.125 45.673 14 6
2019 01 06 17 27 20.840 2.215 126.74 60 6
2019 01 15 20 03 20.290 5.853 126.907 61.14 6
2019 01 21 23 59 22.600 -10.311 119.147 16.77 6
2019 01 22 05 10 03.670 -10.466 119.03 27.01 6
2019 01 22 19 01 43.580 -43.115 42.324 13 6
2019 01 23 11 39 01.330 -10.306 118.928 15.29 6
2014 01 04 00 11 50.490 -20.674 -70.642 25.6 6
2014 01 08 04 22 11.130 -20.76 -70.62 28.3 6
2014 01 23 00 52 15.700 -7.134 120.294 590 6
2014 01 25 05 14 20.520 -8.044 109.222 87.8 6
2014 01 29 10 01 50.430 -18.553 -69.424 116.7 6
2014 02 01 03 58 45.70 -56.933 -27.345 142.9 6
2014 02 03 03 08 46.330 38.255 20.436 14.5 6
2014 02 10 12 06 46.720 40.268 48.761 62.9 6
2014 02 12 09 19 48.420 35.876 82.58 4.1 6
2014 02 18 09 27 14.830 14.596 -58.971 28.3 6
2014 03 04 10 51 14.920 -33.617 -71.987 17 6
2014 03 11 02 44 06.280 -60.843 -20.118 10 6
2014 03 15 23 51 32.300 -5.671 -80.935 26.5 6
2014 03 16 21 16 28.980 -19.905 -70.615 9.4 6
2014 03 17 05 11 33.400 -20.06 -70.828 5.3 6
2014 03 17 13 24 49.910 -53.199 -32.448 10 6
2014 03 18 21 26 46.280 -19.957 -70.783 7.5 6
2014 03 21 13 41 09.860 7.68 94.225 19.3 6
2014 03 23 18 20 01.190 -19.703 -70.781 13.9 6
2014 04 01 23 46 47.380 -19.619 -70.787 17.1 6
2014 04 02 04 46 19.660 -20.081 -70.726 16.1 6
2014 04 03 02 43 14.260 -20.588 -70.49 12 6
2014 04 03 05 26 13.640 -20.749 -70.54 13 6
2014 04 03 05 51 43.330 -20.74 -70.411 21.3 6
2014 04 04 01 37 51.480 -20.607 -70.533 19.3 6
2014 04 04 20 08 06.610 37.253 23.773 111.1 6
2014 04 05 02 22 39.00 -32.712 -71.389 40.1 6
2014 04 07 13 43 21.110 -20.122 -70.849 10.6 6
2014 04 08 10 14 31.610 -20.546 -70.864 4.8 6
2014 04 11 00 01 43.940 -20.695 -70.661 10.4 6
2014 04 17 15 06 50.220 -62.875 156.026 10 6
2014 04 18 07 46 57.130 -27.733 -62.811 610.4 6
2014 05 16 11 01 43.60 17.018 -60.394 25.2 6
2014 05 17 12 13 28.380 -54.39 -146.642 8.6 6
2014 05 18 01 02 31.860 4.24 92.737 32.9 6
2014 05 28 21 15 05.400 18.113 -68.358 99.7 6
2014 06 03 04 39 57.840 -55.038 -129.557 10 6
2014 06 14 11 11 03.260 -10.113 91.038 23.1 6
2014 06 29 07 52 56.840 -55.475 -28.395 15.1 6
2014 07 09 17 58 11.820 -62.114 164.919 10 6
2014 07 31 13 40 59.500 12.388 95.192 12 6
2014 08 18 02 32 04.100 32.711 47.638 10 6
2014 08 18 05 25 52.800 32.752 47.739 14.1 6
2014 08 18 18 08 22.750 32.582 47.703 5 6
2014 08 23 04 45 32.600 -20.08 -68.93 102 6
2014 08 23 22 32 23.320 -32.695 -71.441 32 6
2014 08 24 23 21 41.700 -14.52 -73.535 70 6
2014 08 24 23 21 43.400 -14.589 -73.45 74.4 6
2014 09 24 11 16 13.260 -23.784 -66.588 204.5 6
2014 10 21 23 01 18.570 -63.462 170.011 10 6
2014 11 07 00 20 48.390 4.836 95.058 51.5 6
2014 12 22 07 19 41.230 -54.105 -146.094 14 6
2014 12 29 17 41 50.900 -56.85 -25.288 33 6
2015 02 02 10 49 48.440 -32.648 -67.15 172.7 6
2015 02 08 15 09 08.640 -2.491 119.447 29.5 6
2015 02 11 18 57 20.460 -23.065 -66.662 203.6 6
2015 02 16 22 00 54.320 -55.518 -28.229 18.1 6
2015 02 27 13 45 05.640 -7.358 122.49 559.1 6
2015 03 23 04 51 37.830 -18.354 -69.188 127.1 6
2015 03 28 16 36 53.550 -22.178 -68.534 107.8 6
2015 03 30 10 34 53.490 -39.471 78.072 10 6
2015 04 25 06 11 26.630 28.13 84.716 13.4 6
2015 04 25 06 45 21.360 28.16 84.843 14.7 6
2015 04 25 09 17 02.270 28.348 87.287 9.3 6
2015 04 26 07 09 09.310 27.736 85.978 13.4 6
2015 05 08 03 12 20.700 1.523 97.839 45.5 6
2015 05 12 07 05 18.830 27.801 86.126 12.3 6
2015 05 12 07 36 53.300 27.524 86.141 13.8 6
2015 05 15 20 26 55.950 -2.566 102.223 158.5 6
2015 05 19 15 25 23.330 -54.385 -132.265 17.8 6
2015 05 24 04 53 23.400 -16.814 -14.261 11.7 6
2015 06 10 13 52 08.660 -22.409 -68.451 121.8 6
2015 06 17 12 51 35.660 -35.37 -17.809 27.1 6
2015 06 20 02 10 07.650 -36.334 -73.667 17.4 6
2015 07 03 01 07 46.210 37.47 78.12 19 6
2015 07 16 15 16 32.980 13.8 -58.57 19.4 6
2015 08 10 10 05 25.350 36.484 71.253 226 6
2015 09 16 22 54 32.860 -31.572 -71.674 22.44 6
2015 09 16 23 18 41.850 -31.562 -71.426 28.41 6
2015 09 16 23 38 01.650 -31.784 -72.022 12.46 6
2015 09 17 04 10 27.00 -31.52 -71.81 23 6
2015 09 17 04 10 27.780 -31.517 -71.804 23 6
2015 09 19 05 06 47.500 -29.641 -72.077 6 6
2015 09 19 09 07 09.00 -31.1 -71.59 28 6
2015 09 19 09 07 09.550 -31.099 -71.59 28 6
2015 09 19 12 52 20.00 -32.33 -72.07 18 6
2015 09 19 12 52 20.920 -32.333 -72.062 18 6
2015 09 21 17 40 00.60 -31.727 -71.379 35 6
2015 09 22 07 13 00.00 -31.44 -71.26 58 6
2015 09 22 07 13 00.520 -31.444 -71.265 58 6
2015 09 26 02 51 18.830 -30.814 -71.321 46 6
2015 10 03 06 26 55.780 -30.301 -71.551 38 6
2015 10 05 16 33 26.780 -30.303 -71.531 34 6
2015 10 11 00 58 27.170 -54.485 -135.708 10 6
2015 10 17 11 33 08.00 -25.47 -64.48 17 6
2015 10 26 09 09 32.20 36.459 70.684 206.94 6
2015 10 26 09 09 42.560 36.524 70.367 231 6
2015 11 03 21 25 02.10 -8.282 124.906 10.27 6
2015 11 07 07 04 31.380 -29.464 -72.301 13 6
2015 11 07 07 31 43.870 -30.879 -71.451 46 6
2015 11 07 10 53 44.160 -30.722 -71.39 42 6
2015 11 08 08 13 37.360 -17.319 -69.428 159.86 6
2015 11 08 09 34 57.310 0.786 98.89 69 6
2015 11 08 16 47 02.160 6.843 94.648 10 6
2015 11 11 01 54 38.570 -29.506 -72.006 12 6
2015 11 11 02 46 19.830 -29.509 -72.058 10 6
2015 11 11 11 45 23.890 -8.941 110.218 83.02 6
2015 11 13 06 04 17.180 -29.849 -64.498 27 6
2015 11 17 07 10 07.300 38.67 20.6 11 6
2015 11 22 18 16 04.710 36.434 71.423 102 6
2015 11 24 22 45 38.880 -10.537 -70.943 606.21 6
2015 11 24 22 50 54.370 -10.059 -71.018 620.56 6
2015 11 26 05 45 18.400 -9.182 -71.257 602.75 6
2015 11 27 21 00 22.920 -24.828 -70.6 34 6
2015 11 29 18 52 49.490 -23.559 -64.652 11 6
2015 12 04 22 25 00.110 -47.616 85.091 35 6
2015 12 07 07 50 05.950 38.21 72.779 22 6
2015 12 07 07 51 11.430 -31.398 -71.262 49.53 6
2015 12 10 12 05 14.730 -58.88 -23.906 10 6
2015 12 19 19 25 05.560 -30.605 -71.305 48.34 6
2015 12 25 19 14 47.190 36.493 71.126 206 6
2016 01 01 02 00 39.950 -50.557 139.448 10 6
2016 01 03 23 05 22.00 24.83 93.66 55 6
2016 01 03 23 05 22.270 24.803 93.65 55 6
2016 01 05 09 34 14.620 -54.29 -136.26 10 6
2016 01 08 01 12 01.20 -30.663 -71.64 24.17 6
2016 01 12 09 45 11.430 -31.338 58.191 10 6
2016 01 14 03 25 28.270 -19.759 -63.328 582.56 6
2016 02 10 00 33 05.340 -30.572 -71.583 29 6
2016 02 18 01 07 14.70 -56.212 -27.622 119.26 6
2016 02 23 18 08 46.550 -63.032 144.996 10 6
2016 03 02 12 49 48.110 -4.952 94.329 24 6
2016 03 14 07 26 40.610 -56.428 -27.008 84 6
2016 04 10 02 14 34.590 -4.148 102.211 41 6
2016 04 10 10 28 58.720 36.472 71.131 212 6
2016 04 13 13 55 17.800 23.094 94.865 136 6
2016 04 19 05 25 39.940 -55.728 -27.23 14 6
2016 05 02 04 21 24.710 -5.026 104.627 117 6
2016 05 28 09 46 59.780 -56.24 -26.935 78 6
2016 06 01 22 56 00.800 -2.096 100.665 50 6
2016 06 09 04 13 08.130 -11.248 116.266 19 6
2016 06 26 11 17 11.280 39.479 73.338 13 6
2016 07 25 08 58 30.790 -49.484 126.265 10 6
2016 07 25 17 26 50.220 -26.104 -70.507 72 6
2016 07 31 11 33 20.570 -56.255 -27.549 98.16 6
2016 08 01 07 42 51.250 -23.964 82.556 10 6
2016 08 04 14 15 13.90 -22.308 -66.026 270 6
2016 08 05 12 34 15.290 -23.945 82.433 10 6
2016 08 19 07 32 22.730 -55.279 -31.874 10 6
2016 08 21 03 45 23.740 -55.277 -31.754 10 6
2016 08 23 19 40 46.230 -7.208 122.541 514.33 6
2016 08 24 01 36 32.870 42.723 13.187 4.44 6
2016 08 24 10 34 54.580 20.922 94.568 82 6
2016 08 29 04 29 57.880 -0.047 -17.829 10 6
2016 08 30 08 09 09.830 -34.898 -72.529 19.17 6
2016 08 30 15 46 02.260 -55.301 -30.364 10 6
2016 09 08 21 46 20.100 -54.613 158.712 10 6
2016 09 10 10 08 20.20 -5.573 -76.953 121 6
2016 09 23 23 11 20.810 45.727 26.609 92 6
2016 10 18 22 08 14.350 15.217 -61.491 146 6
2016 10 19 00 26 01.90 -4.862 108.162 614 6
2016 10 26 19 18 08.320 42.934 13.043 10 6
2016 10 28 20 02 48.880 39.313 13.536 448.48 6
2016 10 30 06 40 19.200 42.854 13.088 10 6
2016 11 04 16 20 43.940 -35.103 -70.996 90.79 6
2016 11 08 04 55 44.250 -36.58 -73.635 17.3 6
2016 11 20 20 57 43.980 -31.642 -68.764 115.79 6
2016 11 25 14 24 30.590 39.23 74.02 17 6
2016 12 01 22 40 26.340 -15.294 -70.822 10 6
2016 12 06 22 03 33.390 5.283 96.167 13 6
2016 12 25 14 22 27.30 -43.405 -73.94 38 6
2016 12 29 22 30 19.300 -9.027 118.663 79 6
2017 01 06 06 30 35.480 -22.319 -67.795 172 6
2017 02 07 22 03 55.700 25.201 63.257 24.05 6
2017 02 18 12 10 17.970 -23.861 -66.659 222 6
2017 02 21 14 09 04.320 -19.281 -63.904 595.98 6
2017 03 09 11 14 26.430 -60.146 150.296 10 6
2017 03 21 23 10 25.150 -8.508 115.326 111.83 6
2017 04 05 06 09 12.460 35.799 60.436 13 6
2017 04 15 08 19 43.400 -23.27 -67.765 155 6
2017 04 18 17 49 55.790 -2.711 -75.303 14 6
2017 04 23 02 36 07.840 -33.036 -72.006 21 6
2017 04 24 21 38 30.840 -33.029 -72.045 28 6
2017 04 28 16 05 57.170 -33.13 -71.786 28 6
2017 05 05 05 09 35.920 39.466 71.433 10 6
2017 05 10 23 23 37.270 -56.427 -25.782 17.39 6
2017 05 14 19 44 23.800 -20.928 -68.734 124.45 6
2017 05 29 14 57 53.850 -37.341 -71.657 80.7 6
2017 05 30 11 29 51.790 -58.644 -26.131 78.18 6
2017 06 03 19 17 33.950 -62.579 155.834 10 6
2017 06 12 12 28 39.70 38.915 26.371 12 6
2017 07 20 22 31 11.240 36.924 27.413 7 6
2017 09 04 08 07 35.380 -57.788 -25.578 35 6
2017 09 18 05 28 03.490 -18.526 -12.716 10 6
2017 09 18 13 46 57.730 -31.815 -72.097 17 6
2017 10 10 06 32 20.800 -18.521 -69.641 82.43 6
2017 11 10 12 01 33.950 -41.466 -84.189 10 6
2017 11 11 00 36 14.980 -11.742 -14.114 10 6
2017 11 12 18 18 17.290 34.905 45.956 19 6
2017 12 01 02 32 46.10 30.743 57.313 9 6
2017 12 12 08 43 17.950 30.719 57.27 10 6
2017 12 12 21 41 31.160 30.822 57.286 8 6
2017 12 15 16 47 58.230 -7.492 108.174 90 6
2018 01 07 06 47 14.510 24.754 94.909 23.77 6
2018 01 14 09 18 45.540 -15.758 -74.709 39 6
2018 01 21 01 06 42.890 -18.852 -69.456 116 6
2018 01 23 06 34 54.240 -7.195 105.918 43.91 6
2018 01 25 01 15 58.300 8.264 91.78 10 6
2018 02 08 21 19 24.820 -37.438 -73.979 4.3 6
2018 02 27 17 29 22.580 -60.249 150.779 10 6
2018 03 10 14 27 52.780 -56.334 -27.866 11.86 6
2018 03 10 21 45 36.340 -1.423 -15.209 10 6
2018 03 24 19 58 33.380 -45.778 96.069 10 6
2018 04 02 13 40 34.840 -20.658 -63.005 559 6
2018 04 09 00 20 55.550 -57.658 -27.875 245 6
2018 04 21 19 44 17.80 -48.946 123.591 10 6
2018 05 09 10 41 45.920 36.991 71.383 116 6
2018 06 12 23 08 28.310 -2.019 98.587 9 6
2018 06 12 23 46 11.940 -1.946 98.686 10 6
2018 07 10 10 26 21.980 -31.594 58.349 10 6
2018 07 10 16 05 09.730 -31.608 58.153 10 6
2018 07 20 10 24 57.140 -28.068 -63.254 587.8 6
2018 07 22 10 07 27.230 34.591 46.165 12 6
2018 07 22 20 39 17.410 30.433 57.451 10 6
2018 07 25 19 45 05.50 -56.062 -27.68 124.63 6
2018 07 28 17 07 23.370 -7.122 122.747 577.48 6
2018 07 28 22 47 38.740 -8.239 116.508 14 6
2018 08 05 11 46 38.190 -8.259 116.436 31 6
2018 08 14 03 29 53.440 -58.11 -25.258 35 6
2018 08 17 15 35 01.870 -7.426 119.834 529 6
2018 08 19 04 10 23.490 -8.329 116.598 21.41 6
2018 08 19 14 56 28.30 -8.33 116.631 25.21 6
2018 08 21 21 31 47.540 10.779 -62.907 146.18 6
2018 08 24 09 04 06.780 -11.042 -70.816 609.48 6
2018 09 13 11 38 04.760 -55.877 -123.211 10 6
2018 09 28 10 50 25.150 -0.754 119.947 10 6
2018 10 10 18 44 55.280 -7.453 114.455 9 6
2018 10 25 22 54 52.590 37.514 20.563 14 6
2018 10 28 00 38 11.610 45.657 26.397 151 6
2018 10 29 06 54 21.440 -57.404 -66.408 10 6
2018 11 01 19 30 20.940 -58.074 -25.205 29 6
2018 11 09 07 54 52.560 -42.713 -16.02 10 6
2018 11 15 20 02 22.920 -56.706 -25.546 15 6
2018 11 15 23 09 01.60 -56.236 -122.044 10 6
2018 11 23 10 51 59.840 -56.261 -26.985 82.85 6
2018 11 25 16 37 32.710 34.346 45.743 18 6
2018 11 27 12 03 28.00 -1.029 -13.663 10 6
2018 11 29 20 21 44.620 0.224 96.997 9.44 6
2018 12 11 02 26 32.730 -58.598 -26.465 164.66 6
2018 12 30 08 39 12.700 -2.657 102.348 168.3 6
2019 01 05 19 25 38.580 -8.148 -71.583 571.18 6
2019 01 20 01 32 51.480 -30.073 -71.423 53.04 6
