2014 01 13 04 01 04.530 18.992 -66.868 30.9 6
2014 01 25 05 14 20.520 -8.044 109.222 87.8 6
2014 01 26 13 55 43.330 38.191 20.507 13.8 6
2014 02 01 03 58 45.70 -56.933 -27.345 142.9 6
2014 02 03 03 08 46.330 38.255 20.436 14.5 6
2014 02 12 09 19 48.420 35.876 82.58 4.1 6
2014 02 18 09 27 14.830 14.596 -58.971 28.3 6
2014 03 02 20 11 22.710 27.423 127.327 118.9 6
2014 03 11 02 44 06.280 -60.843 -20.118 10.0 6
2014 03 13 17 06 51.00 33.622 131.807 83.4 6
2014 03 15 08 59 20.160 -14.101 -76.352 10.0 6
2014 03 15 23 51 32.300 -5.671 -80.935 26.5 6
2014 03 16 21 16 28.980 -19.905 -70.615 9.4 6
2014 03 17 05 11 33.400 -20.06 -70.828 5.3 6
2014 03 21 13 41 09.860 7.68 94.225 19.3 6
2014 03 23 18 20 01.190 -19.703 -70.781 13.9 6
2014 04 01 23 46 47.380 -19.619 -70.787 17.1 6
2014 04 03 01 58 29.40 -20.364 -70.5 10.6 6
2014 04 03 02 43 14.260 -20.588 -70.49 12.0 6
2014 04 03 05 26 13.640 -20.749 -70.54 13.0 6
2014 04 04 01 37 51.480 -20.607 -70.533 19.3 6
2014 04 11 00 01 43.940 -20.695 -70.661 10.4 6
2014 04 11 20 29 13.610 11.719 -86.014 142.3 6
2014 04 15 03 57 01.840 -53.609 8.709 10.0 6
2014 04 18 14 27 24.690 17.321 -100.993 24.4 6
2014 05 04 20 18 25.10 34.878 139.366 161.4 6
2014 05 05 11 08 45.650 19.615 99.703 15.2 6
2014 05 08 17 00 15.920 17.148 -100.811 24.9 6
2014 05 13 06 35 24.530 7.145 -82.24 13.1 6
2014 05 15 10 16 44.180 9.349 122.035 30.1 6
2014 05 18 01 02 31.860 4.24 92.737 32.9 6
2014 05 21 16 21 54.220 18.24 88.064 45.1 6
2014 05 24 09 25 03.190 40.276 25.369 8.2 6
2014 06 14 11 11 03.260 -10.113 91.038 23.1 6
2014 06 29 07 52 56.840 -55.475 -28.395 15.1 6
2014 06 29 14 32 49.770 -55.418 -28.224 11.9 6
2014 07 05 09 39 27.790 1.933 96.938 20.0 6
2014 07 11 19 22 00.820 37.005 142.452 20.0 6
2014 07 11 19 22 05.800 36.97 142.39 12.0 6
2014 07 14 08 00 02.100 5.72 126.51 50.0 6
2014 07 19 14 14 02.290 11.709 57.957 10.0 6
2014 07 20 18 32 47.790 44.641 148.783 61.0 6
2014 07 27 01 28 41.400 23.86 -45.59 13.7 6
2014 08 03 08 30 14.300 27.217 103.458 28.0 6
2014 08 06 11 45 28.700 -7.13 127.92 19.5 6
2014 08 10 03 43 18.150 41.134 142.279 50.6 6
2014 08 10 03 43 19.50 41.2 142.206 55.6 6
2014 08 18 02 32 04.100 32.711 47.638 10.0 6
2014 08 18 18 08 22.750 32.582 47.703 5.0 6
2014 08 23 22 32 23.320 -32.695 -71.441 32.0 6
2014 08 24 23 21 41.700 -14.52 -73.535 70.0 6
2014 08 24 23 21 43.400 -14.589 -73.45 74.4 6
2014 09 10 02 46 08.190 -0.224 125.026 39.9 6
2014 09 24 11 16 13.260 -23.784 -66.588 204.5 6
2014 10 07 13 49 41.780 23.343 100.5 12.8 6
2014 10 14 03 51 37.110 12.589 -88.072 63.9 6
2014 11 03 08 48 29.700 -41.824 80.043 7.4 6
2014 11 15 02 31 42.240 1.834 126.462 47.8 6
2014 11 17 16 52 47.640 -46.407 33.701 12.2 6
2014 11 21 10 10 20.780 2.27 127.03 45.2 6
2014 11 22 08 55 26.490 30.314 101.803 2.0 6
2014 11 22 13 08 18.340 36.638 137.891 9.9 6
2014 11 26 14 33 45.180 1.964 126.465 47.7 6
2014 12 02 05 11 31.00 6.157 123.126 614.0 6
2014 12 06 17 21 49.20 7.982 -82.733 15.0 6
2014 12 06 22 05 10.730 -6.11 130.482 116.0 6
2014 12 10 21 03 39.260 25.54 122.45 256.0 6
2014 12 20 09 29 57.490 37.401 141.553 31.3 6
2014 12 21 11 34 14.500 2.051 126.544 71.0 6
2014 12 29 09 29 37.390 8.634 121.521 8.0 6
2015 02 02 10 49 48.440 -32.648 -67.15 172.7 6
2015 02 11 18 57 20.460 -23.065 -66.662 203.6 6
2015 02 13 18 59 13.510 52.509 -32.02 16.9 6
2015 02 13 20 06 32.470 22.61 121.444 30.5 6
2015 02 16 22 00 54.320 -55.518 -28.229 18.1 6
2015 02 16 23 06 28.80 39.946 143.177 10.8 6
2015 02 27 13 45 05.640 -7.358 122.49 559.1 6
2015 03 03 10 37 31.380 -0.719 98.754 33.5 6
2015 03 06 08 22 20.90 -41.316 80.614 13.1 6
2015 03 10 20 55 44.520 6.796 -73.037 162.0 6
2015 03 17 22 12 30.280 1.671 126.433 55.7 6
2015 03 18 18 27 28.660 -36.111 -73.689 9.7 6
2015 03 23 04 51 37.830 -18.354 -69.188 127.1 6
2015 04 16 18 07 43.610 35.195 26.837 22.6 6
2015 04 20 01 42 58.10 24.057 122.431 28.1 6
2015 04 25 06 11 26.630 28.13 84.716 13.4 6
2015 04 25 06 45 21.360 28.16 84.843 14.7 6
2015 04 26 07 09 09.310 27.736 85.978 13.4 6
2015 05 12 07 05 18.830 27.801 86.126 12.3 6
2015 05 12 07 36 53.300 27.524 86.141 13.8 6
2015 05 12 21 12 58.600 38.9 142.021 39.3 6
2015 05 15 20 26 55.950 -2.566 102.223 158.5 6
2015 05 24 04 53 23.400 -16.814 -14.261 11.7 6
2015 05 29 07 00 07.990 56.707 -156.676 64.6 6
2015 05 30 11 23 02.850 27.828 140.493 685.5 6
2015 05 30 18 49 07.530 30.793 142.977 10.3 6
2015 06 04 23 15 45.200 6.043 116.665 18.1 6
2015 06 10 13 52 08.660 -22.409 -68.451 121.8 6
2015 06 17 12 51 35.660 -35.37 -17.809 27.1 6
2015 06 20 02 10 07.650 -36.334 -73.667 17.4 6
2015 07 03 01 07 46.210 37.47 78.12 19.0 6
2015 07 03 06 43 22.840 10.138 125.977 50.8 6
2015 07 07 05 10 27.860 43.969 148.004 51.1 6
2015 07 16 15 16 32.980 13.8 -58.57 19.4 6
2015 08 13 10 39 54.310 -37.022 77.953 15.4 6
2015 09 16 07 40 58.00 1.88 126.43 41.5 6
2015 09 16 07 40 58.690 1.884 126.428 41.55 6
2015 09 16 22 54 32.860 -31.572 -71.674 22.44 6
2015 09 16 23 18 41.850 -31.562 -71.426 28.41 6
2015 09 17 01 41 05.870 -31.104 -71.65 42.32 6
2015 09 17 03 55 15.430 -31.424 -71.687 27.0 6
2015 09 17 04 10 27.00 -31.52 -71.81 23.0 6
2015 09 17 04 10 27.780 -31.517 -71.804 23.0 6
2015 09 18 09 10 44.730 -32.368 -72.229 8.0 6
2015 09 18 15 59 42.640 15.276 -45.988 10.0 6
2015 09 19 05 06 47.500 -29.641 -72.077 6.0 6
2015 09 19 12 52 20.00 -32.33 -72.07 18.0 6
2015 09 19 12 52 20.920 -32.333 -72.062 18.0 6
2015 09 21 05 39 34.00 -31.58 -71.74 30.0 6
2015 09 21 05 39 34.910 -31.575 -71.743 30.0 6
2015 09 21 17 40 00.60 -31.727 -71.379 35.0 6
2015 09 22 07 13 00.00 -31.44 -71.26 58.0 6
2015 09 22 07 13 00.520 -31.444 -71.265 58.0 6
2015 09 24 15 53 27.00 -0.62 131.26 18.0 6
2015 09 24 15 53 27.740 -0.621 131.262 18.0 6
2015 09 26 02 51 18.830 -30.814 -71.321 46.0 6
2015 09 28 15 28 05.00 -23.8 -66.6 219.0 6
2015 10 23 04 04 18.00 -45.81 37.17 10.0 6
2015 10 23 04 04 18.140 -45.814 37.171 10.0 6
2015 10 26 09 09 42.560 36.524 70.367 231.0 6
2015 11 04 03 44 15.190 -8.338 124.875 20.0 6
2015 11 07 07 04 31.380 -29.464 -72.301 13.0 6
2015 11 07 07 31 43.870 -30.879 -71.451 46.0 6
2015 11 08 16 47 02.160 6.843 94.648 10.0 6
2015 11 11 01 54 38.570 -29.506 -72.006 12.0 6
2015 11 11 02 46 19.830 -29.509 -72.058 10.0 6
2015 11 13 20 51 31.30 31.0 128.872 12.0 6
2015 11 17 07 10 07.300 38.67 20.6 11.0 6
2015 11 21 09 06 13.460 -7.148 129.937 82.0 6
2015 11 24 22 45 38.880 -10.537 -70.943 606.21 6
2015 11 24 22 50 54.370 -10.059 -71.018 620.56 6
2015 11 26 05 45 18.400 -9.182 -71.257 602.75 6
2015 11 27 21 00 22.920 -24.828 -70.6 34.0 6
2015 12 04 22 25 00.110 -47.616 85.091 35.0 6
2015 12 07 07 50 05.950 38.21 72.779 22.0 6
2015 12 09 10 21 48.530 -4.106 129.507 21.0 6
2015 12 17 19 49 53.50 15.8 -93.629 85.0 6
2015 12 20 18 47 36.610 3.645 117.635 14.0 6
2015 12 25 19 14 47.190 36.493 71.126 206.0 6
2016 01 01 02 00 39.950 -50.557 139.448 10.0 6
2016 01 03 23 05 22.00 24.83 93.66 55.0 6
2016 01 03 23 05 22.270 24.803 93.65 55.0 6
2016 01 11 16 38 05.910 3.896 126.856 13.0 6
2016 01 11 17 08 03.920 44.476 141.086 238.81 6
2016 01 14 03 25 28.270 -19.759 -63.328 582.56 6
2016 01 14 03 25 33.640 41.972 142.781 46.0 6
2016 01 24 10 30 29.560 59.62 -153.339 125.6 6
2016 01 25 04 22 02.730 35.649 -3.681 12.0 6
2016 02 05 19 57 27.390 22.938 120.592 23.0 6
2016 02 10 00 33 05.340 -30.572 -71.583 29.0 6
2016 02 12 10 02 24.50 -9.633 119.401 28.0 6
2016 02 17 17 26 02.320 0.845 129.072 10.0 6
2016 03 02 12 49 48.110 -4.952 94.329 24.0 6
2016 03 19 11 26 33.230 17.996 -60.701 26.0 6
2016 04 06 14 45 29.620 -8.203 107.385 29.0 6
2016 04 10 10 28 58.720 36.472 71.131 212.0 6
2016 04 13 13 55 17.800 23.094 94.865 136.0 6
2016 04 13 18 21 52.730 7.791 122.023 17.0 6
2016 04 14 12 26 35.730 32.788 130.704 9.0 6
2016 04 15 14 11 26.430 13.4 -92.367 22.41 6
2016 04 15 16 25 06.220 32.79 130.754 10.0 6
2016 04 16 23 58 36.980 0.381 -79.921 20.59 6
2016 04 19 05 25 39.940 -55.728 -27.23 14.0 6
2016 04 20 08 33 47.330 0.639 -80.21 14.0 6
2016 04 22 03 03 41.720 -0.292 -80.503 10.0 6
2016 04 25 07 07 08.600 14.479 -93.15 16.0 6
2016 04 27 12 51 19.440 14.517 -93.088 16.0 6
2016 04 29 01 33 38.910 10.275 -103.736 10.0 6
2016 05 18 07 57 02.650 0.426 -79.789 16.0 6
2016 05 18 16 46 43.860 0.494 -79.616 29.95 6
2016 05 20 18 14 04.670 -25.565 129.884 10.0 6
2016 05 28 09 46 59.780 -56.24 -26.935 78.0 6
2016 05 31 05 23 47.310 25.561 122.545 246.4 6
2016 06 01 22 56 00.800 -2.096 100.665 50.0 6
2016 06 05 16 25 33.540 -4.587 125.626 429.62 6
2016 06 07 19 15 15.330 1.278 126.371 31.0 6
2016 06 09 04 13 08.130 -11.248 116.266 19.0 6
2016 06 10 03 25 22.920 12.831 -86.963 10.0 6
2016 06 21 16 26 34.420 22.658 -45.14 10.0 6
2016 06 26 11 17 11.280 39.479 73.338 13.0 6
2016 07 25 17 26 50.220 -26.104 -70.507 72.0 6
2016 08 04 14 15 13.90 -22.308 -66.026 270.0 6
2016 08 19 07 32 22.730 -55.279 -31.874 10.0 6
2016 08 21 03 45 23.740 -55.277 -31.754 10.0 6
2016 08 23 19 39 44.660 -7.28 122.425 532.4 6
2016 08 24 01 36 32.870 42.723 13.187 4.44 6
2016 08 24 10 34 54.580 20.922 94.568 82.0 6
2016 08 29 04 29 57.880 -0.047 -17.829 10.0 6
2016 09 10 10 08 20.20 -5.573 -76.953 121.0 6
2016 09 14 01 58 31.570 7.373 -76.168 18.0 6
2016 09 20 16 21 16.550 30.501 142.047 9.0 6
2016 09 23 00 14 34.700 34.461 141.636 10.0 6
2016 09 23 22 53 10.400 6.571 126.491 65.0 6
2016 10 19 00 26 01.90 -4.862 108.162 614.0 6
2016 10 21 05 07 23.10 35.367 133.814 5.7 6
2016 10 26 19 18 08.320 42.934 13.043 10.0 6
2016 10 30 06 40 19.200 42.854 13.088 10.0 6
2016 11 04 16 20 43.940 -35.103 -70.996 90.79 6
2016 11 20 20 57 43.980 -31.642 -68.764 115.79 6
2016 11 21 20 59 49.10 37.391 141.402 11.35 6
2016 11 24 18 43 48.830 11.959 -88.835 10.34 6
2016 11 25 14 24 30.590 39.23 74.02 17.0 6
2016 12 01 22 40 26.340 -15.294 -70.822 10.0 6
2016 12 05 01 13 04.880 -7.315 123.38 526.0 6
2016 12 06 22 03 33.390 5.283 96.167 13.0 6
2016 12 18 13 30 11.430 -9.966 -70.969 622.53 6
2016 12 21 00 17 14.990 -7.508 127.92 152.0 6
2016 12 25 14 22 27.30 -43.405 -73.94 38.0 6
2016 12 29 22 30 19.300 -9.027 118.663 79.0 6
2017 01 10 06 13 47.250 4.463 122.575 612.71 6
2017 02 07 22 03 55.700 25.201 63.257 24.05 6
2017 02 10 14 03 43.920 9.907 125.451 15.0 6
2017 02 18 12 10 17.970 -23.861 -66.659 222.0 6
2017 02 21 14 09 04.320 -19.281 -63.904 595.98 6
2017 03 14 02 51 16.850 6.129 92.316 10.0 6
2017 04 03 17 40 18.560 -22.678 25.155 29.0 6
2017 04 05 06 09 12.460 35.799 60.436 13.0 6
2017 04 15 08 19 43.400 -23.27 -67.765 155.0 6
2017 04 23 02 36 07.840 -33.036 -72.006 21.0 6
2017 04 24 21 38 30.840 -33.029 -72.045 28.0 6
2017 04 28 20 23 17.260 5.504 125.071 26.0 6
2017 05 01 12 31 55.290 59.829 -136.676 8.0 6
2017 05 03 04 47 13.190 39.499 71.451 10.0 6
2017 05 09 01 54 14.530 24.449 126.318 10.0 6
2017 05 10 23 23 37.270 -56.427 -25.782 17.39 6
2017 05 12 10 41 26.380 12.91 -90.056 10.0 6
2017 05 20 01 06 14.230 9.384 123.958 533.0 6
2017 05 29 14 35 21.510 -1.287 120.433 12.0 6
2017 06 12 12 28 39.70 38.915 26.371 12.0 6
2017 06 14 07 29 05.630 14.982 -91.988 94.0 6
2017 06 22 12 31 04.490 13.752 -90.948 46.82 6
2017 06 30 22 29 45.110 -0.288 -80.493 13.0 6
2017 07 06 08 03 57.220 11.111 124.619 6.96 6
2017 07 18 02 05 19.870 -16.42 -73.629 44.92 6
2017 07 19 12 16 23.560 -17.415 66.483 10.0 6
2017 07 20 22 31 11.240 36.924 27.413 7.0 6
2017 07 26 10 32 57.430 26.897 130.183 12.0 6
2017 07 27 17 53 24.610 13.396 -49.325 10.0 6
2017 08 08 13 19 49.540 33.192 103.855 9.0 6
2017 08 08 23 27 53.80 44.301 82.826 20.0 6
2017 08 11 05 28 25.720 13.998 120.678 172.0 6
2017 08 13 03 08 10.560 -3.768 101.622 31.0 6
2017 08 18 02 59 21.950 -1.09 -13.663 10.0 6
2017 08 31 17 06 55.750 -1.159 99.688 43.14 6
2017 09 03 03 30 01.770 41.334 129.03 0.0 6
2017 09 04 08 07 35.380 -57.788 -25.578 35.0 6
2017 09 07 17 26 49.320 27.782 139.804 451.0 6
2017 09 08 04 49 20.00 15.035 -93.906 56.67 6
2017 09 19 18 14 38.430 18.567 -98.48 51.0 6
2017 09 20 16 37 16.360 37.981 144.66 11.0 6
2017 09 23 12 53 02.420 16.773 -94.95 9.62 6
2017 10 10 06 32 20.800 -18.521 -69.641 82.43 6
2017 10 10 18 53 27.840 -54.258 8.605 9.0 6
2017 10 24 10 47 47.540 -7.236 123.04 549.19 6
2017 10 31 11 50 50.410 -3.74 127.765 18.47 6
2017 11 11 00 36 14.980 -11.742 -14.114 10.0 6
2017 11 12 18 18 17.290 34.905 45.956 19.0 6
2017 11 13 02 28 23.680 9.514 -84.486 19.36 6
2017 11 17 22 34 19.500 29.832 94.977 8.0 6
2017 11 30 06 32 50.760 -1.08 -23.432 10.0 6
2017 12 01 02 32 46.10 30.743 57.313 9.0 6
2017 12 03 11 19 05.260 -0.489 -80.31 16.0 6
2017 12 12 08 43 17.950 30.719 57.27 10.0 6
2017 12 12 21 41 31.160 30.822 57.286 8.0 6
2017 12 13 18 03 42.790 -54.217 2.168 10.0 6
2017 12 15 16 47 58.230 -7.492 108.174 90.0 6
2018 01 10 02 51 31.860 17.474 -83.519 10.0 6
2018 01 11 18 26 24.230 18.362 96.077 9.0 6
2018 01 14 09 18 45.540 -15.758 -74.709 39.0 6
2018 01 21 01 06 42.890 -18.852 -69.456 116.0 6
2018 01 23 06 34 54.240 -7.195 105.918 43.91 6
2018 01 23 09 31 42.940 56.046 -149.072 25.0 6
2018 01 24 10 51 19.90 41.103 142.432 31.0 6
2018 01 28 16 03 03.970 -53.062 9.684 10.0 6
2018 01 31 07 07 00.230 36.543 70.815 191.19 6
2018 02 26 13 34 53.750 -2.762 126.727 9.91 6
2018 03 24 19 58 33.380 -45.778 96.069 10.0 6
2018 03 25 20 14 47.710 -6.624 129.813 169.0 6
2018 04 02 13 40 34.840 -20.658 -63.005 559.0 6
2018 04 10 10 19 34.30 -30.986 -71.556 76.08 6
2018 04 15 19 30 43.200 1.408 126.875 34.0 6
2018 04 19 21 09 17.00 -42.779 42.187 10.0 6
2018 05 05 06 19 05.40 14.57 123.919 18.0 6
2018 05 09 10 41 45.920 36.991 71.383 116.0 6
2018 07 28 17 07 23.370 -7.122 122.747 577.48 6
2018 07 28 22 47 38.740 -8.239 116.508 14.0 6
2018 08 05 11 46 38.190 -8.259 116.436 31.0 6
2018 08 14 03 29 53.440 -58.11 -25.258 35.0 6
2018 08 17 15 35 01.870 -7.426 119.834 529.0 6
2018 08 19 04 10 23.490 -8.329 116.598 21.41 6
2018 08 19 14 56 28.30 -8.33 116.631 25.21 6
2018 08 21 21 31 47.540 10.779 -62.907 146.18 6
2018 08 24 09 04 06.780 -11.042 -70.816 609.48 6
2018 08 25 22 13 25.620 34.611 46.242 10.0 6
2018 08 28 07 08 11.270 -10.885 124.118 14.0 6
2018 09 05 18 07 59.150 42.686 141.929 35.0 6
2018 09 07 02 12 04.350 -2.345 -78.895 93.53 6
2018 09 18 07 27 41.330 -37.811 49.782 10.0 6
2018 09 28 06 59 59.780 -0.399 119.77 5.19 6
2018 09 28 10 02 43.480 -0.178 119.84 10.0 6
2018 10 10 18 44 55.280 -7.453 114.455 9.0 6
2018 10 13 11 10 22.400 52.854 153.242 461.0 6
2018 10 25 22 54 52.590 37.514 20.563 14.0 6
2018 10 29 06 54 21.440 -57.404 -66.408 10.0 6
2018 11 01 22 19 51.540 -19.588 -69.292 102.0 6
2018 11 04 07 55 28.10 7.751 123.864 581.0 6
2018 11 09 01 49 40.60 71.626 -11.25 10.0 6
2018 11 11 14 03 59.560 15.565 -49.871 10.0 6
2018 11 15 20 02 22.920 -56.706 -25.546 15.0 6
2018 11 25 16 37 32.710 34.346 45.743 18.0 6
2018 11 30 17 29 29.330 61.346 -149.955 46.7 6
2018 12 01 13 27 21.80 -7.384 128.706 136.0 6
2018 12 11 02 26 32.730 -58.598 -26.465 164.66 6
2018 12 29 03 39 09.740 5.898 126.92 60.21 6
2019 01 05 19 25 38.580 -8.148 -71.583 571.18 6
2019 01 06 17 27 20.840 2.215 126.74 60.0 6
2019 01 20 01 32 51.480 -30.073 -71.423 53.04 6
2019 01 22 19 01 43.580 -43.115 42.324 13.0 6
