2014 01 13 04 01 04.530 18.992 -66.868 30.9 6
2014 02 01 03 58 45.70 -56.933 -27.345 142.9 6
2014 02 12 09 19 48.420 35.876 82.58 4.1 6
2014 02 18 09 27 14.830 14.596 -58.971 28.3 6
2014 03 10 05 18 13.590 40.723 -125.086 6.1 6
2014 03 15 08 59 20.160 -14.101 -76.352 10.0 6
2014 03 16 21 16 28.980 -19.905 -70.615 9.4 6
2014 03 22 12 59 57.00 -19.822 -70.944 4.4 6
2014 04 01 23 46 47.380 -19.619 -70.787 17.1 6
2014 04 03 02 43 14.260 -20.588 -70.49 12.0 6
2014 04 10 23 27 45.30 12.434 -86.33 12.6 6
2014 04 11 20 29 13.610 11.719 -86.014 142.3 6
2014 04 15 03 57 01.840 -53.609 8.709 10.0 6
2014 04 18 14 27 24.690 17.321 -100.993 24.4 6
2014 04 24 03 10 11.720 49.648 -127.652 9.8 6
2014 05 08 17 00 15.920 17.148 -100.811 24.9 6
2014 05 10 07 36 00.600 17.057 -100.932 23.3 6
2014 07 07 11 23 54.780 14.724 -92.461 53.0 6
2014 07 20 18 32 47.790 44.641 148.783 61.0 6
2014 08 18 02 32 04.100 32.711 47.638 10.0 6
2014 09 24 11 16 13.260 -23.784 -66.588 204.5 6
2014 09 25 17 51 17.940 61.986 -151.915 106.9 6
2014 12 06 17 21 49.20 7.982 -82.733 15.0 6
2014 12 08 08 54 52.520 7.94 -82.686 20.0 6
2015 02 11 18 57 20.460 -23.065 -66.662 203.6 6
2015 03 23 04 51 37.830 -18.354 -69.188 127.1 6
2015 04 25 06 11 26.630 28.13 84.716 13.4 6
2015 04 25 06 45 21.360 28.16 84.843 14.7 6
2015 04 26 07 09 09.310 27.736 85.978 13.4 6
2015 05 12 07 05 18.830 27.801 86.126 12.3 6
2017 11 12 18 18 17.290 34.905 45.956 19.0 6
2017 11 13 02 28 23.680 9.514 -84.486 19.36 6
2017 11 17 22 34 19.500 29.832 94.977 8.0 6
2017 12 01 02 32 46.10 30.743 57.313 9.0 6
2017 12 03 11 19 05.260 -0.489 -80.31 16.0 6
2017 12 12 08 43 17.950 30.719 57.27 10.0 6
2017 12 12 21 41 31.160 30.822 57.286 8.0 6
2018 01 10 02 51 31.860 17.474 -83.519 10.0 6
2018 01 14 09 18 45.540 -15.758 -74.709 39.0 6
2018 01 23 09 31 42.940 56.046 -149.072 25.0 6
2018 02 16 23 39 39.700 16.388 -97.978 25.98 6
2018 04 02 13 40 34.840 -20.658 -63.005 559.0 6
2018 08 12 14 58 54.286 69.561 -145.299 2.2 6
2018 08 14 03 29 53.440 -58.11 -25.258 35.0 6
2018 08 17 23 22 24.900 8.769 -83.153 15.0 6
2018 08 21 21 31 47.540 10.779 -62.907 146.18 6
2018 08 24 09 04 06.780 -11.042 -70.816 609.48 6
2018 08 25 22 13 25.620 34.611 46.242 10.0 6
2018 09 18 07 27 41.330 -37.811 49.782 10.0 6
2018 10 13 11 10 22.400 52.854 153.242 461.0 6
2018 11 11 14 03 59.560 15.565 -49.871 10.0 6
2018 11 25 16 37 32.710 34.346 45.743 18.0 6
2018 11 30 17 29 29.330 61.346 -149.955 46.7 6
2018 12 11 02 26 32.730 -58.598 -26.465 164.66 6
2018 12 20 17 01 55.150 55.099 164.699 16.56 6
2019 01 05 19 25 38.580 -8.148 -71.583 571.18 6
2019 01 20 01 32 51.480 -30.073 -71.423 53.04 6
2019 01 22 19 01 43.580 -43.115 42.324 13.0 6
