2011 11 21 03 15 42 24.9306 95.1664 0.118900001526 6
2011 11 23 12 17 50 34.2821 25.0778 0.0111999998093 6
2011 11 29 00 30 28 -1.512 -15.4962 0.00769999980927 6
2011 11 30 19 42 37 7.7779 93.8231 0.0392000007629 6
2011 12 02 05 19 27 0.052 120.424 0.0856999969482 6
2011 12 11 09 54 56 -56.049 -28.2135 0.130600006104 6
2011 12 23 19 12 34 -52.1914 27.9077 0.01 6
2012 01 10 18 37 00 2.4307 93.2081 0.0208999996185 6
2012 01 12 14 11 08 -52.0922 28.2421 0.01 6
2012 01 15 13 40 17 -60.8875 -56.1146 0.01 6
2012 01 15 13 40 21 -60.701 -55.8579 0.0172999992371 6
2012 01 15 14 21 34 -60.8685 -56.0334 0.023 6
2012 01 20 20 32 54 -8.5214 119.653 0.138399993896 6
2012 02 04 21 50 51 13.0894 57.5871 0.0143999996185 6
2012 02 09 08 49 28 -56.4064 -25.9897 0.033 6
2012 02 11 02 58 21 -37.3559 -73.3273 0.0285 6
2012 02 23 05 08 12 -17.7691 -13.2008 0.01 6
2012 02 26 06 17 19 51.8008 95.9804 0.013 6
2012 03 08 22 50 07 39.412 81.2585 0.0332000007629 6
2012 03 12 06 06 43 36.7552 73.1493 0.0297999992371 6
2012 03 17 17 00 58 3.7698 63.4962 0.0148000001907 6
2012 03 25 22 37 06 -35.2035 -72.1268 0.0282000007629 6
2012 04 10 05 09 08 -1.1993 -14.0362 0.00969999980927 6
2012 04 11 08 38 37 2.2376 93.0144 0.0262999992371 6
2012 04 11 10 43 10 0.7675 92.4284 0.0216000003815 6
2012 04 11 11 53 37 2.9281 89.5155 0.0172999992371 6
2012 04 11 13 58 08 1.5121 90.8071 0.0276000003815 6
2012 04 11 19 04 21 1.1441 92.0097 0.0257999992371 6
2012 04 14 10 56 18 -57.5759 -65.3721 0.00839999961853 6
2012 04 14 19 26 42 -6.8563 105.349 0.0580999984741 6
2012 04 15 05 57 40 2.581 90.3359 0.025 6
2012 04 16 02 17 52 -2.6335 121.893 0.0278999996185 6
2012 04 17 03 50 15 -32.6374 -71.5641 0.0297000007629 6
2012 04 17 19 03 57 -59.1876 -16.8077 0.0136000003815 6
2012 04 20 22 19 46 3.2303 93.7633 0.0216000003815 6
2012 04 20 22 28 58 3.2537 93.7682 0.0183999996185 6
2012 04 20 23 14 31 2.1742 93.3767 0.0327000007629 6
2012 04 21 01 19 28 -35.3309 -16.1128 0.012 6
2012 04 24 09 50 59 5.6988 61.5566 0.0106999998093 6
2012 04 24 14 57 12 8.8664 93.8782 0.0227999992371 6
2012 04 25 07 42 24 9.0095 93.9099 0.016 6
2012 04 29 08 09 06 2.688 94.4735 0.022 6
2012 04 30 08 00 10 1.7083 89.5917 0.0146000003815 6
2012 05 02 12 17 59 -54.589 144.201 0.011 6
2012 05 07 04 40 28 41.5229 46.7652 0.0173999996185 6
2012 05 09 14 49 50 -0.9879 -13.5537 0.00880000019073 6
2012 05 12 23 28 43 38.6559 70.3729 0.0131000003815 6
2012 05 13 01 19 10 -3.3709 89.3661 0.0136000003815 6
2012 05 20 02 03 53 44.873 11.2227 0.0177000007629 6
2012 05 22 00 00 32 42.6205 23.0074 0.0108000001907 6
2012 05 23 22 59 54 -50.4928 139.591 0.0191000003815 6
2012 05 23 23 19 19 -50.4657 139.804 0.01 6
2012 06 01 05 07 01 -77.1883 -148.867 0.00780000019073 6
2012 06 04 11 18 15 -7.6441 106.406 0.0749000015259 6
2012 06 07 04 05 04 -36.0516 -70.8547 0.00580000019073 6
2012 06 10 12 44 16 36.3847 28.9676 0.032 6
2012 06 11 05 29 12 36.0771 69.2948 0.0197999992371 6
2012 06 23 04 34 53 3.0022 97.9116 0.101900001526 6
2012 06 24 07 59 35 27.7301 100.75 0.0167999992371 6
2012 06 29 15 31 47 -24.7381 -9.6814 0.0141999998093 6
2012 06 29 21 07 32 43.4335 84.6125 0.0171000003815 6
2012 07 25 00 27 45 2.6255 96.1109 0.0286000003815 6
2012 07 29 02 21 12 22.9263 94.2784 0.0810999984741 6
2012 08 11 12 23 17 38.4023 46.838 0.00869999980927 6
2012 08 11 12 34 36 38.3798 46.7958 0.0188999996185 6
2012 08 12 10 47 07 35.6526 82.5417 0.014 6
2012 08 18 09 41 55 -1.3518 120.128 0.0278999996185 6
2012 08 21 17 39 38 -0.1113 91.9839 0.0192999992371 6
2012 08 30 12 18 42 -50.3044 114.166 0.00569999980927 6
2012 09 03 18 23 08 -10.677 113.965 0.0347999992371 6
2012 09 07 03 19 43 27.4842 104.05 0.0145 6
2012 09 14 04 51 48 -3.3008 100.67 0.0232999992371 6
2012 09 15 16 32 24 -10.7365 113.935 0.0292999992371 6
2012 10 03 13 32 37 -0.4253 97.6644 0.019 6
2012 10 14 10 13 40 41.7207 46.3143 0.024 6
2012 10 18 01 27 16 -54.3051 144.208 0.0113000001907 6
2012 10 19 10 13 55 -9.2968 67.0699 0.01 6
2012 10 23 09 33 20 -57.5673 148.391 0.01 6
2012 11 01 23 37 17 1.1966 122.154 0.0325 6
2012 11 06 01 36 22 1.2999 122.248 0.0318999996185 6
2012 11 06 01 38 22 1.2957 122.133 0.035 6
2012 11 06 01 42 28 1.3456 122.242 0.0592999992371 6
2012 11 06 06 17 28 9.967 57.1825 0.0153000001907 6
2012 11 07 06 26 32 38.4775 46.6148 0.006 6
2012 11 11 01 12 39 22.8908 95.848 0.0141999998093 6
2012 11 11 10 54 43 22.6992 95.7655 0.0175 6
2012 11 11 18 19 44 23.1988 95.7996 0.0197999992371 6
2012 12 05 17 08 13 33.5052 59.6055 0.013 6
2012 12 23 13 31 40 42.4407 41.0577 0.0128999996185 6
2012 12 28 17 32 17 -0.2324 122.888 0.111099998474 6
2013 01 08 14 16 09 39.6681 25.5372 0.0111000003815 6
2013 01 09 01 41 53 25.322 95.0088 0.0925999984741 6
2013 01 10 13 47 05 4.7427 95.0989 0.0517000007629 6
2013 01 18 12 42 51 30.9699 99.4687 0.0148999996185 6
2013 01 21 22 22 54 4.9625 95.9215 0.0246000003815 6
2013 01 28 16 38 53 42.5824 79.7217 0.0143000001907 6
2013 03 19 03 29 02 -58.9815 -24.5697 0.052 6
2013 04 09 11 52 50 28.4463 51.629 0.0128000001907 6
2013 04 10 01 58 28 28.4184 51.7244 0.0148000001907 6
2013 04 16 10 44 19 27.9704 62.136 0.0630999984741 6
2013 04 17 03 15 52 28.1233 62.3378 0.0599000015259 6
2013 04 19 17 51 42 -11.9123 121.664 0.0242000007629 6
2013 04 20 00 02 47 30.2688 103.02 0.018 6
2013 04 20 05 11 57 -54.9059 1.1227 0.01 6
2013 04 24 09 25 30 34.5122 70.2109 0.0675 6
2013 04 30 06 25 24 37.5889 -24.9594 0.0197000007629 6
2013 05 01 06 57 15 33.1059 75.7215 0.0273999996185 6
2013 05 02 19 40 52 2.7526 91.5409 0.0173999996185 6
2013 05 10 19 56 06 -28.9678 -13.1831 0.0138000001907 6
2013 05 11 02 08 11 26.6583 57.8438 0.0151000003815 6
2013 05 12 00 07 03 26.7051 57.7788 0.024 6
2013 05 12 10 54 49 26.7261 57.7834 0.0143999996185 6
2013 05 14 19 18 18 0.7872 92.4259 0.0267999992371 6
2013 05 16 05 57 00 -57.5817 -7.0183 0.01 6
2013 05 18 04 05 42 -53.1208 22.0981 0.01 6
2013 05 18 10 03 17 26.6877 57.8209 0.00880000019073 6
2013 05 18 10 57 49 26.6654 57.8031 0.0126000003815 6
2013 05 26 06 08 15 39.9496 67.4358 0.0155 6
2013 05 27 03 36 29 14.6508 53.8151 0.00309999990463 6
2013 06 07 20 13 14 -43.8504 -16.3007 0.01 6
2013 06 13 16 47 25 -9.9513 107.302 0.0206000003815 6
2013 06 13 17 23 53 -9.9822 107.35 0.0197999992371 6
2013 06 15 16 11 02 34.4507 25.044 0.0215 6
2013 06 16 21 39 06 34.4242 25.1864 0.025 6
2013 06 24 22 04 14 10.6905 -42.6687 0.0175 6
2013 07 02 07 37 05 4.6907 96.5824 0.0253999996185 6
2013 07 02 13 55 42 4.6193 96.6844 0.0324000015259 6
2013 07 08 02 13 42 -8.7315 113.02 0.0789000015259 6
2013 07 08 15 30 28 16.7233 40.8448 0.00769999980927 6
2013 07 15 14 03 41 -61.0527 -25.2274 0.0198999996185 6
2013 07 16 19 41 54 -63.3294 -62.5926 0.0133000001907 6
2013 07 21 23 45 55 34.5047 104.261 0.00509999990463 6
2013 07 26 21 33 00 -58.0352 -24.28 0.017 6
