2011 05 15 13 08 15.420 0.458 -25.608 18.9 6
2011 11 07 22 35 25.320 11.691 -85.783 177.2 6
2011 11 17 01 57 04.790 -1.747 -81.705 19.6 6
2011 11 22 18 48 16.290 -15.308 -65.163 560.3 6
2011 12 07 22 23 07.780 -27.932 -71.134 13.8 6
2011 12 11 09 54 56.480 -56.049 -28.213 130.6 6
2011 12 27 15 21 57.570 51.834 95.964 12.8 6
2012 03 25 22 37 06.560 -35.203 -72.126 28.2 6
2012 04 11 08 38 37.800 2.237 93.014 26.3 6
2012 04 11 10 43 10.530 0.767 92.428 21.6 6
2012 04 14 10 56 18.310 -57.575 -65.372 8.4 6
2012 04 15 05 57 40.120 2.581 90.335 25 6
2012 04 17 03 50 15.280 -32.637 -71.564 29.7 6
2012 04 17 19 03 57.120 -59.187 -16.807 13.6 6
2012 05 01 22 43 35.30 14.454 -93.042 28.7 6
2012 05 14 10 00 39.800 -17.796 -69.792 108.7 6
2012 05 20 02 03 53.990 44.873 11.222 17.7 6
2012 05 28 05 07 23.520 -28.021 -63.113 591.1 6
2012 06 02 07 52 54.600 -22.101 -63.657 539.4 6
2012 06 04 00 45 16.380 5.294 -82.632 15 6
2012 06 04 03 15 24.590 5.45 -82.563 9.5 6
2012 06 07 04 05 04.70 -36.051 -70.854 5.8 6
2012 06 07 16 03 18.520 -15.911 -72.472 106.7 6
2012 06 10 12 44 16.360 36.384 28.967 32 6
2012 06 23 04 34 53.600 3.002 97.911 101.9 6
2012 06 29 21 07 32.950 43.433 84.612 17.1 6
2012 07 25 00 27 45.820 2.625 96.11 28.6 6
2012 07 26 05 33 33.860 -17.55 66.29 16.2 6
2013 07 15 14 03 41.730 -61.052 -25.227 19.9 6
2013 07 17 02 37 43.740 -15.666 -71.745 13 6
2013 07 21 23 45 55.920 34.504 104.26 5.1 6
2013 07 22 07 01 41.750 -46.094 34.861 3.2 6
2013 07 26 21 33 00.60 -58.035 -24.28 17 6
2013 08 13 15 43 15.910 5.718 -78.125 18.6 6
2013 08 17 16 32 31.830 -34.886 54.127 10.9 6
2013 10 04 17 26 14.250 -38.707 78.5 11 6
