2013 10 24 19 25 10.300 -58.259 -12.802 10.0 6
2013 10 29 10 37 56.300 -61.715 154.829 10.0 6
2013 10 30 02 51 49.440 -35.401 -73.151 11.9 6
2013 10 31 23 03 58.620 -30.313 -71.501 19.8 6
2013 11 16 03 34 34.790 -60.307 -47.199 24.0 6
2013 11 17 09 04 56.260 -60.378 -46.587 7.9 6
2013 11 25 06 27 34.680 -53.971 -54.964 10.0 6
2013 12 01 06 29 58.320 2.017 96.848 21.6 6
2014 01 25 05 14 20.520 -8.044 109.222 87.8 6
2014 01 26 13 55 43.330 38.191 20.507 13.8 6
2014 02 01 03 58 45.70 -56.933 -27.345 142.9 6
2014 02 03 03 08 46.330 38.255 20.436 14.5 6
2014 02 12 09 19 48.420 35.876 82.58 4.1 6
2014 02 18 09 27 14.830 14.596 -58.971 28.3 6
2014 03 11 02 44 06.280 -60.843 -20.118 10.0 6
2014 03 16 21 16 28.980 -19.905 -70.615 9.4 6
2014 03 17 05 11 33.400 -20.06 -70.828 5.3 6
2014 03 21 13 41 09.860 7.68 94.225 19.3 6
2014 03 22 12 59 57.00 -19.822 -70.944 4.4 6
2014 03 23 18 20 01.190 -19.703 -70.781 13.9 6
2014 04 01 23 46 47.380 -19.619 -70.787 17.1 6
2014 04 03 01 58 29.40 -20.364 -70.5 10.6 6
2014 04 03 02 43 14.260 -20.588 -70.49 12.0 6
2014 04 03 05 26 13.640 -20.749 -70.54 13.0 6
2014 04 04 01 37 51.480 -20.607 -70.533 19.3 6
2014 04 11 00 01 43.940 -20.695 -70.661 10.4 6
2014 04 15 03 57 01.840 -53.609 8.709 10.0 6
2014 04 17 15 06 50.220 -62.875 156.026 10.0 6
2014 05 05 11 08 45.650 19.615 99.703 15.2 6
2014 05 18 01 02 31.860 4.24 92.737 32.9 6
2014 05 21 16 21 54.220 18.24 88.064 45.1 6
2014 05 24 09 25 03.190 40.276 25.369 8.2 6
2014 06 14 11 11 03.260 -10.113 91.038 23.1 6
2014 06 29 07 52 56.840 -55.475 -28.395 15.1 6
2014 06 29 14 32 49.770 -55.418 -28.224 11.9 6
2014 07 02 05 53 29.200 -62.301 155.186 10.0 6
2014 07 02 05 53 34.200 -62.31 154.99 12.0 6
2014 07 05 09 39 27.790 1.933 96.938 20.0 6
2014 07 19 14 14 02.290 11.709 57.957 10.0 6
2014 07 27 01 28 41.400 23.86 -45.59 13.7 6
2014 08 03 08 30 14.300 27.217 103.458 28.0 6
2014 08 18 02 32 04.100 32.711 47.638 10.0 6
2014 08 18 18 08 22.750 32.582 47.703 5.0 6
2014 08 23 22 32 23.320 -32.695 -71.441 32.0 6
2014 08 24 23 21 41.700 -14.52 -73.535 70.0 6
2014 08 24 23 21 43.400 -14.589 -73.45 74.4 6
2014 09 24 11 16 13.260 -23.784 -66.588 204.5 6
2014 10 07 13 49 41.780 23.343 100.5 12.8 6
2014 11 03 08 48 29.700 -41.824 80.043 7.4 6
2014 11 22 08 55 26.490 30.314 101.803 2.0 6
2015 02 02 10 49 48.440 -32.648 -67.15 172.7 6
2015 02 11 18 57 20.460 -23.065 -66.662 203.6 6
2015 02 13 18 59 13.510 52.509 -32.02 16.9 6
2015 02 16 22 00 54.320 -55.518 -28.229 18.1 6
2015 03 03 10 37 31.380 -0.719 98.754 33.5 6
2015 03 06 08 22 20.90 -41.316 80.614 13.1 6
2015 03 18 18 27 28.660 -36.111 -73.689 9.7 6
2015 03 23 04 51 37.830 -18.354 -69.188 127.1 6
2015 04 16 18 07 43.610 35.195 26.837 22.6 6
2015 04 25 06 11 26.630 28.13 84.716 13.4 6
2015 04 25 06 45 21.360 28.16 84.843 14.7 6
2015 04 26 07 09 09.310 27.736 85.978 13.4 6
2015 05 12 07 05 18.830 27.801 86.126 12.3 6
2015 05 12 07 36 53.300 27.524 86.141 13.8 6
2015 05 15 20 26 55.950 -2.566 102.223 158.5 6
2015 05 24 04 53 23.400 -16.814 -14.261 11.7 6
2015 06 10 13 52 08.660 -22.409 -68.451 121.8 6
2015 06 17 12 51 35.660 -35.37 -17.809 27.1 6
2015 06 20 02 10 07.650 -36.334 -73.667 17.4 6
2015 07 03 01 07 46.210 37.47 78.12 19.0 6
2015 07 16 15 16 32.980 13.8 -58.57 19.4 6
2015 08 13 10 39 54.310 -37.022 77.953 15.4 6
2015 09 16 22 54 32.860 -31.572 -71.674 22.44 6
2015 09 16 23 03 56.560 -31.75 -71.742 19.1 6
2015 09 16 23 16 09.440 -31.6 -71.918 35.0 6
2015 09 16 23 18 41.850 -31.562 -71.426 28.41 6
2015 09 17 01 41 05.870 -31.104 -71.65 42.32 6
2015 09 17 03 55 15.430 -31.424 -71.687 27.0 6
2015 09 17 04 10 27.00 -31.52 -71.81 23.0 6
2015 09 17 04 10 27.780 -31.517 -71.804 23.0 6
2015 09 18 09 10 44.730 -32.368 -72.229 8.0 6
2015 09 18 15 59 42.640 15.276 -45.988 10.0 6
2015 09 19 05 06 47.500 -29.641 -72.077 6.0 6
2015 09 19 12 52 20.00 -32.33 -72.07 18.0 6
2015 09 19 12 52 20.920 -32.333 -72.062 18.0 6
2015 09 21 05 39 34.00 -31.58 -71.74 30.0 6
2015 09 21 05 39 34.910 -31.575 -71.743 30.0 6
2015 09 21 17 40 00.60 -31.727 -71.379 35.0 6
2015 09 22 07 13 00.00 -31.44 -71.26 58.0 6
2015 09 22 07 13 00.520 -31.444 -71.265 58.0 6
2015 09 26 02 51 18.830 -30.814 -71.321 46.0 6
2015 09 28 15 28 05.00 -23.8 -66.6 219.0 6
2015 10 23 01 40 06.320 -54.225 6.165 11.0 6
2015 10 23 04 04 18.00 -45.81 37.17 10.0 6
2015 10 23 04 04 18.140 -45.814 37.171 10.0 6
2015 10 26 09 09 42.560 36.524 70.367 231.0 6
2015 11 07 07 04 31.380 -29.464 -72.301 13.0 6
2015 11 07 07 31 43.870 -30.879 -71.451 46.0 6
2015 11 08 16 47 02.160 6.843 94.648 10.0 6
2015 11 11 01 54 38.570 -29.506 -72.006 12.0 6
2015 11 11 02 46 19.830 -29.509 -72.058 10.0 6
2015 11 17 07 10 07.300 38.67 20.6 11.0 6
2015 11 24 22 45 38.880 -10.537 -70.943 606.21 6
2015 11 24 22 50 54.370 -10.059 -71.018 620.56 6
2015 11 26 05 45 18.400 -9.182 -71.257 602.75 6
2015 11 27 21 00 22.920 -24.828 -70.6 34.0 6
2015 12 04 22 25 00.110 -47.616 85.091 35.0 6
2015 12 07 07 50 05.950 38.21 72.779 22.0 6
2015 12 25 19 14 47.190 36.493 71.126 206.0 6
2016 01 01 02 00 39.950 -50.557 139.448 10.0 6
2016 01 03 23 05 22.00 24.83 93.66 55.0 6
2016 01 03 23 05 22.270 24.803 93.65 55.0 6
2016 01 14 03 25 28.270 -19.759 -63.328 582.56 6
2016 01 25 04 22 02.730 35.649 -3.681 12.0 6
2016 02 10 00 33 05.340 -30.572 -71.583 29.0 6
2016 02 12 10 02 24.50 -9.633 119.401 28.0 6
2016 02 27 21 29 43.570 -51.789 139.595 10.0 6
2016 03 02 12 49 48.110 -4.952 94.329 24.0 6
2016 03 19 11 26 33.230 17.996 -60.701 26.0 6
2016 04 06 14 45 29.620 -8.203 107.385 29.0 6
2016 04 10 10 28 58.720 36.472 71.131 212.0 6
2016 04 13 13 55 17.800 23.094 94.865 136.0 6
2016 04 19 05 25 39.940 -55.728 -27.23 14.0 6
2016 05 28 09 46 59.780 -56.24 -26.935 78.0 6
2016 06 01 22 56 00.800 -2.096 100.665 50.0 6
2016 06 09 04 13 08.130 -11.248 116.266 19.0 6
2016 06 21 16 26 34.420 22.658 -45.14 10.0 6
2016 06 26 11 17 11.280 39.479 73.338 13.0 6
2016 07 25 17 26 50.220 -26.104 -70.507 72.0 6
2016 08 04 14 15 13.90 -22.308 -66.026 270.0 6
2016 08 19 07 32 22.730 -55.279 -31.874 10.0 6
2016 08 21 03 45 23.740 -55.277 -31.754 10.0 6
2016 08 24 01 36 32.870 42.723 13.187 4.44 6
2016 08 24 10 34 54.580 20.922 94.568 82.0 6
2016 08 29 04 29 57.880 -0.047 -17.829 10.0 6
2016 10 19 00 26 01.90 -4.862 108.162 614.0 6
2016 10 26 19 18 08.320 42.934 13.043 10.0 6
2016 10 30 06 40 19.200 42.854 13.088 10.0 6
2016 11 04 16 20 43.940 -35.103 -70.996 90.79 6
2016 11 20 20 57 43.980 -31.642 -68.764 115.79 6
2016 11 25 14 24 30.590 39.23 74.02 17.0 6
2016 12 01 22 40 26.340 -15.294 -70.822 10.0 6
2016 12 06 22 03 33.390 5.283 96.167 13.0 6
2016 12 18 13 30 11.430 -9.966 -70.969 622.53 6
2016 12 25 14 22 27.30 -43.405 -73.94 38.0 6
2016 12 29 22 30 19.300 -9.027 118.663 79.0 6
2017 02 07 22 03 55.700 25.201 63.257 24.05 6
2017 02 18 12 10 17.970 -23.861 -66.659 222.0 6
2017 02 21 14 09 04.320 -19.281 -63.904 595.98 6
2017 03 14 02 51 16.850 6.129 92.316 10.0 6
2017 04 05 06 09 12.460 35.799 60.436 13.0 6
2017 04 15 08 19 43.400 -23.27 -67.765 155.0 6
2017 04 23 02 36 07.840 -33.036 -72.006 21.0 6
2017 04 24 21 38 30.840 -33.029 -72.045 28.0 6
2017 05 03 04 47 13.190 39.499 71.451 10.0 6
2017 05 10 23 23 37.270 -56.427 -25.782 17.39 6
2017 06 12 12 28 39.70 38.915 26.371 12.0 6
2017 07 18 02 05 19.870 -16.42 -73.629 44.92 6
2017 07 19 12 16 23.560 -17.415 66.483 10.0 6
2017 07 20 22 31 11.240 36.924 27.413 7.0 6
2017 07 27 17 53 24.610 13.396 -49.325 10.0 6
2017 08 08 23 27 53.80 44.301 82.826 20.0 6
2017 08 13 03 08 10.560 -3.768 101.622 31.0 6
2017 08 18 02 59 21.950 -1.09 -13.663 10.0 6
2017 08 31 17 06 55.750 -1.159 99.688 43.14 6
2017 09 04 08 07 35.380 -57.788 -25.578 35.0 6
2017 10 08 20 48 58.720 -61.743 154.552 10.0 6
2017 10 10 06 32 20.800 -18.521 -69.641 82.43 6
2017 10 10 18 53 27.840 -54.258 8.605 9.0 6
2017 11 11 00 36 14.980 -11.742 -14.114 10.0 6
2017 11 12 18 18 17.290 34.905 45.956 19.0 6
2017 11 17 22 34 19.500 29.832 94.977 8.0 6
2017 11 30 06 32 50.760 -1.08 -23.432 10.0 6
2017 12 01 02 32 46.10 30.743 57.313 9.0 6
2017 12 12 08 43 17.950 30.719 57.27 10.0 6
2017 12 12 21 41 31.160 30.822 57.286 8.0 6
2017 12 13 18 03 42.790 -54.217 2.168 10.0 6
2017 12 15 16 47 58.230 -7.492 108.174 90.0 6
2018 01 11 18 26 24.230 18.362 96.077 9.0 6
2018 01 14 09 18 45.540 -15.758 -74.709 39.0 6
2018 01 21 01 06 42.890 -18.852 -69.456 116.0 6
2018 01 23 06 34 54.240 -7.195 105.918 43.91 6
2018 01 28 16 03 03.970 -53.062 9.684 10.0 6
2018 01 31 07 07 00.230 36.543 70.815 191.19 6
2018 02 27 17 29 22.580 -60.249 150.779 10.0 6
2018 03 24 19 58 33.380 -45.778 96.069 10.0 6
2018 04 02 13 40 34.840 -20.658 -63.005 559.0 6
2018 04 10 10 19 34.30 -30.986 -71.556 76.08 6
2018 05 09 10 41 45.920 36.991 71.383 116.0 6
2018 07 15 13 09 16.470 13.848 51.717 10.0 6
