2010 03 30 16 54 47.370 13.612 92.874 38.5 6
2010 04 06 22 15 02.130 2.36 97.111 33.4 6
2010 04 13 23 49 37.10 33.192 96.746 13.8 6
2010 04 14 01 25 16.450 33.149 96.489 12.2 6
2010 04 30 23 11 43.690 60.47 -177.85 13.3 6
2010 04 30 23 16 29.210 60.467 -177.606 16.0 6
2010 05 09 05 59 42.340 3.732 96.027 42.3 6
2010 05 19 04 15 42.630 -5.125 -77.496 129.0 6
2010 05 24 16 18 28.810 -8.115 -71.641 582.1 6
2010 05 25 10 09 06.280 35.283 -35.936 15.4 6
2010 05 31 19 51 47.690 11.21 93.651 131.6 6
2010 06 01 03 26 17.170 9.32 -84.189 28.4 6
2010 06 12 19 26 50.50 7.85 91.954 31.4 6
2010 07 30 03 56 14.650 52.421 159.922 30.3 6
2010 08 12 11 54 15.20 -1.277 -77.369 206.5 6
2010 08 16 03 30 54.210 -17.807 65.602 14.7 6
2010 08 21 05 42 54.130 2.198 96.723 33.2 6
2010 09 17 19 21 15.200 36.535 70.969 215.4 6
2012 04 11 08 38 37.800 2.237 93.014 26.3 6
2012 04 11 10 43 10.530 0.767 92.428 21.6 6
2012 04 15 05 57 40.120 2.581 90.335 25.0 6
2012 06 02 07 52 54.600 -22.101 -63.657 539.4 6
2012 06 04 00 45 16.380 5.294 -82.632 15.0 6
2012 06 04 03 15 24.590 5.45 -82.563 9.5 6
2012 06 23 04 34 53.600 3.002 97.911 101.9 6
2012 06 24 03 15 01.980 57.501 163.414 16.0 6
2012 06 29 21 07 32.950 43.433 84.612 17.1 6
2012 07 20 06 10 27.340 49.247 156.109 37.9 6
2012 07 25 00 27 45.820 2.625 96.11 28.6 6
2012 07 26 05 33 33.860 -17.55 66.29 16.2 6
2012 08 02 09 38 31.250 -8.454 -74.272 148.8 6
2012 08 11 12 23 17.670 38.402 46.838 8.7 6
2012 08 11 12 34 36.600 38.379 46.795 18.9 6
2012 08 12 10 47 07.390 35.652 82.541 14.0 6
2012 08 14 02 59 38.860 49.75 145.305 590.7 6
2012 08 30 13 43 25.300 71.446 -11.034 11.1 6
2012 09 05 14 42 07.730 10.024 -85.388 20.7 6
2012 09 09 05 39 39.410 49.297 155.695 54.0 6
2012 09 30 16 31 34.70 1.907 -76.371 155.2 6
2012 10 24 00 45 33.800 10.074 -85.371 22.3 6
2012 10 28 03 04 07.790 52.677 -132.172 7.4 6
2012 10 30 02 49 01.320 52.145 -132.111 9.5 6
2012 11 08 02 01 49.700 49.126 -128.541 11.0 6
2012 11 11 01 12 39.150 22.89 95.848 14.2 6
2012 11 12 20 42 15.870 57.557 -142.859 19.0 6
2012 11 16 18 12 43.260 49.236 155.654 50.8 6
2013 01 05 08 58 19.180 55.234 -134.8 3.1 6
2013 01 21 22 22 54.780 4.962 95.921 24.6 6
2013 01 28 16 38 53.840 42.582 79.721 14.3 6
2013 02 09 14 16 06.960 1.034 -77.462 144.2 6
2013 02 14 13 13 52.720 67.517 142.701 8.9 6
2013 02 28 14 05 50.870 50.786 157.485 52.8 6
2013 04 05 13 00 02.360 42.735 131.064 571.3 6
2013 04 16 10 44 19.30 27.97 62.136 63.1 6
2013 04 20 00 02 47.980 30.268 103.02 18.0 6
2013 05 21 01 55 06.670 52.414 160.573 23.4 6
2013 05 21 05 43 22.120 52.216 160.224 45.9 6
2013 05 24 05 44 49.880 54.815 153.391 607.0 6
2013 05 24 14 56 31.600 52.135 151.568 632.0 6
2013 06 15 17 34 29.170 11.741 -87.045 41.4 6
2013 06 24 22 04 14.180 10.69 -42.668 17.5 6
2013 07 02 07 37 05.90 4.69 96.582 25.4 6
