2007 07 21 13 26 56.523 -8.0859 -71.2071 633.7 6
2007 07 21 15 34 45.260 -22.2136 -65.7495 290.6 6
2007 07 31 22 55 28.873 -0.1853 -17.7754 17.6 6
2007 08 15 23 40 52.429 -13.3836 -76.5555 41.2 6
2007 08 16 5 16 52.215 -14.2784 -76.0919 24.7 6
2007 08 16 11 35 33.835 -14.2544 -76.2006 31.8 6
2007 09 10 1 49 13.961 3.0005 -77.9001 29 6
2007 10 02 17 59 56.397 54.5424 -161.776 44.5 6
2007 11 14 15 40 39.502 -22.3208 -69.7803 33.6 6
2007 12 13 5 20 13.104 -23.1885 -70.4177 41.7 6
2007 12 13 7 23 39.087 -23.2335 -70.5276 30.6 6
2007 12 16 8 9 15.244 -22.8877 -70.1289 57 6
2008 01 09 8 26 34.709 32.4042 85.2551 27.7 6
2008 02 04 17 1 15.506 -20.1855 -69.9476 42.8 6
2008 02 08 9 38 10.254 10.7251 -41.902 4.1 6
2008 02 16 14 45 0.639 -21.3193 -68.3628 131.8 6
2008 02 21 2 46 15.901 77.0612 18.5685 10.5 6
2008 02 21 14 15 50.458 41.1003 -114.876 10 6
2008 05 12 6 27 53.197 31.0636 103.372 7.6 6
2008 05 23 19 35 24.959 7.3593 -34.891 10 6
2008 05 25 8 21 47.588 32.6031 105.377 14 6
2008 05 29 15 45 58.782 63.9564 -20.9875 10 6
2008 06 27 11 40 13.882 10.996 91.841 27.6 6
2008 07 05 2 11 56.985 53.9462 152.863 646.1 6
2008 07 08 9 12 55.951 -15.9861 -71.7482 122.6 6
2008 08 05 9 49 8.540 32.8105 105.503 10.8 6
2008 08 11 23 38 34.048 -0.9785 -21.7975 16.2 6
2008 08 25 13 21 49.922 31.0612 83.6521 25.5 6
2008 08 28 15 22 10.851 -0.0245 -17.4395 4.5 6
2008 08 30 8 30 46.180 26.3088 101.895 2.4 6
2008 09 03 11 25 7.695 -26.83 -63.1933 570.6 6
2008 09 10 11 0 29.406 26.7723 55.8332 12 6
2008 09 10 13 8 3.189 8.1265 -38.6802 3.1 6
2008 09 24 2 33 2.998 17.5209 -105.455 10 6
2008 10 06 8 30 41.373 29.8445 90.3787 6.4 6
2008 10 11 10 40 1.113 19.1935 -64.826 25.7 6
2008 10 12 20 55 36.378 -20.1808 -64.9821 357.8 6
2008 10 16 19 41 31.106 14.541 -92.3345 83.5 6
2008 10 28 23 9 42.800 30.5928 67.3746 18.8 6
2008 10 29 11 32 28.173 30.4973 67.5633 2.9 6
2008 11 22 18 49 37.717 -1.1892 -14.0194 8 6
2008 11 24 9 2 56.359 54.2201 154.293 505.3 6
2009 03 06 10 50 23.939 80.3143 -1.9637 14.2 6
2009 03 12 23 23 30.420 5.518 -82.7165 10.7 6
2009 04 17 2 7 55.785 -19.5806 -70.5024 28.7 6
2009 06 06 20 33 17.141 23.8302 -46.2162 14.6 6
2009 07 04 6 49 34.499 9.7523 -79.0221 48.6 6
2009 10 29 17 44 24.210 36.3822 70.7684 213.9 6
2009 11 14 19 44 16.450 -22.9595 -66.5863 214.3 6
2009 11 17 15 30 46.667 51.9622 -131.598 8.7 6
2010 03 04 22 39 9.737 -22.2651 -68.4579 108.4 6
2010 03 08 2 32 31.798 38.7884 40.044 12.2 6
2010 03 26 14 51 59.075 -28.0601 -70.9122 41.4 6
2010 03 30 16 54 44.159 13.6128 92.8746 38.5 6
2010 06 01 3 26 5.562 9.3208 -84.1898 28.4 6
2010 07 12 0 11 15.626 -22.2789 -68.3159 109.4 6
2010 08 12 11 54 15.020 -1.2779 -77.3694 206.5 6
2011 01 01 9 56 49.360 -26.8513 -63.2373 584.3 6
2011 01 18 20 23 8.717 28.6831 63.9948 79.9 6
2011 02 04 13 53 43.777 24.6094 94.7347 86.5 6
2011 02 25 13 7 23.259 17.8214 -95.1708 130.6 6
2011 03 06 12 31 56.753 -18.2064 -69.5006 114.5 6
2011 08 24 17 46 2.932 -7.6203 -74.538 149.3 6
2011 09 02 13 47 2.195 -28.4135 -63.136 592.7 6
2011 09 09 19 41 25.037 49.3886 -127.065 15.4 6
2011 09 18 12 40 43.983 27.8039 88.1536 29.6 6
2011 10 28 18 54 21.970 -14.5572 -76.1207 29 6
2011 11 17 1 56 47.766 -1.7479 -81.7057 19.6 6
2011 11 22 18 48 15.005 -15.3083 -65.1634 560.3 6
2011 12 07 22 23 7.078 -27.9324 -71.1344 13.8 6
2011 12 11 1 47 15.171 17.9024 -99.9298 65.4 6
2011 12 27 15 21 49.031 51.8349 95.9643 12.8 6
2012 01 30 5 10 50.746 -14.2139 -75.6584 34.2 6
2012 02 26 6 17 17.857 51.8008 95.9804 13 6
2012 03 05 7 45 57.858 -28.2579 -63.2916 551.9 6
2012 03 20 18 2 37.419 16.4734 -98.3694 19.4 6
2012 04 02 17 36 33.683 16.3729 -98.4615 16.3 6
2012 04 11 22 41 37.824 43.5513 -127.629 16.4 6
2012 04 11 22 55 2.160 18.2042 -102.876 27.6 6
2012 04 12 7 15 45.847 28.8386 -113.127 10 6
2012 05 14 10 0 30.256 -17.7968 -69.7926 108.7 6
2012 05 28 5 7 18.314 -28.021 -63.1134 591.1 6
2012 06 02 7 52 43.531 -22.1017 -63.6574 539.4 6
2012 06 04 3 15 11.360 5.4503 -82.5631 9.5 6
2012 06 07 16 3 13.065 -15.9117 -72.4723 106.7 6
2012 06 24 3 14 55.920 57.5012 163.415 16 6
2012 06 29 21 7 22.360 43.4335 84.6125 17.1 6
2012 08 02 9 38 17.964 -8.454 -74.2726 148.8 6
2012 08 11 12 23 8.081 38.4023 46.838 8.7 6
2012 08 11 12 34 33.806 38.3798 46.7958 18.9 6
2012 08 30 13 43 14.929 71.4464 -11.0341 11.1 6
2012 09 05 14 41 58.612 10.0242 -85.3884 20.7 6
2012 09 25 23 45 19.402 24.7742 -110.184 8.1 6
2012 09 30 16 31 31.129 1.9079 -76.3716 155.2 6
2012 10 24 0 45 22.329 10.0745 -85.3716 22.3 6
2012 10 28 3 4 7.323 52.6777 -132.172 7.4 6
2012 10 28 18 54 10.934 52.5384 -132.659 5.1 6
2012 11 07 16 35 37.318 14.0318 -92.0669 38.7 6
2012 11 10 14 57 41.835 -8.9367 -75.0884 128.6 6
2012 11 14 19 2 3.287 -29.1789 -71.3863 61.5 6
2012 11 15 9 20 9.259 18.1995 -100.525 57.9 6
2013 01 05 8 58 15.750 55.2347 -134.801 3.1 6
2013 01 28 16 38 44.858 42.5824 79.7217 14.3 6
2013 01 30 20 15 36.593 -28.1096 -70.8883 46.1 6
2013 02 09 14 15 54.645 1.0345 -77.462 144.2 6
2013 02 14 13 13 47.888 67.5173 142.702 8.9 6
2013 02 22 12 1 53.793 -27.9052 -63.1349 585.6 6
2013 04 09 11 52 45.813 28.4463 51.629 12.8 6
2013 04 16 10 44 9.235 27.9704 62.136 63.1 6
2013 04 22 1 16 30.913 18.0412 -102.198 31.5 6
2013 05 11 2 8 2.706 26.6583 57.8438 15.1 6
2013 05 24 5 44 38.296 54.815 153.391 607 6
2013 06 24 22 4 7.706 10.6905 -42.6687 17.5 6
2013 07 21 23 45 54.737 34.5047 104.261 5.1 6
2013 07 22 7 1 38.076 -46.0946 34.8615 3.2 6
2013 08 12 9 49 29.054 -5.4117 -81.979 12.8 6
2013 08 13 15 43 14.146 5.718 -78.1251 18.6 6
2013 08 21 12 38 25.801 16.8572 -99.5188 18.9 6
2013 09 04 0 23 6.850 51.1711 -130.267 10 6
2013 09 05 4 1 32.026 15.2518 -45.2139 10.4 6
2014 02 12 9 19 46.113 35.8767 82.5807 4.1 6
2014 02 18 9 27 2.244 14.596 -58.9719 28.3 6
2014 03 15 8 59 6.586 -14.1014 -76.352 10 6
2014 03 15 23 51 28.788 -5.6717 -80.9351 26.5 6
2014 03 16 21 16 16.345 -19.9051 -70.6156 9.4 6
2014 03 17 5 11 26.760 -20.06 -70.8284 5.3 6
2014 03 22 12 59 53.542 -19.8225 -70.9441 4.4 6
2014 03 23 18 19 58.055 -19.7033 -70.7814 13.9 6
2014 04 01 23 46 33.903 -19.6193 -70.7877 17.1 6
2014 04 03 1 58 17.731 -20.3644 -70.5007 10.6 6
2014 04 03 2 43 2.220 -20.5887 -70.4905 12 6
2014 04 03 5 26 2.286 -20.7493 -70.5408 13 6
2014 04 04 1 37 40.049 -20.6075 -70.5337 19.3 6
2014 04 10 23 27 40.184 12.4342 -86.3301 12.6 6
2014 04 11 0 1 34.485 -20.6954 -70.6616 10.4 6
2014 04 11 20 29 10.599 11.7198 -86.014 142.3 6
2014 04 15 3 56 47.499 -53.609 8.7098 10 6
2014 04 18 14 27 23.492 17.3211 -100.994 24.4 6
2014 04 24 3 10 6.172 49.6483 -127.652 9.8 6
2014 05 08 17 0 9.540 17.1486 -100.811 24.9 6
2014 05 10 7 35 56.506 17.0579 -100.932 23.3 6
2014 05 13 6 35 21.269 7.1451 -82.24 13.1 6
2014 07 07 11 23 48.440 14.724 -92.4614 53 6
2014 07 17 11 49 23.728 60.2995 -140.337 10 6
2014 07 25 10 54 49.189 58.3062 -136.96 10 6
2014 08 18 18 8 21.046 32.5827 47.7037 5 6
2014 08 24 23 21 30.656 -14.589 -73.45 74.4 6
2014 08 24 23 21 30.038 -14.52 -73.535 70 6
2014 09 24 11 16 10.914 -23.7849 -66.5888 204.5 6
2014 09 25 17 51 8.390 61.9863 -151.916 106.9 6
2014 10 07 13 49 37.561 23.3434 100.501 12.8 6
2014 10 14 3 51 25.891 12.5893 -88.072 63.9 6
2014 11 22 8 55 21.264 30.314 101.803 2 6
2014 12 06 17 21 47.129 7.9824 -82.7339 15 6
2014 12 08 8 54 50.601 7.9401 -82.6865 20 6
2015 02 02 10 49 46.068 -32.6484 -67.1501 172.7 6
2015 02 11 18 57 6.020 -23.0653 -66.6621 203.6 6
2015 03 23 4 51 31.439 -18.3544 -69.1883 127.1 6
2015 04 24 13 56 6.880 51.642 -130.859 6.4 6
2015 04 25 6 11 13.703 28.1302 84.7168 13.4 6
2015 04 25 6 45 16.463 28.1603 84.8433 14.7 6
2015 04 26 7 9 4.910 27.7365 85.9788 13.4 6
2015 05 12 7 5 9.897 27.8014 86.126 12.3 6
2015 05 12 7 36 52.980 27.5248 86.1418 13.8 6
2015 05 24 4 53 16.836 -16.8146 -14.2615 11.7 6
2015 05 29 6 59 58.672 56.7079 -156.676 64.6 6
2015 06 10 13 52 7.530 -22.4098 -68.4519 121.8 6
2015 06 17 12 51 25.105 -35.3709 -17.809 27.1 6
2015 07 16 15 16 29.722 13.8008 -58.5702 19.4 6
2015 07 29 2 35 56.636 59.9722 -153.325 121.2 6
2015 09 13 8 14 7.303 24.913 -109.623 10 6
2015 09 18 15 59 37.558 15.2767 -45.9886 10 6
2015 09 28 15 27 54.860 -23.8 -66.6 219 6
2015 10 26 9 9 29.611 36.5244 70.3676 231 6
2015 11 11 1 54 25.842 -29.5067 -72.0068 12 6
2015 11 11 2 46 15.135 -29.5097 -72.0585 10 6
2015 11 24 22 45 38.546 -10.5372 -70.9437 606.21 6
2015 11 24 22 50 51.929 -10.0598 -71.0184 620.56 6
2015 11 26 5 45 14.487 -9.1825 -71.2574 602.75 6
2015 11 27 21 0 8.529 -24.828 -70.6009 34 6
2015 12 07 7 50 0.828 38.2107 72.7797 22 6
2015 12 17 19 49 48.771 15.8009 -93.6294 85 6
2015 12 25 19 14 45.217 36.4935 71.1263 206 6
2016 01 03 23 5 14.009 24.83 93.66 55 6
2016 01 03 23 5 13.970 24.8036 93.6505 55 6
2016 01 14 3 25 14.695 -19.7597 -63.3288 582.56 6
2016 01 24 10 30 20.626 59.6204 -153.339 125.6 6
2016 03 19 11 26 27.695 17.996 -60.7019 26 6
2016 04 02 5 49 52.306 57.008 -157.932 11.4 6
2016 04 10 10 28 55.613 36.4725 71.1311 212 6
2016 04 13 13 55 13.095 23.0944 94.8654 136 6
2016 04 16 23 58 31.030 0.3819 -79.9218 20.59 6
2016 04 20 8 33 41.863 0.639 -80.2104 14 6
2016 04 22 3 3 30.328 -0.2921 -80.5039 10 6
2016 04 27 12 51 17.347 14.5178 -93.0882 16 6
2016 05 18 7 56 50.608 0.4261 -79.7899 16 6
2016 05 18 16 46 35.008 0.4947 -79.616 29.95 6
2016 06 07 10 51 33.022 18.3637 -105.173 10 6
2016 06 10 3 25 12.926 12.8318 -86.9633 10 6
2016 06 26 11 17 10.902 39.4793 73.3388 13 6
2016 07 11 2 10 51.688 0.5812 -79.638 21 6
2016 07 25 17 26 46.153 -26.1049 -70.5074 72 6
2016 08 04 14 15 12.682 -22.3087 -66.0261 270 6
2016 08 24 10 34 40.459 20.9224 94.5687 82 6
2016 08 29 4 29 42.580 -0.0471 -17.8294 10 6
2016 09 10 10 8 19.324 -5.573 -76.9536 121 6
2016 11 20 20 57 42.046 -31.6428 -68.7645 115.79 6
2016 11 24 18 43 42.610 11.9597 -88.8355 10.34 6
2016 11 25 14 24 27.383 39.23 74.0208 17 6
2016 12 01 22 40 11.901 -15.2943 -70.8228 10 6
2016 12 08 14 49 46.095 40.4753 -126.153 12.08 6
2016 12 18 13 30 1.578 -9.9661 -70.9698 622.53 6
2017 01 08 23 47 7.324 74.3918 -92.4041 31 6
2017 02 18 12 10 11.904 -23.8613 -66.6592 222 6
2017 02 21 14 8 51.632 -19.2814 -63.9047 595.98 6
2017 03 29 4 9 18.506 56.938 162.787 15.52 6
2017 04 03 17 40 9.963 -22.6784 25.1558 29 6
2017 04 05 6 9 8.135 35.7999 60.4364 13 6
2017 04 15 8 19 40.876 -23.2706 -67.7655 155 6
2017 05 01 12 31 50.302 59.8298 -136.676 8 6
2017 05 01 14 18 4.447 59.8295 -136.704 2.53 6
2017 06 14 7 29 5.614 14.9823 -91.9882 94 6
2017 06 22 12 30 55.289 13.7527 -90.9488 46.82 6
2017 06 30 22 29 44.682 -0.2882 -80.4935 13 6
2017 07 18 2 5 7.661 -16.4206 -73.6296 44.92 6
2017 07 27 17 53 18.588 13.396 -49.3259 10 6
2017 08 08 13 19 45.839 33.1926 103.855 9 6
2017 08 08 23 27 47.818 44.3014 82.8268 20 6
2017 09 19 18 14 25.604 18.5678 -98.4808 51 6
2017 10 10 6 32 13.479 -18.5212 -69.6411 82.43 6
2017 10 10 18 53 16.888 -54.2584 8.6055 9 6
2017 11 11 0 36 5.771 -11.7424 -14.1142 10 6
2017 11 12 18 18 13.672 34.9052 45.9563 19 6
2017 11 13 2 28 9.543 9.5147 -84.4865 19.36 6
2017 11 17 22 34 16.357 29.8327 94.9776 8 6
2017 11 30 6 32 44.773 -1.0802 -23.4323 10 6
2017 12 01 2 32 42.548 30.7431 57.3138 9 6
2017 12 03 11 18 59.092 -0.4895 -80.3107 16 6
2017 12 12 21 41 19.258 30.8226 57.2861 8 6
2018 01 10 2 51 29.532 17.4743 -83.5193 10 6
2018 01 14 9 18 35.494 -15.7589 -74.7095 39 6
2018 01 21 1 6 35.541 -18.8524 -69.4564 116 6
2018 01 23 9 31 37.235 56.0464 -149.073 25 6
2018 01 25 2 10 20.932 55.5419 166.446 11.17 6
2018 01 28 16 2 52.528 -53.0623 9.6842 10 6
2018 01 31 7 6 59.980 36.5432 70.8155 191.19 6
2018 02 16 23 39 30.023 16.3887 -97.9789 25.98 6
2018 04 02 13 40 32.181 -20.6588 -63.0058 559 6
2018 05 09 10 41 43.864 36.9916 71.3833 116 6
2018 08 12 14 58 42.483 69.5619 -145.3 2.2 6
2018 08 12 21 15 1.813 69.5205 -144.36 1.7 6
2018 08 17 23 22 18.373 8.7694 -83.1531 15 6
2018 08 21 21 31 33.967 10.7791 -62.907 146.18 6
2018 08 22 9 31 43.594 43.6449 -127.603 10 6
2018 08 24 9 3 53.042 -11.0424 -70.8169 609.48 6
2018 08 25 22 13 18.454 34.6111 46.2422 10 6
2018 09 07 2 11 50.726 -2.3453 -78.8955 93.53 6
2018 10 22 5 39 31.294 49.2496 -129.478 10.96 6
2018 10 22 6 16 26.578 49.3468 -129.214 10 6
2018 11 01 22 19 42.108 -19.5882 -69.2923 102 6
2018 11 09 1 49 39.492 71.6264 -11.2502 10 6
2018 11 11 14 3 52.164 15.5653 -49.8719 10 6
2018 11 14 21 21 50.899 55.6324 162.001 50.21 6
2018 11 25 16 37 23.547 34.3464 45.7432 18 6
2018 11 30 17 29 28.349 61.3464 -149.955 46.7 6
2018 12 24 12 41 14.912 55.4171 164.435 10 6
2019 01 05 19 25 32.832 -8.1486 -71.5834 571.18 6
2019 01 20 1 32 51.334 -30.071 -71.4202 54.82 6
2019 01 22 19 1 40.928 -43.1219 42.3568 13 6
2019 02 22 10 17 13.104 -2.199 -77.0231 132.36 6
2019 03 01 8 50 34.427 -14.7016 -70.135 267 6
2019 03 15 5 3 38.205 -17.8744 -65.9072 359 6
2019 03 23 19 21 12.845 4.5629 -76.2231 122 6
2019 03 31 7 3 50.912 -1.944 -80.8089 18 6
2019 05 26 7 41 5.535 -5.8132 -75.2775 122.4 6
2019 05 30 9 3 16.126 13.1462 -89.3663 25 6
2019 06 25 9 5 35.790 56.208 164.184 10 6
2019 06 26 2 18 6.575 56.1779 164.11 10 6
2019 06 26 5 23 45.794 8.449 -82.7677 26.22 6
2019 08 29 15 7 45.366 43.5436 -127.876 4.74 6
2019 09 24 3 23 25.939 19.077 -67.2701 10 6
2019 12 03 8 46 32.890 -18.5597 -70.6504 32.44 6
2019 12 24 16 43 23.520 -26.9915 -63.3748 581.63 6
2019 12 24 19 3 38.781 3.5273 -74.0501 11 6
2019 12 25 3 35 57.881 50.6081 -129.966 6.38 6
2020 01 07 8 24 14.770 17.9161 -66.8125 10 6
2020 01 09 8 38 8.177 62.3408 171.06 10 6
2020 01 24 17 55 12.276 38.3898 39.0814 11.91 6
2015 07 03 1 7 42.294 37.4703 78.1205 19 6
2017 06 14 7 29 0.240 14.9823 -91.9882 94 6
2017 06 22 12 30 55.857 13.7527 -90.9488 46.82 6
2017 07 18 2 5 8.025 -16.4206 -73.6296 44.92 6
2017 08 08 13 19 44.385 33.1926 103.855 9 6
2017 08 18 2 59 18.414 -1.0907 -13.6631 10 6
2017 10 10 6 32 19.646 -18.5212 -69.6411 82.43 6
2017 11 11 0 36 13.771 -11.7424 -14.1142 10 6
2017 11 12 18 18 5.124 34.9052 45.9563 19 6
2017 11 17 22 34 12.761 29.8327 94.9776 8 6
2017 11 30 6 32 49.062 -1.0802 -23.4323 10 6
2017 12 01 2 32 33.299 30.7431 57.3138 9 6
2017 12 12 8 43 8.714 30.7196 57.2705 10 6
2017 12 12 21 41 28.383 30.8226 57.2861 8 6
2018 01 10 2 51 30.086 17.4743 -83.5193 10 6
2018 01 11 18 26 18.780 18.3629 96.0776 9 6
2018 01 21 1 6 26.065 -18.8524 -69.4564 116 6
2018 01 25 2 10 33.519 55.5419 166.446 11.17 6
2018 01 28 16 2 47.529 -53.0623 9.6842 10 6
2018 01 31 7 6 47.822 36.5432 70.8155 191.19 6
2018 02 16 23 39 34.636 16.3887 -97.9789 25.98 6
2018 04 02 13 40 25.348 -20.6588 -63.0058 559 6
2018 05 09 10 41 44.685 36.9916 71.3833 116 6
2018 08 12 14 58 44.815 69.5619 -145.3 2.2 6
2018 08 17 23 22 18.777 8.7694 -83.1531 15 6
2018 08 21 21 31 42.740 10.7791 -62.907 146.18 6
2018 08 22 9 31 38.186 43.6449 -127.603 10 6
2018 08 24 9 4 0.381 -11.0424 -70.8169 609.48 6
2018 08 25 22 13 19.376 34.6111 46.2422 10 6
2018 09 18 7 27 29.027 -37.811 49.782 10 6
2018 10 22 5 39 35.617 49.2496 -129.478 10.96 6
2018 10 22 6 16 21.225 49.3468 -129.214 10 6
2018 11 01 22 19 50.992 -19.5882 -69.2923 102 6
2018 11 09 1 49 39.285 71.6264 -11.2502 10 6
2018 11 11 14 3 47.937 15.5653 -49.8719 10 6
2018 11 30 17 29 24.746 61.3464 -149.955 46.7 6
2018 12 24 12 41 11.975 55.4171 164.435 10 6
2019 01 05 19 25 37.169 -8.1486 -71.5834 571.18 6
2019 01 20 1 32 38.358 -30.071 -71.4202 54.82 6
2019 01 22 19 1 40.965 -43.1219 42.3568 13 6
2019 03 01 8 50 26.452 -14.7016 -70.135 267 6
2019 03 15 5 3 38.811 -17.8744 -65.9072 359 6
2019 05 26 7 41 5.002 -5.8132 -75.2775 122.4 6
2019 05 30 9 3 18.011 13.1462 -89.3663 25 6
2019 06 25 9 5 27.721 56.208 164.184 10 6
2019 06 26 5 23 41.966 8.449 -82.7677 26.22 6
2019 08 29 15 7 43.833 43.5436 -127.876 4.74 6
2019 09 24 3 23 36.855 19.077 -67.2701 10 6
2019 09 24 21 19 41.072 -33.8146 56.2955 10 6
2019 10 23 16 7 57.070 -1.0987 -13.8367 10 6
2019 11 20 4 27 1.965 13.8855 -93.2133 14.16 6
2019 12 03 8 46 27.389 -18.5597 -70.6504 32.44 6
2019 12 20 11 39 47.071 36.545 70.4485 212 6
2019 12 24 16 43 25.908 -26.9915 -63.3748 581.63 6
2020 01 07 8 24 22.434 17.9161 -66.8125 10 6
2009 03 06 10 50 27.764 80.3143 -1.9637 14.2 6
2009 05 28 8 24 47.524 16.8078 -86.243 29 6
2009 05 28 8 24 54.306 20.28 -86.6 10 6
2009 08 10 19 55 31.527 14.0522 92.8685 30.7 6
2009 08 20 6 34 56.459 72.2089 0.9513 9.5 6
2009 10 29 17 44 29.094 36.3822 70.7684 213.9 6
2009 11 13 3 5 48.001 -19.469 -70.4181 36 6
2010 01 10 0 27 37.179 40.6654 -124.467 20.6 6
2010 01 12 21 53 5.906 18.3823 -72.588 15 6
2010 04 04 22 40 37.677 32.2764 -115.263 5.2 6
2010 04 13 23 49 27.758 33.1928 96.7466 13.8 6
2010 05 06 2 42 41.852 -18.0961 -70.5865 46.8 6
2010 05 24 16 18 22.397 -8.1152 -71.6412 582.1 6
2010 08 12 11 54 6.568 -1.2779 -77.3694 206.5 6
2011 01 01 9 56 57.023 -26.8513 -63.2373 584.3 6
2011 01 18 20 23 24.591 28.6831 63.9948 79.9 6
2011 02 04 13 53 37.520 24.6094 94.7347 86.5 6
2011 02 25 13 7 19.227 17.8214 -95.1708 130.6 6
2011 08 24 17 46 3.059 -7.6203 -74.538 149.3 6
2011 09 02 13 47 3.524 -28.4135 -63.136 592.7 6
2011 09 18 12 40 43.379 27.8039 88.1536 29.6 6
2011 10 23 10 41 20.901 38.7294 43.4465 7.6 6
2011 10 28 18 54 33.606 -14.5572 -76.1207 29 6
2011 11 07 22 35 22.223 11.6918 -85.7838 177.2 6
2011 11 22 18 48 14.263 -15.3083 -65.1634 560.3 6
2012 01 30 5 10 53.530 -14.2139 -75.6584 34.2 6
2012 02 26 6 17 14.608 51.8008 95.9804 13 6
2012 03 05 7 46 7.486 -28.2579 -63.2916 551.9 6
2012 03 20 18 2 47.187 16.4734 -98.3694 19.4 6
2012 04 11 22 55 10.243 18.2042 -102.876 27.6 6
2012 05 14 10 0 32.890 -17.7968 -69.7926 108.7 6
2012 05 28 5 7 18.838 -28.021 -63.1134 591.1 6
2012 06 02 7 52 48.520 -22.1017 -63.6574 539.4 6
2012 06 04 3 15 21.206 5.4503 -82.5631 9.5 6
2012 08 11 12 23 15.539 38.4023 46.838 8.7 6
2012 08 11 12 34 34.346 38.3798 46.7958 18.9 6
2012 09 30 16 31 27.917 1.9079 -76.3716 155.2 6
2012 11 10 14 57 43.432 -8.9367 -75.0884 128.6 6
2013 01 28 16 38 52.950 42.5824 79.7217 14.3 6
2013 01 30 20 15 42.584 -28.1096 -70.8883 46.1 6
2013 02 09 14 15 59.415 1.0345 -77.462 144.2 6
2013 02 14 13 13 45.061 67.5173 142.702 8.9 6
2013 04 16 10 44 11.461 27.9704 62.136 63.1 6
2013 05 24 5 44 44.791 54.815 153.391 607 6
2013 06 24 22 4 9.396 10.6905 -42.6687 17.5 6
2013 07 21 23 45 48.466 34.5047 104.261 5.1 6
2013 09 05 4 1 32.476 15.2518 -45.2139 10.4 6
2013 09 24 11 29 40.448 26.9109 65.5315 15.5 6
2013 09 25 16 42 40.395 -15.9001 -74.6012 38.2 6
2014 01 13 4 1 4.422 18.9922 -66.8685 30.9 6
2014 02 18 9 27 8.580 14.596 -58.9719 28.3 6
2014 03 15 8 59 13.487 -14.1014 -76.352 10 6
2014 03 16 21 16 25.673 -19.9051 -70.6156 9.4 6
2014 04 15 3 56 59.398 -53.609 8.7098 10 6
2014 04 18 14 27 18.059 17.3211 -100.994 24.4 6
2014 04 24 3 10 3.112 49.6483 -127.652 9.8 6
2014 05 08 17 0 10.734 17.1486 -100.811 24.9 6
2014 05 10 7 35 57.949 17.0579 -100.932 23.3 6
2014 07 07 11 23 52.874 14.724 -92.4614 53 6
2014 09 25 17 51 15.993 61.9863 -151.916 106.9 6
2014 12 06 17 21 48.086 7.9824 -82.7339 15 6
2014 12 08 8 54 46.587 7.9401 -82.6865 20 6
2015 02 11 18 57 12.148 -23.0653 -66.6621 203.6 6
2015 03 23 4 51 33.644 -18.3544 -69.1883 127.1 6
2015 04 25 6 11 17.743 28.1302 84.7168 13.4 6
2015 04 25 6 45 18.611 28.1603 84.8433 14.7 6
2015 05 12 7 5 17.931 27.8014 86.126 12.3 6
2015 05 24 4 53 12.883 -16.8146 -14.2615 11.7 6
2015 05 29 7 0 5.212 56.7079 -156.676 64.6 6
2015 07 29 2 35 54.208 59.9722 -153.325 121.2 6
2015 10 26 9 9 41.257 36.5244 70.3676 231 6
2015 11 24 22 45 36.306 -10.5372 -70.9437 606.21 6
2015 11 24 22 50 53.916 -10.0598 -71.0184 620.56 6
2015 11 26 5 45 11.404 -9.1825 -71.2574 602.75 6
2015 11 27 21 0 19.682 -24.828 -70.6009 34 6
2016 01 03 23 5 14.184 24.83 93.66 55 6
2016 01 03 23 5 14.138 24.8036 93.6505 55 6
2016 01 14 3 25 17.289 -19.7597 -63.3288 582.56 6
2016 04 10 10 28 51.561 36.4725 71.1311 212 6
2016 04 13 13 55 12.165 23.0944 94.8654 136 6
2016 04 16 23 58 33.445 0.3819 -79.9218 20.59 6
2016 05 18 7 56 55.693 0.4261 -79.7899 16 6
2016 05 18 16 46 40.214 0.4947 -79.616 29.95 6
2016 11 24 18 43 41.704 11.9597 -88.8355 10.34 6
2017 02 21 14 9 3.701 -19.2814 -63.9047 595.98 6
2017 03 29 4 9 17.511 56.938 162.787 15.52 6
2017 04 03 17 40 14.629 -22.6784 25.1558 29 6
2017 05 01 12 31 53.832 59.8298 -136.676 8 6
2017 05 01 14 18 6.780 59.8295 -136.704 2.53 6
2017 06 14 7 28 54.982 14.9823 -91.9882 94 6
2017 07 18 2 5 12.357 -16.4206 -73.6296 44.92 6
2017 09 19 18 14 38.222 18.5678 -98.4808 51 6
2017 11 12 18 18 6.373 34.9052 45.9563 19 6
2017 11 13 2 28 17.000 9.5147 -84.4865 19.36 6
2017 11 17 22 34 14.070 29.8327 94.9776 8 6
2017 11 30 6 32 49.557 -1.0802 -23.4323 10 6
2017 12 01 2 32 36.187 30.7431 57.3138 9 6
2018 01 14 9 18 34.314 -15.7589 -74.7095 39 6
2018 01 21 1 6 37.420 -18.8524 -69.4564 116 6
2018 02 16 23 39 29.109 16.3887 -97.9789 25.98 6
2018 04 02 13 40 29.327 -20.6588 -63.0058 559 6
2018 08 17 23 22 21.127 8.7694 -83.1531 15 6
2018 08 21 21 31 37.520 10.7791 -62.907 146.18 6
2018 08 24 9 3 59.603 -11.0424 -70.8169 609.48 6
2018 08 25 22 13 14.547 34.6111 46.2422 10 6
2018 09 07 2 11 51.145 -2.3453 -78.8955 93.53 6
2018 11 11 14 3 55.068 15.5653 -49.8719 10 6
2018 11 30 17 29 22.138 61.3464 -149.955 46.7 6
2019 02 22 10 17 20.152 -2.199 -77.0231 132.36 6
2019 03 01 8 50 41.080 -14.7016 -70.135 267 6
2019 06 26 2 18 6.811 56.1779 164.11 10 6
2019 09 24 3 23 26.603 19.077 -67.2701 10 6
2019 11 20 4 26 57.989 13.8855 -93.2133 14.16 6
2020 01 24 17 55 11.254 38.3898 39.0814 11.91 6
