1999 08 17 0 1 22.941 40.756 29.955 17 6
1998 03 29 7 14 51.398 -0.0504 -17.9662 10 6
1999 10 18 2 43 20.302 -56.194 -26.61 25.1 6
1998 05 30 6 22 17.780 37.1533 70.1183 30.4 6
1998 08 29 8 30 19.299 -55.7478 -27.0644 33 6
1998 10 08 4 51 36.422 -16.0485 -71.3472 111.6 6
1998 09 03 17 37 56.047 -29.3682 -71.6196 12 6
1998 06 27 13 55 51.925 36.8451 35.325 46.6 6
1998 06 27 13 55 37.882 36.8451 35.325 46.6 6
1999 01 24 8 0 4.440 -26.45 74.497 10 6
1999 11 11 18 5 38.625 1.246 100.214 214.6 6
1999 10 18 2 43 20.438 -56.194 -26.61 25.1 6
1998 03 29 7 14 54.302 -0.0504 -17.9662 10 6
