2013 11 25 06 27 34.680 -53.971 -54.964 10 6
2014 07 14 07 59 57.290 5.714 126.477 20 6
2014 08 06 11 45 28.700 -7.13 127.92 19.5 6
2014 07 27 01 28 41.400 23.86 -45.59 13.7 6
2014 03 13 17 06 51.00 33.622 131.807 83.4 6
2014 08 06 11 45 22.680 -7.274 128.036 10 6
2014 06 14 11 11 03.260 -10.113 91.038 23.1 6
2013 07 02 07 37 05.90 4.69 96.582 25.4 6
2013 07 06 05 05 06.960 -3.294 100.531 26.1 6
2013 07 15 14 03 41.730 -61.052 -25.227 19.9 6
2013 07 21 23 45 55.920 34.504 104.26 5.1 6
2013 07 22 07 01 41.750 -46.094 34.861 3.2 6
2013 07 26 21 33 00.60 -58.035 -24.28 17 6
2013 08 12 00 53 44.440 -7.116 129.791 104.8 6
2013 08 17 16 32 31.830 -34.886 54.127 10.9 6
2013 10 24 19 25 10.300 -58.259 -12.802 10 6
2014 05 05 11 08 45.650 19.615 99.703 15.2 6
2014 11 03 08 48 29.700 -41.824 80.043 7.4 6
2013 03 19 03 29 02.700 -58.981 -24.569 52 6
2013 03 27 02 03 19.940 23.881 121.135 18.6 6
2013 04 05 13 00 02.360 42.735 131.064 571.3 6
2013 04 09 11 52 50.190 28.446 51.629 12.8 6
2013 04 16 10 44 19.30 27.97 62.136 63.1 6
2013 04 20 00 02 47.980 30.268 103.02 18 6
2013 04 20 04 51 12.270 -6.278 130.223 113.9 6
2013 05 11 02 08 11.290 26.658 57.843 15.1 6
2013 06 02 05 43 03.800 23.831 121.059 17 6
2013 06 13 16 47 25.800 -9.951 107.302 20.6 6
2013 06 15 16 11 02.90 34.45 25.044 21.5 6
2013 06 16 21 39 06.600 34.424 25.186 25 6
2013 06 24 22 04 14.180 10.69 -42.668 17.5 6
2014 01 25 05 14 20.520 -8.044 109.222 87.8 6
2014 01 26 13 55 43.330 38.191 20.507 13.8 6
2014 02 01 03 58 45.70 -56.933 -27.345 142.9 6
2014 02 03 03 08 46.330 38.255 20.436 14.5 6
2014 02 12 09 19 48.420 35.876 82.58 4.1 6
2014 02 18 09 27 14.830 14.596 -58.971 28.3 6
2014 03 02 20 11 22.710 27.423 127.327 118.9 6
2014 03 11 02 44 06.280 -60.843 -20.118 10 6
2014 03 21 13 41 09.860 7.68 94.225 19.3 6
2014 04 15 03 57 01.840 -53.609 8.709 10 6
2014 05 15 10 16 44.180 9.349 122.035 30.1 6
2014 05 18 01 02 31.860 4.24 92.737 32.9 6
2014 05 21 16 21 54.220 18.24 88.064 45.1 6
2014 05 24 09 25 03.190 40.276 25.369 8.2 6
2014 06 29 07 52 56.840 -55.475 -28.395 15.1 6
2014 06 29 14 32 49.770 -55.418 -28.224 11.9 6
2014 07 05 09 39 27.790 1.933 96.938 20 6
2014 08 03 08 30 14.300 27.217 103.458 28 6
2014 08 18 02 32 04.100 32.711 47.638 10 6
2014 08 18 18 08 22.750 32.582 47.703 5 6
2014 09 10 02 46 08.190 -0.224 125.026 39.9 6
2014 10 07 13 49 41.780 23.343 100.5 12.8 6
2014 11 15 02 31 42.240 1.834 126.462 47.8 6
2014 11 17 16 52 47.640 -46.407 33.701 12.2 6
2014 11 21 10 10 20.780 2.27 127.03 45.2 6
2014 11 22 08 55 26.490 30.314 101.803 2 6
2014 11 26 14 33 45.180 1.964 126.465 47.7 6
2014 12 02 05 11 31.00 6.157 123.126 614 6
2014 12 06 22 05 10.730 -6.11 130.482 116 6
2013 01 21 22 22 54.780 4.962 95.921 24.6 6
2013 01 28 16 38 53.840 42.582 79.721 14.3 6
2013 02 14 13 13 52.720 67.517 142.701 8.9 6
2013 02 16 04 37 37.320 5.778 125.779 116.4 6
2013 02 22 12 01 58.670 -27.905 -63.134 585.6 6
2013 09 01 11 52 32.120 -7.539 128.256 135.2 6
2013 09 05 04 01 36.70 15.251 -45.213 10.4 6
2013 09 06 11 33 54.790 20.186 122.333 189.4 6
2013 09 21 01 39 15.480 -7.267 119.95 550.1 6
2013 09 24 11 29 48.230 26.91 65.531 15.5 6
2013 09 28 07 34 07.460 27.161 65.619 18.7 6
2013 10 04 17 26 14.250 -38.707 78.5 11 6
2013 10 12 13 11 53.650 35.527 23.371 46.9 6
2013 10 15 00 12 33.250 9.833 124.123 23.2 6
2013 10 31 12 02 09.350 23.543 121.458 14.8 6
2013 11 03 11 03 40.460 4.641 123.4 556.8 6
2013 11 13 23 45 48.200 -60.309 -47.287 10 6
2013 11 16 03 34 34.790 -60.307 -47.199 24 6
2013 11 17 09 04 56.260 -60.378 -46.587 7.9 6
2013 11 19 13 32 53.410 2.715 128.447 56.1 6
2013 12 01 01 24 15.720 -7.028 128.415 25.9 6
2013 12 01 06 29 58.320 2.017 96.848 21.6 6
