2012 05 28 05 07 23.520 -28.021 -63.113 591.1 6
2012 06 02 07 52 54.600 -22.101 -63.657 539.4 6
2012 06 07 04 05 04.70 -36.051 -70.854 5.8 6
2012 06 07 16 03 18.520 -15.911 -72.472 106.7 6
2012 06 10 12 44 16.360 36.384 28.967 32.0 6
2012 06 23 04 34 53.600 3.002 97.911 101.9 6
2012 06 29 21 07 32.950 43.433 84.612 17.1 6
2012 07 25 00 27 45.820 2.625 96.11 28.6 6
2012 07 26 05 33 33.860 -17.55 66.29 16.2 6
2012 08 11 12 23 17.670 38.402 46.838 8.7 6
2012 08 11 12 34 36.600 38.379 46.795 18.9 6
2012 08 12 10 47 07.390 35.652 82.541 14.0 6
2012 08 18 09 41 55.160 -1.351 120.127 27.9 6
2012 08 26 15 05 37.160 2.198 126.869 90.9 6
2012 08 30 13 43 25.300 71.446 -11.034 11.1 6
2012 09 03 18 23 08.350 -10.677 113.964 34.8 6
2012 09 14 04 51 48.60 -3.3 100.67 23.3 6
2012 10 09 12 32 08.820 -60.641 153.933 12.1 6
2012 10 17 04 42 31.60 4.179 124.561 338.4 6
2012 11 11 01 12 39.150 22.89 95.848 14.2 6
2012 11 13 04 31 30.980 -45.669 -77.084 35.0 6
2012 11 14 19 02 05.690 -29.178 -71.386 61.5 6
2012 12 11 06 18 28.980 0.56 126.223 43.8 6
2012 12 17 09 16 31.250 -0.693 123.883 46.4 6
