2011 08 22 20 12 21.270 -6.356 104.004 33.4 6
2011 08 30 06 57 41.540 -6.359 126.75 467.2 6
2011 09 02 13 47 10.700 -28.413 -63.136 592.7 6
2011 09 03 04 48 58.780 -56.561 -26.923 96.3 6
2011 09 05 17 55 12.930 3.025 97.999 106.6 6
2011 09 18 12 40 49.580 27.803 88.153 29.6 6
2011 10 13 03 16 32.90 -9.363 114.555 63.2 6
2011 10 23 10 41 22.10 38.729 43.446 7.6 6
2011 10 23 20 45 37.20 38.589 43.116 10.1 6
2011 11 08 02 59 08.670 27.25 125.723 228.2 6
2011 11 14 04 05 12.500 -0.953 126.879 24.4 6
2011 11 22 18 48 16.290 -15.308 -65.163 560.3 6
2011 11 30 00 27 08.880 15.429 119.098 21.1 6
2011 12 07 22 23 07.780 -27.932 -71.134 13.8 6
2011 12 11 09 54 56.480 -56.049 -28.213 130.6 6
2011 12 13 07 52 12.30 0.047 123.063 167.4 6
2011 12 14 05 04 57.810 -7.527 146.814 128.5 6
2011 12 27 15 21 57.570 51.834 95.964 12.8 6
2012 01 01 05 27 55.800 31.468 138.183 359.7 6
2012 01 10 18 37 00.190 2.43 93.208 20.9 6
2012 01 15 13 40 21.400 -60.701 -55.857 17.3 6
2012 01 15 14 21 34.410 -60.868 -56.033 23.0 6
2012 02 06 03 49 13.920 9.919 123.216 17.5 6
2012 02 06 10 10 19.820 9.899 123.174 12.6 6
2012 02 26 06 17 19.920 51.8 95.98 13.0 6
2012 03 05 07 46 09.330 -28.257 -63.291 551.9 6
2012 03 20 17 56 19.60 -3.833 140.263 69.2 6
2012 03 21 22 15 05.590 -6.223 146.008 117.7 6
2012 03 25 22 37 06.560 -35.203 -72.126 28.2 6
2012 04 11 08 38 37.800 2.237 93.014 26.3 6
2012 04 11 09 27 57.30 1.218 91.714 10.0 6
2012 04 11 10 43 10.530 0.767 92.428 21.6 6
2012 04 14 10 56 18.310 -57.575 -65.372 8.4 6
2012 04 15 05 57 40.120 2.581 90.335 25.0 6
2012 04 17 03 50 15.280 -32.637 -71.564 29.7 6
2012 04 17 07 13 49.880 -5.533 147.125 208.2 6
2012 04 17 19 03 57.120 -59.187 -16.807 13.6 6
2012 04 21 01 16 53.670 -1.694 134.322 24.4 6
2012 05 14 10 00 39.800 -17.796 -69.792 108.7 6
2012 05 20 02 03 53.990 44.873 11.222 17.7 6
2012 05 23 22 59 54.180 -50.492 139.591 19.1 6
2012 05 28 05 07 23.520 -28.021 -63.113 591.1 6
2012 06 02 07 52 54.600 -22.101 -63.657 539.4 6
2012 06 07 04 05 04.70 -36.051 -70.854 5.8 6
2012 06 10 12 44 16.360 36.384 28.967 32.0 6
2012 06 16 22 18 49.330 15.542 119.603 44.9 6
2012 06 23 04 34 53.600 3.002 97.911 101.9 6
2012 06 29 21 07 32.950 43.433 84.612 17.1 6
2012 07 25 00 27 45.820 2.625 96.11 28.6 6
2012 07 26 05 33 33.860 -17.55 66.29 16.2 6
2012 08 11 12 23 17.670 38.402 46.838 8.7 6
2012 08 11 12 34 36.600 38.379 46.795 18.9 6
2012 08 12 10 47 07.390 35.652 82.541 14.0 6
2012 08 18 09 41 55.160 -1.351 120.127 27.9 6
2012 08 19 22 41 50.220 -4.848 144.646 80.2 6
2012 08 26 15 05 37.160 2.198 126.869 90.9 6
2012 08 30 13 43 25.300 71.446 -11.034 11.1 6
2012 08 31 12 47 35.540 10.81 126.826 44.4 6
2012 09 03 18 23 08.350 -10.677 113.964 34.8 6
2012 09 08 10 51 45.590 -3.218 135.097 32.3 6
2012 09 14 04 51 48.60 -3.3 100.67 23.3 6
2012 10 08 11 43 34.100 -4.541 129.234 29.6 6
2012 10 09 12 32 08.820 -60.641 153.933 12.1 6
2012 10 12 00 31 31.370 -4.885 134.082 34.6 6
2012 10 17 04 42 31.60 4.179 124.561 338.4 6
2012 11 02 18 17 34.680 9.235 126.281 55.5 6
2012 11 11 01 12 39.150 22.89 95.848 14.2 6
2012 11 14 19 02 05.690 -29.178 -71.386 61.5 6
2012 12 10 16 53 09.490 -6.496 129.868 161.5 6
2012 12 11 06 18 28.980 0.56 126.223 43.8 6
2012 12 17 09 16 31.250 -0.693 123.883 46.4 6
2013 01 21 22 22 54.780 4.962 95.921 24.6 6
2013 01 28 16 38 53.840 42.582 79.721 14.3 6
2013 01 30 20 15 43.390 -28.109 -70.888 46.1 6
2013 02 16 04 37 37.320 5.778 125.779 116.4 6
2013 02 22 12 01 58.670 -27.905 -63.134 585.6 6
2013 03 19 03 29 02.700 -58.981 -24.569 52.0 6
2013 03 27 02 03 19.940 23.881 121.135 18.6 6
2013 04 05 13 00 02.360 42.735 131.064 571.3 6
2013 04 06 04 42 36.190 -3.471 138.474 69.4 6
2013 04 09 11 52 50.190 28.446 51.629 12.8 6
2013 04 16 10 44 19.30 27.97 62.136 63.1 6
2013 04 16 22 55 27.360 -3.223 142.567 16.3 6
2013 04 20 00 02 47.980 30.268 103.02 18.0 6
2013 04 20 04 51 12.270 -6.278 130.223 113.9 6
2013 04 21 03 22 16.920 29.964 138.974 431.3 6
2013 05 11 02 08 11.290 26.658 57.843 15.1 6
2013 06 02 05 43 03.800 23.831 121.059 17.0 6
2013 06 13 16 47 25.800 -9.951 107.302 20.6 6
2013 06 15 16 11 02.90 34.45 25.044 21.5 6
2013 06 16 21 39 06.600 34.424 25.186 25.0 6
2013 06 24 22 04 14.180 10.69 -42.668 17.5 6
2013 07 02 07 37 05.90 4.69 96.582 25.4 6
2013 07 06 05 05 06.960 -3.294 100.531 26.1 6
2013 07 07 20 30 07.380 -6.036 149.726 65.9 6
2013 07 15 14 03 41.730 -61.052 -25.227 19.9 6
2013 07 17 02 37 43.740 -15.666 -71.745 13.0 6
2013 07 21 23 45 55.920 34.504 104.26 5.1 6
2013 07 22 07 01 41.750 -46.094 34.861 3.2 6
2013 07 26 21 33 00.60 -58.035 -24.28 17.0 6
2013 08 12 00 53 44.440 -7.116 129.791 104.8 6
2013 09 01 11 52 32.120 -7.539 128.256 135.2 6
2013 09 05 04 01 36.70 15.251 -45.213 10.4 6
2013 09 06 11 33 54.790 20.186 122.333 189.4 6
