2017 02 07 22 03 55.700 25.201 63.257 24.05 6
2017 03 14 02 51 16.850 6.129 92.316 10.0 6
2017 04 05 06 09 12.460 35.799 60.436 13.0 6
2017 04 28 20 23 17.260 5.504 125.071 26.0 6
2017 05 03 04 47 13.190 39.499 71.451 10.0 6
2017 05 10 23 23 37.270 -56.427 -25.782 17.39 6
2017 05 20 01 06 14.230 9.384 123.958 533.0 6
2017 05 29 14 35 21.510 -1.287 120.433 12.0 6
2017 06 12 12 28 39.70 38.915 26.371 12.0 6
2017 07 06 08 03 57.220 11.111 124.619 6.96 6
2017 07 19 12 16 23.560 -17.415 66.483 10.0 6
2017 07 20 22 31 11.240 36.924 27.413 7.0 6
2017 07 27 17 53 24.610 13.396 -49.325 10.0 6
2017 08 08 13 19 49.540 33.192 103.855 9.0 6
2017 08 08 23 27 53.80 44.301 82.826 20.0 6
2017 08 11 05 28 25.720 13.998 120.678 172.0 6
2017 08 13 03 08 10.560 -3.768 101.622 31.0 6
2017 08 18 02 59 21.950 -1.09 -13.663 10.0 6
2017 08 31 17 06 55.750 -1.159 99.688 43.14 6
2017 09 04 08 07 35.380 -57.788 -25.578 35.0 6
2017 10 10 18 53 27.840 -54.258 8.605 9.0 6
2017 10 24 10 47 47.540 -7.236 123.04 549.19 6
2017 11 11 00 36 14.980 -11.742 -14.114 10.0 6
2017 11 12 18 18 17.290 34.905 45.956 19.0 6
2017 11 17 22 34 19.500 29.832 94.977 8.0 6
2017 11 30 06 32 50.760 -1.08 -23.432 10.0 6
2017 12 01 02 32 46.10 30.743 57.313 9.0 6
2017 12 12 08 43 17.950 30.719 57.27 10.0 6
2017 12 12 21 41 31.160 30.822 57.286 8.0 6
2017 12 13 18 03 42.790 -54.217 2.168 10.0 6
2017 12 15 16 47 58.230 -7.492 108.174 90.0 6
2018 01 11 18 26 24.230 18.362 96.077 9.0 6
2018 01 23 06 34 54.240 -7.195 105.918 43.91 6
2018 01 28 16 03 03.970 -53.062 9.684 10.0 6
2018 01 31 07 07 00.230 36.543 70.815 191.19 6
2018 02 04 13 56 41.950 24.157 121.707 12.0 6
2018 02 06 15 50 43.300 24.135 121.658 17.0 6
2018 03 24 19 58 33.380 -45.778 96.069 10.0 6
2018 04 19 21 09 17.00 -42.779 42.187 10.0 6
2018 05 05 06 19 05.40 14.57 123.919 18.0 6
2018 05 09 10 41 45.920 36.991 71.383 116.0 6
2018 07 28 17 07 23.370 -7.122 122.747 577.48 6
2018 07 28 22 47 38.740 -8.239 116.508 14.0 6
2018 08 05 11 46 38.190 -8.259 116.436 31.0 6
2018 08 14 03 29 53.440 -58.11 -25.258 35.0 6
2018 08 17 15 35 01.870 -7.426 119.834 529.0 6
2018 08 19 04 10 23.490 -8.329 116.598 21.41 6
2018 08 19 14 56 28.30 -8.33 116.631 25.21 6
2018 08 25 22 13 25.620 34.611 46.242 10.0 6
2018 08 28 07 08 11.270 -10.885 124.118 14.0 6
2018 09 18 07 27 41.330 -37.811 49.782 10.0 6
2018 09 28 06 59 59.780 -0.399 119.77 5.19 6
2018 09 28 10 02 43.480 -0.178 119.84 10.0 6
2018 10 01 23 59 42.730 -10.557 120.241 29.0 6
2018 10 10 18 44 55.280 -7.453 114.455 9.0 6
2018 10 25 22 54 52.590 37.514 20.563 14.0 6
2018 11 04 07 55 28.10 7.751 123.864 581.0 6
2018 11 09 01 49 40.60 71.626 -11.25 10.0 6
2018 11 11 14 03 59.560 15.565 -49.871 10.0 6
2018 11 15 20 02 22.920 -56.706 -25.546 15.0 6
2018 11 25 16 37 32.710 34.346 45.743 18.0 6
