2019 02 02 09 27 36.30 -2.845 100.076 20.0 6
2019 02 02 10 59 30.300 -2.883 100.132 18.0 6
2019 02 14 19 57 05.20 35.421 -36.078 10.0 6
2019 03 08 15 06 12.620 10.384 126.006 30.0 6
2019 03 24 04 37 35.909 1.661 126.38 45.0 6
2019 04 01 18 39 05.857 -18.205 65.365 10.0 6
2019 04 05 16 14 16.754 -55.92 -27.856 58.6 6
2019 04 06 21 55 01.624 -6.849 125.014 539.0 6
2019 04 09 17 53 59.96 -58.606 -25.255 44.83 6
2019 04 12 11 40 49.886 -1.851 122.552 17.48 6
2019 04 18 05 01 06.418 23.988 121.693 20.0 6
2019 04 22 09 11 11.745 14.923 120.497 20.0 6
2019 04 22 14 49 05.376 -56.263 -27.35 79.0 6
2019 04 23 05 37 52.979 11.845 125.186 54.0 6
2019 05 31 10 12 32.135 6.264 126.551 90.21 6
2019 07 07 15 08 40.525 0.512 126.189 35.0 6
2019 07 13 00 57 44.339 29.353 128.153 251.0 6
2019 07 14 05 39 23.427 -18.223 120.357 10.0 6
2019 07 26 23 37 58.639 20.843 121.975 10.0 6
2019 08 02 12 03 27.483 -7.266 104.824 52.76 6
2019 08 27 23 55 19.187 -60.215 -26.58 16.0 6
2019 09 19 07 06 33.291 -6.07 111.842 610.0 6
2019 09 24 21 19 47.455 -33.814 56.295 10.0 6
2019 09 29 02 02 51.935 5.692 126.549 73.0 6
2019 10 16 11 37 05.805 6.713 125.001 12.76 6
2019 10 23 16 08 14.497 -1.098 -13.836 10.0 6
2019 10 29 01 04 43.863 6.758 124.995 14.95 6
2019 10 31 01 11 19.122 6.907 125.183 10.0 6
2019 11 02 18 08 41.79 -55.665 -26.233 8.0 6
2019 11 14 16 17 40.582 1.619 126.414 33.0 6
2019 11 14 21 12 54.750 1.567 126.413 23.0 6
2019 11 20 23 50 43.955 19.453 101.355 10.0 6
2019 11 26 02 54 12.620 41.514 19.521 20.0 6
2019 11 27 07 23 42.552 35.727 23.267 71.76 6
2019 12 15 06 11 51.155 6.696 125.173 18.0 6
2019 12 20 11 39 52.899 36.545 70.448 212.0 6
