2016 02 12 10 02 24.055 -9.6338 119.401 0.028 6
2016 02 17 17 26 02.323 0.8451 129.073 0.01 6
2016 03 02 12 49 48.125 -4.9521 94.3299 0.024 6
2016 04 06 14 45 29.625 -8.2036 107.386 0.029 6
2016 04 13 13 55 17.805 23.0944 94.8654 0.136 6
2016 04 13 18 21 52.74 7.7917 122.023 0.017 6
2016 04 14 12 26 35.74 32.788 130.704 0.009 6
2016 04 14 15 03 47.255 32.6973 130.72 0.008 6
2016 04 15 16 25 06.226 32.7906 130.754 0.01 6
2016 04 19 05 25 39.943 -55.7283 -27.2307 0.014 6
2016 05 28 09 46 59.799 -56.2409 -26.9353 0.078 6
2016 06 01 22 56 00.814 -2.0967 100.665 0.05 6
2016 06 07 19 15 15.334 1.2789 126.371 0.031 6
2016 06 09 04 13 08.131 -11.2487 116.267 0.019 6
2016 06 21 16 26 34.428 22.6582 -45.1402 0.01 6
2016 06 26 11 17 11.296 39.4793 73.3388 0.013 6
2016 08 19 07 32 22.741 -55.2793 -31.874 0.01 6
2016 08 21 03 45 23.742 -55.2775 -31.7546 0.01 6
2016 08 24 01 36 32.871 42.723 13.1877 0.00444000005722 6
2016 08 24 10 34 54.583 20.9224 94.5687 0.082 6
2016 08 29 04 29 57.889 -0.0471 -17.8294 0.01 6
2016 09 23 22 53 10.419 6.5717 126.492 0.065 6
2016 10 26 19 18 08.335 42.9343 13.0434 0.01 6
2016 10 30 06 40 19.213 42.8547 13.0884 0.01 6
2016 11 25 14 24 30.602 39.23 74.0208 0.017 6
2016 12 06 22 03 33.402 5.2834 96.1678 0.013 6
2016 12 29 22 30 19.313 -9.0279 118.664 0.079 6
2017 02 10 14 03 43.926 9.9071 125.452 0.015 6
2017 03 14 02 51 16.852 6.1292 92.3167 0.01 6
2017 04 03 17 40 18.565 -22.6784 25.1558 0.029 6
2017 04 05 06 09 12.464 35.7999 60.4364 0.013 6
2017 04 28 20 23 17.263 5.5046 125.072 0.026 6
2017 05 03 04 47 13.197 39.4996 71.4519 0.01 6
2017 05 09 01 54 14.54 24.4494 126.318 0.01 6
2017 05 10 23 23 37.279 -56.4277 -25.7827 0.0173899993896 6
2017 05 29 14 35 21.522 -1.2872 120.434 0.012 6
2017 06 12 12 28 39.071 38.9154 26.3713 0.012 6
2017 07 06 08 03 57.229 11.1111 124.619 0.00696000003815 6
2017 07 19 12 16 23.565 -17.4154 66.4836 0.01 6
2017 07 20 22 31 11.241 36.9249 27.4135 0.007 6
2017 07 26 10 32 57.446 26.8975 130.184 0.012 6
2017 07 27 17 53 24.61 13.396 -49.3259 0.01 6
2017 08 08 13 19 49.545 33.1926 103.855 0.009 6
2017 08 08 23 27 53.086 44.3014 82.8268 0.02 6
2017 08 13 03 08 10.575 -3.7682 101.623 0.031 6
2017 08 18 02 59 21.963 -1.0907 -13.6631 0.01 6
2017 08 31 17 06 55.769 -1.159 99.6881 0.0431399993896 6
2017 09 03 03 30 01.777 41.3343 129.031 0.0 6
2017 09 04 08 07 35.391 -57.7886 -25.5783 0.035 6
