2012 04 17 03 50 15.280 -32.637 -71.564 29.7 6
2012 05 14 10 00 39.800 -17.796 -69.792 108.7 6
2012 05 20 02 03 53.990 44.873 11.222 17.7 6
2012 06 07 04 05 04.70 -36.051 -70.854 5.8 6
2013 01 30 20 15 43.390 -28.109 -70.888 46.1 6
2013 03 19 03 29 02.700 -58.981 -24.569 52 6
2012 11 14 19 02 05.690 -29.178 -71.386 61.5 6
2012 03 25 22 37 06.560 -35.203 -72.126 28.2 6
2012 04 11 08 38 37.800 2.237 93.014 26.3 6
2012 04 11 09 27 57.30 1.218 91.714 10 6
2012 04 11 10 43 10.530 0.767 92.428 21.6 6
2012 04 14 10 56 18.310 -57.575 -65.372 8.4 6
2012 04 15 05 57 40.120 2.581 90.335 25 6
2012 04 17 19 03 57.120 -59.187 -16.807 13.6 6
2012 05 24 22 47 46.470 73.027 5.505 8.2 6
2012 05 28 05 07 23.520 -28.021 -63.113 591.1 6
2012 06 02 07 52 54.600 -22.101 -63.657 539.4 6
2012 06 10 12 44 16.360 36.384 28.967 32 6
2012 06 16 22 18 49.330 15.542 119.603 44.9 6
2012 06 23 04 34 53.600 3.002 97.911 101.9 6
2012 06 29 21 07 32.950 43.433 84.612 17.1 6
2012 07 25 00 27 45.820 2.625 96.11 28.6 6
2012 07 26 05 33 33.860 -17.55 66.29 16.2 6
2012 08 11 12 23 17.670 38.402 46.838 8.7 6
2012 08 11 12 34 36.600 38.379 46.795 18.9 6
2012 08 12 10 47 07.390 35.652 82.541 14 6
2012 08 18 09 41 55.160 -1.351 120.127 27.9 6
2012 08 26 15 05 37.160 2.198 126.869 90.9 6
2012 08 30 13 43 25.300 71.446 -11.034 11.1 6
2012 08 31 12 47 35.540 10.81 126.826 44.4 6
2012 09 03 18 23 08.350 -10.677 113.964 34.8 6
2012 09 14 04 51 48.60 -3.3 100.67 23.3 6
2012 11 02 18 17 34.680 9.235 126.281 55.5 6
2012 11 11 01 12 39.150 22.89 95.848 14.2 6
2012 12 17 09 16 31.250 -0.693 123.883 46.4 6
2013 01 21 22 22 54.780 4.962 95.921 24.6 6
2013 01 28 16 38 53.840 42.582 79.721 14.3 6
2013 02 22 12 01 58.670 -27.905 -63.134 585.6 6
