1999 06 15 20 42 05.410 18.369 -97.444 63.9 6
1999 06 21 17 43 06.390 18.437 -101.541 77.7 6
1999 08 17 00 01 38.590 40.756 29.955 17.0 6
1999 08 20 10 02 23.680 9.258 -84.056 44.9 6
1999 08 22 09 35 40.00 -40.469 -74.847 33.9 6
1999 08 28 12 40 08.810 -1.254 -77.531 219.0 6
1999 09 07 11 56 49.570 38.122 23.582 9.4 6
1999 09 15 03 01 21.290 -20.799 -67.176 184.8 6
1999 09 30 16 31 15.760 16.068 -96.931 60.1 6
1999 10 16 09 46 45.00 34.578 -116.442 0.0 6
1999 11 08 16 45 41.800 36.524 71.233 214.5 6
1999 11 12 16 57 19.820 40.806 31.187 10.4 6
1999 11 30 04 01 47.820 -18.862 -69.111 79.0 6
1999 12 01 19 23 06.210 17.625 -82.348 10.0 6
1999 12 06 23 12 28.650 57.395 -154.574 19.5 6
1999 12 07 00 19 47.930 57.347 -154.564 25.7 6
2000 04 23 09 27 23.30 -28.289 -62.944 603.6 6
2000 04 23 17 01 17.290 -28.332 -62.926 604.6 6
2000 05 12 18 43 15.160 -23.779 -66.74 193.5 6
2000 05 12 23 10 26.540 35.911 70.683 77.3 6
2000 06 04 16 28 28.760 -4.692 102.141 52.7 6
2000 06 04 16 39 46.290 -4.636 102.02 37.1 6
2000 06 04 17 52 12.350 28.662 65.311 8.1 6
2000 06 07 21 46 55.860 26.798 97.187 33.0 6
2000 06 07 23 45 24.790 -4.615 101.936 20.2 6
2000 06 10 18 23 29.930 23.861 121.185 35.6 6
2000 06 17 15 40 41.930 63.922 -20.467 10.0 6
2000 06 18 14 44 13.160 -13.798 97.424 10.0 6
2000 06 21 00 51 47.40 63.905 -20.742 10.0 6
2000 07 17 22 53 44.280 36.265 70.958 114.3 6
2000 07 21 01 53 36.890 9.418 -85.324 42.2 6
2000 08 04 21 13 03.320 48.75 142.244 13.0 6
2000 08 09 11 41 44.310 18.162 -102.577 16.2 6
2000 09 12 00 27 58.880 35.37 99.371 12.0 6
2000 09 28 23 23 42.740 -0.248 -80.603 18.7 6
2000 10 02 02 25 32.750 -7.845 30.817 39.6 6
2000 10 04 14 37 45.40 11.153 -62.481 113.3 6
2000 10 05 13 39 12.590 31.891 -40.924 10.0 6
2000 11 07 00 18 06.180 -55.61 -29.812 10.0 6
2000 11 08 06 59 59.450 7.141 -77.841 17.0 6
2000 11 25 18 09 11.530 40.222 49.935 51.0 6
2000 11 25 18 10 46.190 40.187 49.952 22.2 6
2000 12 06 17 11 06.610 39.493 54.811 33.0 6
2000 12 12 05 26 46.290 6.028 -82.66 10.0 6
2001 01 10 16 02 43.580 56.986 -153.462 33.0 6
2001 01 11 00 04 06.740 49.165 -128.898 10.0 6
2001 01 13 17 33 34.580 12.997 -88.729 82.9 6
2001 01 26 03 16 40.260 23.442 70.31 16.0 6
2001 02 13 14 22 05.950 13.699 -88.874 7.6 6
2001 02 17 20 11 30.840 53.974 -133.756 20.0 6
2001 02 18 13 04 53.350 -47.432 32.603 10.0 6
2001 02 25 02 21 58.300 36.482 70.865 186.2 6
2001 02 26 05 58 22.200 46.766 144.49 389.6 6
2001 02 28 18 54 31.770 47.15 -122.628 56.0 6
2001 03 15 01 22 43.710 8.689 93.955 33.0 6
2001 03 23 11 30 12.40 44.124 148.036 43.0 6
2001 03 24 06 27 53.850 34.095 132.552 52.0 6
2001 06 29 18 35 50.940 -19.725 -66.272 271.9 6
2001 07 04 12 09 03.250 -17.191 -65.727 33.0 6
2001 07 28 07 32 43.440 59.014 -155.089 134.1 6
2001 08 02 23 41 06.680 56.246 163.77 16.2 6
2001 08 25 02 02 00.40 7.601 -82.794 8.2 6
2001 09 02 02 25 54.730 0.908 82.471 13.1 6
2001 10 08 18 20 40.300 52.648 160.189 48.5 6
2001 10 12 05 02 35.330 52.709 -132.179 20.0 6
2001 11 09 00 47 57.420 9.812 -82.209 18.1 6
2001 11 14 09 26 10.410 35.927 90.587 11.0 6
2001 11 23 20 43 03.610 36.403 71.478 105.3 6
2001 11 28 14 32 33.680 15.679 -93.129 86.2 6
2001 12 28 22 09 27.850 -8.359 -74.175 158.2 6
2002 01 03 07 05 26.100 36.039 70.679 115.0 6
2002 01 30 08 42 30.700 24.4 -95.6 120.0 6
2002 03 03 12 08 06.650 36.472 70.45 194.7 6
2002 03 03 12 08 18.00 36.496 70.517 208.9 6
2002 03 25 14 56 37.650 36.008 69.269 33.0 6
