2013 08 12 00 53 44.440 -7.116 129.791 104.8 6
2013 08 17 16 32 31.830 -34.886 54.127 10.9 6
2013 09 01 11 52 32.120 -7.539 128.256 135.2 6
2013 09 05 04 01 36.70 15.251 -45.213 10.4 6
2013 09 06 11 33 54.790 20.186 122.333 189.4 6
2013 09 21 01 39 15.480 -7.267 119.95 550.1 6
2013 09 24 11 29 48.230 26.91 65.531 15.5 6
2013 09 28 07 34 07.460 27.161 65.619 18.7 6
2013 10 04 17 26 14.250 -38.707 78.5 11.0 6
2013 10 12 13 11 53.650 35.527 23.371 46.9 6
2013 10 15 00 12 33.250 9.833 124.123 23.2 6
2013 10 31 12 02 09.350 23.543 121.458 14.8 6
2013 10 31 23 03 58.620 -30.313 -71.501 19.8 6
2013 11 03 11 03 40.460 4.641 123.4 556.8 6
2013 11 13 23 45 48.200 -60.309 -47.287 10.0 6
2013 11 16 03 34 34.790 -60.307 -47.199 24.0 6
2013 11 17 09 04 56.260 -60.378 -46.587 7.9 6
2013 11 19 13 32 53.410 2.715 128.447 56.1 6
2013 11 25 06 27 34.680 -53.971 -54.964 10.0 6
2013 12 01 01 24 15.720 -7.028 128.415 25.9 6
2013 12 01 06 29 58.320 2.017 96.848 21.6 6
2014 01 25 05 14 20.520 -8.044 109.222 87.8 6
2014 01 26 13 55 43.330 38.191 20.507 13.8 6
2014 02 01 03 58 45.70 -56.933 -27.345 142.9 6
2014 02 03 03 08 46.330 38.255 20.436 14.5 6
2014 02 12 09 19 48.420 35.876 82.58 4.1 6
2014 02 18 09 27 14.830 14.596 -58.971 28.3 6
2014 03 02 20 11 22.710 27.423 127.327 118.9 6
2014 03 11 02 44 06.280 -60.843 -20.118 10.0 6
2014 03 21 13 41 09.860 7.68 94.225 19.3 6
2014 04 03 02 43 14.260 -20.588 -70.49 12.0 6
2014 04 03 05 26 13.640 -20.749 -70.54 13.0 6
2014 04 15 03 57 01.840 -53.609 8.709 10.0 6
2014 05 05 11 08 45.650 19.615 99.703 15.2 6
2014 05 15 10 16 44.180 9.349 122.035 30.1 6
2014 05 18 01 02 31.860 4.24 92.737 32.9 6
2014 05 21 16 21 54.220 18.24 88.064 45.1 6
2014 05 24 09 25 03.190 40.276 25.369 8.2 6
2014 06 14 11 11 03.260 -10.113 91.038 23.1 6
2014 06 29 07 52 56.840 -55.475 -28.395 15.1 6
2014 06 29 14 32 49.770 -55.418 -28.224 11.9 6
2014 07 05 09 39 27.790 1.933 96.938 20.0 6
2014 07 14 07 59 57.290 5.714 126.477 20.0 6
2014 07 14 08 00 02.100 5.72 126.51 50.0 6
2014 07 19 14 14 02.290 11.709 57.957 10.0 6
2014 07 27 01 28 41.400 23.86 -45.59 13.7 6
2014 08 03 05 57 24.00 29.45 85.638 2.0 6
2014 08 03 08 30 14.300 27.217 103.458 28.0 6
2014 08 06 11 45 22.680 -7.274 128.036 10.0 6
2014 08 06 11 45 28.700 -7.13 127.92 19.5 6
2014 08 18 02 32 04.100 32.711 47.638 10.0 6
2014 08 18 18 08 22.750 32.582 47.703 5.0 6
2014 08 23 22 32 23.320 -32.695 -71.441 32.0 6
2014 09 10 02 46 08.190 -0.224 125.026 39.9 6
2014 09 24 11 16 13.260 -23.784 -66.588 204.5 6
2014 10 07 13 49 41.780 23.343 100.5 12.8 6
2014 11 03 08 48 29.700 -41.824 80.043 7.4 6
2014 11 15 02 31 42.240 1.834 126.462 47.8 6
2014 11 17 16 52 47.640 -46.407 33.701 12.2 6
2014 11 21 10 10 20.780 2.27 127.03 45.2 6
2014 11 22 08 55 26.490 30.314 101.803 2.0 6
2014 11 26 14 33 45.180 1.964 126.465 47.7 6
2014 12 02 05 11 31.00 6.157 123.126 614.0 6
2014 12 06 22 05 10.730 -6.11 130.482 116.0 6
2014 12 10 21 03 39.260 25.54 122.45 256.0 6
2014 12 20 00 25 17.220 11.645 126.291 2.0 6
2014 12 21 11 34 14.500 2.051 126.544 71.0 6
2014 12 29 09 29 37.390 8.634 121.521 8.0 6
2015 02 02 10 49 48.440 -32.648 -67.15 172.7 6
2015 02 11 18 57 20.460 -23.065 -66.662 203.6 6
2015 02 13 18 59 13.510 52.509 -32.02 16.9 6
2015 02 13 20 06 32.470 22.61 121.444 30.5 6
2015 02 16 22 00 54.320 -55.518 -28.229 18.1 6
2015 02 27 13 45 05.640 -7.358 122.49 559.1 6
2015 03 03 10 37 31.380 -0.719 98.754 33.5 6
2015 03 06 08 22 20.90 -41.316 80.614 13.1 6
2015 03 15 23 17 17.290 -0.616 122.403 32.1 6
2015 03 17 22 12 30.280 1.671 126.433 55.7 6
2015 03 18 18 27 28.660 -36.111 -73.689 9.7 6
2015 03 23 04 51 37.830 -18.354 -69.188 127.1 6
2015 04 16 18 07 43.610 35.195 26.837 22.6 6
2015 04 20 01 42 58.10 24.057 122.431 28.1 6
2015 04 20 12 00 00.260 23.981 122.52 31.4 6
2015 04 25 06 11 26.630 28.13 84.716 13.4 6
2015 04 25 06 45 21.360 28.16 84.843 14.7 6
2015 04 26 07 09 09.310 27.736 85.978 13.4 6
2015 05 12 07 05 18.830 27.801 86.126 12.3 6
2015 05 12 07 36 53.300 27.524 86.141 13.8 6
2015 05 15 20 26 55.950 -2.566 102.223 158.5 6
2015 05 24 04 53 23.400 -16.814 -14.261 11.7 6
2015 06 04 23 15 45.200 6.043 116.665 18.1 6
2015 06 10 13 52 08.660 -22.409 -68.451 121.8 6
2015 06 17 12 51 35.660 -35.37 -17.809 27.1 6
2015 06 20 02 10 07.650 -36.334 -73.667 17.4 6
2015 07 03 01 07 46.210 37.47 78.12 19.0 6
2015 07 03 06 43 22.840 10.138 125.977 50.8 6
2015 07 16 15 16 32.980 13.8 -58.57 19.4 6
2015 08 13 10 39 54.310 -37.022 77.953 15.4 6
2015 09 16 07 40 58.00 1.88 126.43 41.5 6
2015 09 16 07 40 58.690 1.884 126.428 41.55 6
2015 09 16 22 54 32.860 -31.572 -71.674 22.44 6
2015 09 16 23 18 41.850 -31.562 -71.426 28.41 6
2015 09 17 01 41 05.870 -31.104 -71.65 42.32 6
2015 09 17 03 55 15.430 -31.424 -71.687 27.0 6
2015 09 17 04 10 27.00 -31.52 -71.81 23.0 6
2015 09 17 04 10 27.780 -31.517 -71.804 23.0 6
2015 09 18 09 10 44.730 -32.368 -72.229 8.0 6
2015 09 18 15 59 42.640 15.276 -45.988 10.0 6
2015 09 19 05 06 47.500 -29.641 -72.077 6.0 6
2015 09 19 12 52 20.00 -32.33 -72.07 18.0 6
2015 09 19 12 52 20.920 -32.333 -72.062 18.0 6
2015 09 21 05 39 34.00 -31.58 -71.74 30.0 6
2015 09 21 05 39 34.910 -31.575 -71.743 30.0 6
2015 09 21 17 40 00.60 -31.727 -71.379 35.0 6
2015 09 22 07 13 00.00 -31.44 -71.26 58.0 6
2015 09 22 07 13 00.520 -31.444 -71.265 58.0 6
2015 09 24 15 53 27.00 -0.62 131.26 18.0 6
2015 09 24 15 53 27.740 -0.621 131.262 18.0 6
2015 09 26 02 51 18.830 -30.814 -71.321 46.0 6
2015 09 28 15 28 05.00 -23.8 -66.6 219.0 6
