2014 03 21 13 41 09.860 7.68 94.225 19.3 6
2014 04 15 03 57 01.840 -53.609 8.709 10.0 6
2014 05 05 11 08 45.650 19.615 99.703 15.2 6
2014 05 15 10 16 44.180 9.349 122.035 30.1 6
2014 05 18 01 02 31.860 4.24 92.737 32.9 6
2014 05 21 16 21 54.220 18.24 88.064 45.1 6
2014 05 24 09 25 03.190 40.276 25.369 8.2 6
2014 06 14 11 11 03.260 -10.113 91.038 23.1 6
2014 06 29 07 52 56.840 -55.475 -28.395 15.1 6
2014 06 29 14 32 49.770 -55.418 -28.224 11.9 6
2014 07 05 09 39 27.790 1.933 96.938 20.0 6
2014 07 14 07 59 57.290 5.714 126.477 20.0 6
2014 07 14 08 00 02.100 5.72 126.51 50.0 6
2014 07 27 01 28 41.400 23.86 -45.59 13.7 6
2014 08 03 05 57 24.00 29.45 85.638 2.0 6
2014 08 03 08 30 14.300 27.217 103.458 28.0 6
2014 08 06 11 45 22.680 -7.274 128.036 10.0 6
2014 08 06 11 45 28.700 -7.13 127.92 19.5 6
2014 09 10 02 46 08.190 -0.224 125.026 39.9 6
2014 10 07 13 49 41.780 23.343 100.5 12.8 6
2014 11 03 08 48 29.700 -41.824 80.043 7.4 6
2014 11 15 02 31 42.240 1.834 126.462 47.8 6
2014 11 17 16 52 47.640 -46.407 33.701 12.2 6
2014 11 21 10 10 20.780 2.27 127.03 45.2 6
2014 11 22 08 55 26.490 30.314 101.803 2.0 6
2014 11 26 14 33 45.180 1.964 126.465 47.7 6
2014 12 02 05 11 31.00 6.157 123.126 614.0 6
2014 12 10 21 03 39.260 25.54 122.45 256.0 6
2014 12 21 11 34 14.500 2.051 126.544 71.0 6
2014 12 29 09 29 37.390 8.634 121.521 8.0 6
2015 02 13 18 59 13.510 52.509 -32.02 16.9 6
2015 02 13 20 06 32.470 22.61 121.444 30.5 6
2015 02 16 22 00 54.320 -55.518 -28.229 18.1 6
2015 02 27 13 45 05.640 -7.358 122.49 559.1 6
2015 03 03 10 37 31.380 -0.719 98.754 33.5 6
2015 03 06 08 22 20.90 -41.316 80.614 13.1 6
2015 03 15 23 17 17.290 -0.616 122.403 32.1 6
2015 03 17 22 12 30.280 1.671 126.433 55.7 6
2015 04 16 18 07 43.610 35.195 26.837 22.6 6
2015 04 20 01 42 58.10 24.057 122.431 28.1 6
2015 04 20 12 00 00.260 23.981 122.52 31.4 6
2015 04 25 06 11 26.630 28.13 84.716 13.4 6
2015 04 25 06 45 21.360 28.16 84.843 14.7 6
2015 04 26 07 09 09.310 27.736 85.978 13.4 6
2015 05 12 07 05 18.830 27.801 86.126 12.3 6
2015 05 12 07 36 53.300 27.524 86.141 13.8 6
2015 05 15 20 26 55.950 -2.566 102.223 158.5 6
2015 05 24 04 53 23.400 -16.814 -14.261 11.7 6
2015 06 04 23 15 45.200 6.043 116.665 18.1 6
2015 06 17 12 51 35.660 -35.37 -17.809 27.1 6
2015 07 03 01 07 46.210 37.47 78.12 19.0 6
2015 07 03 06 43 22.840 10.138 125.977 50.8 6
2015 08 13 10 39 54.310 -37.022 77.953 15.4 6
2015 09 16 07 40 58.00 1.88 126.43 41.5 6
2015 09 16 07 40 58.690 1.884 126.428 41.55 6
2015 09 18 15 59 42.640 15.276 -45.988 10.0 6
2015 10 23 01 40 06.320 -54.225 6.165 11.0 6
2015 10 23 04 04 18.00 -45.81 37.17 10.0 6
2015 10 23 04 04 18.140 -45.814 37.171 10.0 6
2015 10 26 09 09 42.560 36.524 70.367 231.0 6
2015 11 04 03 44 15.190 -8.338 124.875 20.0 6
2015 11 08 16 47 02.160 6.843 94.648 10.0 6
2015 11 13 20 51 31.30 31.0 128.872 12.0 6
2015 11 17 07 10 07.300 38.67 20.6 11.0 6
2015 12 04 22 25 00.110 -47.616 85.091 35.0 6
2015 12 07 07 50 05.950 38.21 72.779 22.0 6
2015 12 09 10 21 48.530 -4.106 129.507 21.0 6
2015 12 20 18 47 36.610 3.645 117.635 14.0 6
2015 12 25 19 14 47.190 36.493 71.126 206.0 6
2016 01 03 23 05 22.00 24.83 93.66 55.0 6
2016 01 03 23 05 22.270 24.803 93.65 55.0 6
2016 01 11 16 38 05.910 3.896 126.856 13.0 6
2016 01 25 04 22 02.730 35.649 -3.681 12.0 6
2016 02 05 19 57 27.390 22.938 120.592 23.0 6
2016 02 12 10 02 24.50 -9.633 119.401 28.0 6
