2012 05 20 02 03 54 44.873 11.2227 17.7 6
2012 05 23 22 59 34 -50.4928 139.591 19.1 6
2012 06 10 12 43 59 36.3847 28.9676 32.0 6
2012 06 16 22 18 37 15.5423 119.604 44.9 6
2012 06 23 04 34 45 3.0022 97.9116 101.9 6
2012 06 29 21 07 19 43.4335 84.6125 17.1 6
2012 07 25 00 27 09 2.6255 96.1109 28.6 6
2012 08 11 12 23 11 38.4023 46.838 8.7 6
2012 08 11 12 34 33 38.3798 46.7958 18.9 6
2012 08 12 10 46 54 35.6526 82.5417 14.0 6
2012 08 26 15 05 09 2.1983 126.87 90.9 6
2012 08 31 12 47 33 10.8107 126.826 44.4 6
2012 09 03 18 22 54 -10.677 113.965 34.8 6
2012 09 08 10 51 38 -3.2181 135.098 32.3 6
2012 09 14 04 51 46 -3.3008 100.67 23.3 6
2012 10 08 11 43 17 -4.5414 129.235 29.6 6
2012 10 12 00 30 57 -4.8858 134.082 34.6 6
2012 10 17 04 42 19 4.1791 124.561 338.4 6
2012 11 02 18 17 12 9.235 126.281 55.5 6
2012 11 11 01 12 10 22.8908 95.848 14.2 6
2012 12 10 16 52 54 -6.4969 129.868 161.5 6
2012 12 11 06 18 20 0.5606 126.224 43.8 6
2012 12 17 09 16 09 -0.6936 123.884 46.4 6
2013 01 21 22 22 43 4.9625 95.9215 24.6 6
2013 01 28 16 38 17 42.5824 79.7217 14.3 6
2013 02 16 04 37 29 5.7785 125.779 116.4 6
2013 03 19 03 28 49 -58.9815 -24.5697 52.0 6
2013 03 27 02 03 00 23.8815 121.135 18.6 6
2013 04 09 11 52 27 28.4463 51.629 12.8 6
2013 04 16 10 44 07 27.9704 62.136 63.1 6
2013 04 20 00 02 43 30.2688 103.02 18.0 6
2013 04 20 04 50 38 -6.2786 130.223 113.9 6
2013 05 11 02 07 23 26.6583 57.8438 15.1 6
2013 06 02 05 42 28 23.8318 121.059 17.0 6
2013 06 13 16 47 01 -9.9513 107.302 20.6 6
2013 06 15 16 10 39 34.4507 25.044 21.5 6
2013 06 16 21 38 45 34.4242 25.1864 25.0 6
2013 07 02 07 36 38 4.6907 96.5824 25.4 6
2013 07 06 05 04 59 -3.294 100.531 26.1 6
2013 07 15 14 03 32 -61.0527 -25.2274 19.9 6
2013 07 21 23 45 48 34.5047 104.261 5.1 6
2013 07 26 21 32 27 -58.0352 -24.28 17.0 6
2013 08 12 00 52 57 -7.1167 129.791 104.8 6
2013 09 01 11 52 08 -7.5393 128.257 135.2 6
2013 09 06 11 33 19 20.1862 122.334 189.4 6
2013 09 21 01 39 05 -7.2679 119.951 550.1 6
2013 09 24 11 29 27 26.9109 65.5315 15.5 6
2013 09 28 07 33 37 27.1617 65.6192 18.7 6
2013 10 04 17 25 36 -38.707 78.5007 11.0 6
2013 10 12 13 11 47 35.5277 23.3718 46.9 6
2013 10 15 00 12 33 9.8331 124.123 23.2 6
2013 10 29 10 37 41 -61.7154 154.829 10.0 6
2013 10 31 12 01 49 23.5436 121.458 14.8 6
2013 11 03 11 03 26 4.6415 123.4 556.8 6
2013 11 13 23 45 34 -60.3091 -47.2872 10.0 6
2013 11 16 03 34 16 -60.3079 -47.199 24.0 6
2013 11 17 09 04 47 -60.3783 -46.5876 7.9 6
2013 11 19 13 32 17 2.7153 128.447 56.1 6
2013 11 25 06 27 26 -53.9716 -54.9648 10.0 6
2013 12 01 01 23 50 -7.0288 128.415 25.9 6
2013 12 01 06 29 31 2.0171 96.8488 21.6 6
2014 01 25 05 13 47 -8.0446 109.223 87.8 6
2014 01 26 13 55 39 38.191 20.507 13.8 6
2014 02 01 03 58 43 -56.9339 -27.3456 142.9 6
2014 02 03 03 08 45 38.2552 20.4368 14.5 6
2014 02 12 09 19 36 35.8767 82.5807 4.1 6
2014 03 11 02 43 31 -60.8439 -20.1181 10.0 6
2014 03 21 13 40 41 7.6804 94.2252 19.3 6
2014 04 15 03 56 47 -53.609 8.7098 10.0 6
2014 05 05 11 08 14 19.6152 99.7038 15.2 6
2014 05 15 10 16 39 9.3491 122.035 30.1 6
2014 05 18 01 02 13 4.2401 92.7377 32.9 6
