2010 01 02 08 45 35.400 12.421 142.053 24.0 6
2010 01 05 04 55 38.890 -58.464 -14.859 10.0 6
2010 02 05 06 59 07.360 -47.934 99.51 16.0 6
2010 02 06 04 45 00.40 46.753 152.78 44.3 6
2010 02 07 06 10 00.360 23.436 123.69 23.0 6
2010 02 15 21 51 48.170 -7.267 128.766 134.7 6
2010 02 18 01 13 18.420 42.602 130.699 573.7 6
2010 02 26 20 31 26.860 25.984 128.507 24.2 6
2010 03 04 00 18 52.300 22.93 120.8 27.0 6
2010 03 05 16 07 00.00 -3.838 100.915 24.2 6
2010 03 08 09 47 10.580 19.351 144.759 446.9 6
2010 03 14 00 57 46.160 -1.648 128.081 63.6 6
2010 03 14 08 08 05.10 37.783 141.654 40.1 6
2010 03 25 05 29 26.330 13.829 120.013 24.6 6
2010 03 30 16 54 47.370 13.612 92.874 38.5 6
2010 04 05 10 05 44.630 -0.089 125.104 28.1 6
2010 04 06 22 15 02.130 2.36 97.111 33.4 6
2010 04 11 22 08 11.320 37.007 -3.476 619.6 6
2010 04 13 23 49 37.10 33.192 96.746 13.8 6
2010 04 14 01 25 16.450 33.149 96.489 12.2 6
2010 04 24 07 41 01.780 -1.898 128.111 38.7 6
2010 04 26 02 59 52.260 22.24 123.815 23.2 6
2010 05 03 10 27 45.790 29.666 141.012 89.6 6
2010 05 05 16 29 03.110 -4.139 101.105 26.3 6
2010 05 09 05 59 42.340 3.732 96.027 42.3 6
2010 05 25 10 09 06.280 35.283 -35.936 15.4 6
2010 05 26 08 53 08.430 25.738 129.955 12.0 6
2010 05 31 10 16 02.640 6.937 123.962 34.3 6
2010 05 31 19 51 47.690 11.21 93.651 131.6 6
2010 06 12 19 26 50.50 7.85 91.954 31.4 6
2010 06 16 03 16 29.120 -2.203 136.587 22.1 6
2010 06 16 03 58 10.120 -2.351 136.601 20.6 6
2010 06 18 02 23 07.610 44.492 148.742 43.7 6
2010 07 04 21 55 52.370 39.661 142.579 30.1 6
2010 07 21 09 16 05.10 3.002 128.179 111.9 6
2010 07 23 22 08 11.220 6.711 123.487 610.2 6
2010 07 23 22 51 13.00 6.423 123.579 584.7 6
2010 07 23 23 15 09.820 6.74 123.327 633.7 6
2010 07 24 05 35 01.820 6.171 123.562 564.7 6
2010 07 29 07 31 56.660 6.558 123.36 615.8 6
2010 07 30 03 56 14.650 52.421 159.922 30.3 6
2010 08 03 12 08 27.540 1.297 126.279 50.6 6
2010 08 04 23 48 02.590 46.003 153.301 32.0 6
2010 08 13 21 19 34.220 12.474 141.562 16.4 6
2010 08 14 07 30 18.350 12.345 141.519 21.6 6
2010 08 14 23 01 05.980 12.201 141.482 28.4 6
2010 08 16 03 30 54.210 -17.807 65.602 14.7 6
2010 08 21 05 42 54.130 2.198 96.723 33.2 6
2010 09 17 19 21 15.200 36.535 70.969 215.4 6
2010 09 26 12 12 40.90 -5.299 133.897 20.4 6
2010 09 29 17 10 52.100 -4.918 133.807 18.3 6
2010 09 29 17 11 24.970 -4.986 133.775 20.5 6
2010 10 04 13 28 38.940 24.217 125.249 32.8 6
2010 10 08 05 43 10.20 2.763 128.221 140.8 6
2010 10 25 14 42 22.180 -3.524 100.104 20.0 6
2010 10 25 19 37 30.470 -3.006 100.37 22.6 6
2010 11 03 11 18 17.330 -4.649 134.106 24.6 6
2010 11 10 04 05 25.140 -45.599 96.364 15.3 6
2010 11 30 03 24 41.250 28.394 139.239 485.0 6
2010 12 08 05 24 35.150 -56.431 -25.64 29.0 6
2010 12 15 11 29 30.930 -7.266 128.793 140.4 6
2010 12 21 17 19 41.160 26.898 143.704 13.8 6
2011 01 12 21 32 54.550 26.967 140.015 524.5 6
2011 01 17 19 20 56.910 -5.103 102.602 39.1 6
2011 01 18 11 33 44.980 2.575 96.381 23.7 6
2011 01 24 02 45 30.500 38.401 72.846 101.9 6
2011 01 26 15 42 29.720 2.165 96.812 23.8 6
2011 01 29 06 55 26.330 70.868 -6.908 6.4 6
2011 02 04 13 53 46.330 24.609 94.734 86.5 6
2011 02 10 14 39 28.200 4.129 123.062 532.8 6
2011 02 10 14 41 59.580 4.046 123.033 531.2 6
2011 02 15 13 33 54.340 -2.489 121.468 26.8 6
2011 03 06 14 32 36.940 -56.386 -27.025 92.0 6
2011 03 06 14 32 42.100 -56.41 -26.68 101.2 6
2011 03 09 02 45 19.590 38.44 142.98 26.2 6
2011 03 09 18 16 16.130 38.279 142.7 25.0 6
2011 03 09 21 22 17.830 38.299 142.817 29.4 6
2011 03 09 21 24 01.830 38.242 142.872 14.7 6
2011 03 10 17 08 37.320 -6.856 116.73 518.6 6
2011 03 11 05 46 23.200 38.296 142.498 19.7 6
2011 03 11 06 15 22.780 37.9 143.92 35.0 6
2011 03 11 06 15 37.570 36.227 141.088 25.4 6
2011 03 11 06 18 51.60 36.069 142.138 23.0 6
2011 03 11 06 25 50.740 38.051 144.629 19.8 6
2011 03 11 06 49 15.200 37.294 144.226 35.0 6
2011 03 11 06 57 14.920 35.796 140.968 33.4 6
2011 03 11 06 58 59.370 37.374 144.759 30.0 6
2011 03 11 07 14 58.580 36.575 141.886 24.7 6
2011 03 11 07 25 34.980 38.013 144.602 28.4 6
2011 03 11 07 28 11.690 36.861 141.886 25.3 6
2011 03 11 07 29 00.340 38.999 142.453 33.8 6
2011 03 11 08 12 06.650 36.607 141.59 34.6 6
2011 03 11 08 15 39.510 37.084 144.632 24.6 6
2011 03 11 08 19 27.470 36.186 141.663 26.0 6
2011 03 11 08 27 48.910 38.014 142.735 23.0 6
2011 03 11 10 10 34.540 39.216 142.588 28.1 6
2011 03 11 11 36 40.30 39.221 142.531 18.9 6
2011 03 11 15 13 14.510 35.996 141.879 19.2 6
2011 03 11 15 20 04.30 36.368 141.963 19.0 6
2011 03 11 18 59 17.650 36.999 138.542 14.6 6
2011 03 11 19 02 58.640 39.326 142.998 24.2 6
2011 03 11 19 46 35.300 38.8 142.2 33.0 6
2011 03 11 19 46 50.50 40.404 139.153 11.2 6
2011 03 11 20 11 23.520 39.011 142.777 14.7 6
2011 03 12 01 47 16.160 37.589 142.751 24.8 6
2011 03 13 01 26 06.730 35.726 141.739 24.0 6
2011 03 14 06 12 36.680 37.78 142.5 18.8 6
2011 03 15 13 27 56.710 37.587 142.338 30.9 6
2011 03 15 13 31 47.450 35.309 138.72 14.9 6
2011 03 15 15 23 54.620 40.35 143.383 22.9 6
2011 03 17 04 13 57.610 40.167 142.374 37.7 6
2011 03 20 08 26 11.110 19.074 121.306 39.9 6
2011 03 22 07 18 46.480 37.216 144.052 16.4 6
2011 03 22 09 19 05.330 37.371 141.792 28.4 6
2011 03 22 09 44 29.970 39.863 143.538 19.2 6
2011 03 24 13 55 13.390 20.629 99.917 12.8 6
2011 03 25 11 36 24.320 38.748 141.993 39.0 6
2011 03 27 22 23 58.720 38.379 142.215 19.8 6
2011 03 29 10 54 34.20 37.44 142.347 19.8 6
2011 03 31 07 15 29.720 38.917 142.024 41.7 6
2011 04 03 20 06 43.260 -9.734 107.769 31.9 6
2011 04 07 14 32 44.100 38.251 141.729 53.2 6
2011 04 09 12 57 50.50 30.015 131.846 26.2 6
2011 04 11 08 16 12.690 36.952 140.584 13.3 6
2011 04 11 23 08 17.90 35.438 140.703 16.7 6
2011 04 13 19 57 23.840 39.585 143.56 16.2 6
2011 04 21 13 37 03.80 35.642 140.552 43.4 6
2011 04 23 10 12 46.930 39.169 142.938 31.7 6
2011 04 24 23 07 54.700 -4.48 122.864 28.3 6
2011 05 05 14 58 19.780 38.201 144.154 19.7 6
2011 05 13 23 35 52.930 37.4 141.456 38.6 6
2011 05 14 21 07 21.810 36.425 70.723 207.6 6
