2011 04 24 23 07 54.700 -4.48 122.864 28.3 6
2011 08 10 23 45 43.80 -7.102 -12.805 11.7 6
2010 07 23 22 08 11.220 6.711 123.487 610.2 6
2010 07 23 22 51 13.00 6.423 123.579 584.7 6
2010 07 23 23 15 09.820 6.74 123.327 633.7 6
2010 07 24 05 35 01.820 6.171 123.562 564.7 6
2011 01 24 02 45 30.500 38.401 72.846 101.9 6
2010 04 26 02 59 52.260 22.24 123.815 23.2 6
2010 02 07 06 10 00.360 23.436 123.69 23 6
2010 09 09 07 28 01.870 -37.054 -73.535 18.6 6
2011 01 02 20 20 18.170 -38.39 -73.399 24.4 6
2011 01 29 06 55 26.330 70.868 -6.908 6.4 6
2011 02 11 20 05 28.880 -36.46 -73.155 12.8 6
2011 02 11 23 39 21.240 -37.236 -73.487 16.5 6
2011 02 12 01 17 00.710 -37.003 -73.154 10 6
2011 02 14 03 40 09.250 -35.486 -73.101 17 6
2011 06 01 12 55 21.10 -37.554 -73.832 10 6
2011 06 20 16 36 00.870 -21.771 -68.383 126.2 6
2011 07 16 00 26 12.360 -33.875 -72.1 20.5 6
2010 09 17 19 21 15.200 36.535 70.969 215.4 6
2010 10 25 14 42 22.180 -3.524 100.104 20 6
2010 10 25 19 37 30.470 -3.006 100.37 22.6 6
2010 11 10 04 05 25.140 -45.599 96.364 15.3 6
2011 01 01 09 56 58.460 -26.851 -63.237 584.3 6
2011 01 17 19 20 56.910 -5.103 102.602 39.1 6
2011 01 18 11 33 44.980 2.575 96.381 23.7 6
2011 01 18 20 23 25.570 28.683 63.994 79.9 6
2011 01 26 15 42 29.720 2.165 96.812 23.8 6
2011 01 27 08 38 30.40 28.151 59.052 18.5 6
2011 02 04 13 53 46.330 24.609 94.734 86.5 6
2010 08 16 03 30 54.210 -17.807 65.602 14.7 6
2010 08 21 05 42 54.130 2.198 96.723 33.2 6
2010 12 08 05 24 35.150 -56.431 -25.64 29 6
2010 12 20 18 41 59.920 28.368 59.15 14.5 6
2011 02 15 13 33 54.340 -2.489 121.468 26.8 6
2011 03 06 14 32 36.940 -56.386 -27.025 92 6
2011 03 06 14 32 42.100 -56.41 -26.68 101.2 6
2011 03 10 17 08 37.320 -6.856 116.73 518.6 6
2011 03 24 13 55 13.390 20.629 99.917 12.8 6
2011 04 01 13 29 11.510 35.731 26.546 75.5 6
2011 04 03 20 06 43.260 -9.734 107.769 31.9 6
2011 05 14 21 07 21.810 36.425 70.723 207.6 6
2011 05 15 13 08 15.420 0.458 -25.608 18.9 6
2011 07 15 13 26 02.850 -60.986 -23.662 8.6 6
2011 07 19 19 35 43.380 40.156 71.501 19.5 6
2010 04 05 10 05 44.630 -0.089 125.104 28.1 6
2010 05 31 10 16 02.640 6.937 123.962 34.3 6
2010 04 06 22 15 02.130 2.36 97.111 33.4 6
2010 04 11 22 08 11.320 37.007 -3.476 619.6 6
2010 04 13 23 49 37.10 33.192 96.746 13.8 6
2010 04 14 01 25 16.450 33.149 96.489 12.2 6
2010 05 05 16 29 03.110 -4.139 101.105 26.3 6
2010 05 09 05 59 42.340 3.732 96.027 42.3 6
2010 05 25 10 09 06.280 35.283 -35.936 15.4 6
2010 05 31 19 51 47.690 11.21 93.651 131.6 6
2010 06 12 19 26 50.50 7.85 91.954 31.4 6
2010 01 05 04 55 38.890 -58.464 -14.859 10 6
2010 01 17 12 00 01.570 -57.692 -66.037 10 6
2010 02 05 06 59 07.360 -47.934 99.51 16 6
2010 03 04 00 18 52.300 22.93 120.8 27 6
2010 03 05 16 07 00.00 -3.838 100.915 24.2 6
2010 03 08 02 32 35.40 38.788 40.044 12.2 6
2010 03 25 05 29 26.330 13.829 120.013 24.6 6
2010 03 30 16 54 47.370 13.612 92.874 38.5 6
