2007 06 03 21 34 55 23.0653 101.024 11.6 6
2007 06 25 00 25 07 -55.6106 -2.4337 10.0 6
2007 06 27 22 22 54 -10.4979 108.214 18.2 6
2007 07 04 08 25 50 0.72 -30.2614 10.0 6
2007 07 26 23 37 24 7.0991 92.5074 27.7 6
2007 08 01 22 55 16 -0.1853 -17.7754 17.6 6
2007 08 09 17 04 51 -5.8913 107.451 295.8 6
2007 08 09 17 04 52 -6.089 107.584 293.8 6
2007 08 21 22 42 13 8.1252 -39.2485 0.7 6
2007 09 07 17 51 13 24.3394 122.254 58.2 6
2007 09 13 11 10 10 -4.4637 101.396 35.5 6
2007 09 13 23 48 48 -2.6161 100.726 36.0 6
2007 09 14 02 30 02 -1.6708 99.5879 24.8 6
2007 09 14 03 35 04 -2.1573 99.5731 20.0 6
2007 09 14 09 48 34 3.7941 126.458 24.4 6
2007 09 14 16 08 52 -3.2096 101.365 50.9 6
2007 09 15 06 01 31 -4.1551 101.1 32.9 6
2007 09 20 07 27 21 -2.7753 100.83 38.4 6
2007 09 21 08 31 01 -2.0214 100.059 30.9 6
2007 09 27 15 42 44 -1.8162 99.4029 31.3 6
2007 09 30 05 37 06 2.8965 95.5175 32.5999980469 6
2007 10 05 12 40 06 2.545 92.8891 36.7 6
2007 10 25 21 02 40 -3.9514 100.987 29.9 6
2007 11 26 19 52 59 -8.2256 118.526 31.6 6
2007 12 23 12 26 17 2.1251 96.7849 32.8 6
2008 01 05 07 29 15 -2.7929 100.916 40.6 6
2008 01 07 05 14 15 37.2569 22.7037 83.8 6
2008 01 10 08 26 41 32.4042 85.2551 27.7 6
