2017 05 29 14 35 21.510 -1.287 120.433 12 6
2015 08 13 10 39 54.310 -37.022 77.953 15.4 6
2015 09 16 22 54 32.860 -31.572 -71.674 22.44 6
2015 09 17 01 41 05.870 -31.104 -71.65 42.32 6
2015 09 17 03 55 15.430 -31.424 -71.687 27 6
2015 09 17 04 10 27.00 -31.52 -71.81 23 6
2015 09 17 04 10 27.780 -31.517 -71.804 23 6
2015 09 18 09 10 44.730 -32.368 -72.229 8 6
2015 09 18 15 59 42.640 15.276 -45.988 10 6
2015 09 19 05 06 47.500 -29.641 -72.077 6 6
2015 09 19 12 52 20.00 -32.33 -72.07 18 6
2015 09 19 12 52 20.920 -32.333 -72.062 18 6
2015 09 21 05 39 34.00 -31.58 -71.74 30 6
2015 09 21 05 39 34.910 -31.575 -71.743 30 6
2015 09 21 17 40 00.60 -31.727 -71.379 35 6
2015 09 22 07 13 00.00 -31.44 -71.26 58 6
2015 09 22 07 13 00.520 -31.444 -71.265 58 6
2015 09 26 02 51 18.830 -30.814 -71.321 46 6
2015 09 28 15 28 05.00 -23.8 -66.6 219 6
2015 10 26 09 09 42.560 36.524 70.367 231 6
2015 11 07 07 31 43.870 -30.879 -71.451 46 6
2015 11 08 16 47 02.160 6.843 94.648 10 6
2015 11 11 01 54 38.570 -29.506 -72.006 12 6
2015 11 11 02 46 19.830 -29.509 -72.058 10 6
2015 11 17 07 10 07.300 38.67 20.6 11 6
2015 11 27 21 00 22.920 -24.828 -70.6 34 6
2015 12 20 18 47 36.610 3.645 117.635 14 6
2016 02 27 21 29 43.570 -51.789 139.595 10 6
2016 08 23 19 39 44.660 -7.28 122.425 532.4 6
2016 05 20 18 14 04.670 -25.565 129.884 10 6
2017 08 08 13 19 49.540 33.192 103.855 9 6
2019 03 01 08 50 42.620 -14.701 -70.135 267 6
2015 12 04 22 25 00.110 -47.616 85.091 35 6
2015 12 07 07 50 05.950 38.21 72.779 22 6
2015 12 25 19 14 47.190 36.493 71.126 206 6
2016 01 01 02 00 39.950 -50.557 139.448 10 6
2016 01 03 23 05 22.00 24.83 93.66 55 6
2016 01 03 23 05 22.270 24.803 93.65 55 6
2016 01 14 03 25 28.270 -19.759 -63.328 582.56 6
2016 01 25 04 22 02.730 35.649 -3.681 12 6
2016 01 31 17 39 00.280 -63.286 169.152 10 6
2016 02 10 00 33 05.340 -30.572 -71.583 29 6
2016 02 12 10 02 24.50 -9.633 119.401 28 6
2016 03 02 12 49 48.110 -4.952 94.329 24 6
2016 04 06 14 45 29.620 -8.203 107.385 29 6
2016 04 10 10 28 58.720 36.472 71.131 212 6
2016 04 13 13 55 17.800 23.094 94.865 136 6
2016 04 19 05 25 39.940 -55.728 -27.23 14 6
2016 05 28 09 46 59.780 -56.24 -26.935 78 6
2016 06 01 22 56 00.800 -2.096 100.665 50 6
2016 06 09 04 13 08.130 -11.248 116.266 19 6
2016 06 21 16 26 34.420 22.658 -45.14 10 6
2016 06 26 11 17 11.280 39.479 73.338 13 6
2016 07 25 17 26 50.220 -26.104 -70.507 72 6
2016 08 04 14 15 13.90 -22.308 -66.026 270 6
2017 02 07 22 03 55.700 25.201 63.257 24.05 6
2017 02 18 12 10 17.970 -23.861 -66.659 222 6
2017 02 21 14 09 04.320 -19.281 -63.904 595.98 6
2017 03 14 02 51 16.850 6.129 92.316 10 6
2017 04 05 06 09 12.460 35.799 60.436 13 6
2017 04 15 08 19 43.400 -23.27 -67.765 155 6
2017 04 23 02 36 07.840 -33.036 -72.006 21 6
2017 04 24 21 38 30.840 -33.029 -72.045 28 6
2017 05 03 04 47 13.190 39.499 71.451 10 6
2018 07 15 13 09 16.470 13.848 51.717 10 6
2019 02 14 19 57 05.20 35.421 -36.078 10 6
2018 07 15 01 57 19.410 14.062 51.736 10 6
2018 11 01 22 19 51.540 -19.588 -69.292 102 6
2019 06 14 00 19 12.401 -30.055 -72.081 11 6
2017 10 08 20 48 58.720 -61.743 154.552 10 6
2017 10 24 10 47 47.540 -7.236 123.04 549.19 6
2018 07 28 17 07 23.370 -7.122 122.747 577.48 6
2018 08 28 07 08 11.270 -10.885 124.118 14 6
2018 09 28 06 59 59.780 -0.399 119.77 5.19 6
2018 09 28 10 02 43.480 -0.178 119.84 10 6
2018 10 01 23 59 42.730 -10.557 120.241 29 6
2019 07 23 10 33 24.10 -61.293 154.063 10 6
2019 11 05 20 52 01.296 -57.964 -9.27 10 6
2016 08 19 07 32 22.730 -55.279 -31.874 10 6
2016 08 21 03 45 23.740 -55.277 -31.754 10 6
2016 08 24 01 36 32.870 42.723 13.187 4.44 6
2016 08 24 10 34 54.580 20.922 94.568 82 6
2016 08 29 04 29 57.880 -0.047 -17.829 10 6
2016 10 19 00 26 01.90 -4.862 108.162 614 6
2016 10 26 19 18 08.320 42.934 13.043 10 6
2016 10 30 06 40 19.200 42.854 13.088 10 6
2016 11 04 16 20 43.940 -35.103 -70.996 90.79 6
2016 11 20 20 57 43.980 -31.642 -68.764 115.79 6
2016 11 25 14 24 30.590 39.23 74.02 17 6
2016 12 06 22 03 33.390 5.283 96.167 13 6
2016 12 25 14 22 27.30 -43.405 -73.94 38 6
2016 12 29 22 30 19.300 -9.027 118.663 79 6
2017 12 13 18 03 42.790 -54.217 2.168 10 6
2019 01 21 23 59 22.600 -10.311 119.147 16.77 6
2017 08 18 02 59 21.950 -1.09 -13.663 10 6
2017 11 17 22 34 19.500 29.832 94.977 8 6
2017 11 30 06 32 50.760 -1.08 -23.432 10 6
2017 12 01 02 32 46.10 30.743 57.313 9 6
2017 12 12 08 43 17.950 30.719 57.27 10 6
2017 12 12 21 41 31.160 30.822 57.286 8 6
2017 12 15 16 47 58.230 -7.492 108.174 90 6
2018 01 21 01 06 42.890 -18.852 -69.456 116 6
2019 04 22 14 49 05.376 -56.263 -27.35 79 6
2019 09 19 07 06 33.291 -6.07 111.842 610 6
2017 05 10 23 23 37.270 -56.427 -25.782 17.39 6
2017 06 12 12 28 39.70 38.915 26.371 12 6
2017 07 19 12 16 23.560 -17.415 66.483 10 6
2017 07 20 22 31 11.240 36.924 27.413 7 6
2017 07 27 17 53 24.610 13.396 -49.325 10 6
2017 08 08 23 27 53.80 44.301 82.826 20 6
2017 08 13 03 08 10.560 -3.768 101.622 31 6
2017 08 31 17 06 55.750 -1.159 99.688 43.14 6
2017 09 04 08 07 35.380 -57.788 -25.578 35 6
2017 10 10 18 53 27.840 -54.258 8.605 9 6
2017 11 11 00 36 14.980 -11.742 -14.114 10 6
2017 11 12 18 18 17.290 34.905 45.956 19 6
2018 01 11 18 26 24.230 18.362 96.077 9 6
2018 01 23 06 34 54.240 -7.195 105.918 43.91 6
2018 01 28 16 03 03.970 -53.062 9.684 10 6
2018 01 31 07 07 00.230 36.543 70.815 191.19 6
2018 02 27 17 29 22.580 -60.249 150.779 10 6
2018 03 24 19 58 33.380 -45.778 96.069 10 6
2018 04 02 13 40 34.840 -20.658 -63.005 559 6
2018 04 10 10 19 34.30 -30.986 -71.556 76.08 6
2018 05 09 10 41 45.920 36.991 71.383 116 6
2018 07 28 22 47 38.740 -8.239 116.508 14 6
2018 08 05 11 46 38.190 -8.259 116.436 31 6
2018 08 14 03 29 53.440 -58.11 -25.258 35 6
2018 08 17 15 35 01.870 -7.426 119.834 529 6
2018 08 19 04 10 23.490 -8.329 116.598 21.41 6
2018 08 19 14 56 28.30 -8.33 116.631 25.21 6
2018 08 25 22 13 25.620 34.611 46.242 10 6
2018 10 10 18 44 55.280 -7.453 114.455 9 6
2018 10 25 22 54 52.590 37.514 20.563 14 6
2018 10 29 06 54 21.440 -57.404 -66.408 10 6
2018 11 11 14 03 59.560 15.565 -49.871 10 6
2018 11 15 20 02 22.920 -56.706 -25.546 15 6
2018 11 25 16 37 32.710 34.346 45.743 18 6
2018 12 11 02 26 32.730 -58.598 -26.465 164.66 6
2019 01 20 01 32 51.850 -30.071 -71.42 54.82 6
2019 01 22 05 10 03.670 -10.466 119.03 27.01 6
2019 02 02 09 27 36.30 -2.845 100.076 20 6
2019 02 02 10 59 30.300 -2.883 100.132 18 6
2019 03 15 05 03 50.60 -17.874 -65.907 359 6
2019 04 01 18 39 05.857 -18.205 65.365 10 6
2019 04 05 16 14 16.754 -55.92 -27.856 58.6 6
2019 04 09 17 53 59.96 -58.606 -25.255 44.83 6
2019 04 18 14 46 01.901 -51.055 139.49 10 6
2019 04 29 14 19 52.499 10.864 57.228 10 6
2019 07 14 05 39 23.427 -18.223 120.357 10 6
2019 08 01 18 28 07.272 -34.236 -72.307 25 6
2019 08 02 12 03 27.483 -7.266 104.824 52.76 6
2019 08 21 14 28 25.652 -50.33 139.324 10 6
2019 08 27 23 55 19.187 -60.215 -26.58 16 6
2019 09 26 16 36 18.134 -40.815 -72.001 129 6
2019 09 29 15 57 53.236 -35.475 -73.163 11 6
2019 10 23 16 08 14.497 -1.098 -13.836 10 6
2019 11 04 21 53 25.273 -31.812 -71.378 53 6
