2008 01 04 07 29 19.500 -2.792 100.916 40.6 6
2008 01 09 08 26 48.540 32.404 85.255 27.7 6
2008 01 20 20 26 06.980 2.431 126.901 50.6 6
2008 01 22 17 14 58.290 1.032 97.45 40.6 6
2008 01 30 07 32 48.140 -7.262 127.815 38.3 6
2008 02 08 09 38 13.680 10.725 -41.902 4.1 6
2008 02 09 18 34 00.390 -0.236 125.11 27.7 6
2008 02 10 12 22 03.340 -60.784 -25.594 10.0 6
2008 02 14 10 09 23.170 36.517 21.669 31.5 6
2008 02 14 12 08 57.100 36.384 21.832 35.3 6
2008 02 20 08 08 31.440 2.763 95.964 31.4 6
2008 02 25 08 36 33.910 -2.489 99.92 29.8 6
2008 03 03 14 11 15.120 13.423 125.716 26.0 6
2008 03 15 14 43 26.740 2.712 94.573 23.5 6
