2014 06 29 07 52 56.840 -55.475 -28.395 15.1 6
2014 06 29 14 32 49.770 -55.418 -28.224 11.9 6
2014 07 05 09 39 27.790 1.933 96.938 20.0 6
2014 07 19 14 14 02.290 11.709 57.957 10.0 6
2014 07 27 01 28 41.400 23.86 -45.59 13.7 6
2014 08 03 08 30 14.300 27.217 103.458 28.0 6
2014 08 18 02 32 04.100 32.711 47.638 10.0 6
2014 08 18 18 08 22.750 32.582 47.703 5.0 6
2014 10 07 13 49 41.780 23.343 100.5 12.8 6
2014 11 03 08 48 29.700 -41.824 80.043 7.4 6
2014 11 17 16 52 47.640 -46.407 33.701 12.2 6
2014 11 22 08 55 26.490 30.314 101.803 2.0 6
2015 02 13 18 59 13.510 52.509 -32.02 16.9 6
2015 02 16 22 00 54.320 -55.518 -28.229 18.1 6
2015 02 27 13 45 05.640 -7.358 122.49 559.1 6
2015 03 03 10 37 31.380 -0.719 98.754 33.5 6
2015 03 06 08 22 20.90 -41.316 80.614 13.1 6
2015 04 16 18 07 43.610 35.195 26.837 22.6 6
2015 04 25 06 11 26.630 28.13 84.716 13.4 6
2015 04 25 06 45 21.360 28.16 84.843 14.7 6
2015 04 26 07 09 09.310 27.736 85.978 13.4 6
2015 05 12 07 05 18.830 27.801 86.126 12.3 6
2015 05 12 07 36 53.300 27.524 86.141 13.8 6
2015 05 15 20 26 55.950 -2.566 102.223 158.5 6
2015 05 24 04 53 23.400 -16.814 -14.261 11.7 6
2015 06 04 23 15 45.200 6.043 116.665 18.1 6
2015 06 17 12 51 35.660 -35.37 -17.809 27.1 6
2015 07 03 01 07 46.210 37.47 78.12 19.0 6
2015 08 13 10 39 54.310 -37.022 77.953 15.4 6
