2006 06 05 06 26 57 88.8922 331.9615 10 476739
2006 06 21 12 34 38 83.0626 92.4882 21.5 477331
2006 07 17 08 19 18 99.3178 107.424 20 478297
2006 07 17 09 12 56 99.093 107.857 48.7 478304
2006 08 20 03 41 45 151.016 325.7149 0.5 553166
2006 10 22 08 55 16 135.821 96.0662 10 553167
2007 04 03 03 34 56 53.4827 70.6851 213 488696
2007 05 04 12 06 52 91.3491 344.9525 10 553168
2007 05 05 08 51 34 55.7306 82.0337 14.2 553169
2007 05 16 08 56 06 69.4248 100.758 1.3 490633
2007 06 24 00 25 13 145.6106 357.5663 10 491970
2008 05 12 06 27 58 58.9364 103.372 7.6 550881
2008 05 19 14 26 45 88.3246 99.0534 14.8 499120
2008 05 23 19 35 34 82.6407 325.109 10 550883
2008 05 25 08 21 47 57.3969 105.377 14 550741
2008 05 29 15 46 00 26.0436 339.0125 10 553046
2008 05 31 04 37 52 131.2531 80.4853 0.5 499270
2008 06 08 12 25 29 52.0392 21.4486 15.8 551184
2008 03 29 17 30 49 87.072 95.2771 24.3 551161
2008 04 14 09 45 14 146.0769 331.9034 112.3 551167
2008 04 28 15 57 47 148.8452 335.1589 10 498687
2008 05 12 06 27 58 58.9364 103.372 7.6 550881
2008 05 12 11 11 00 58.7616 103.627 11.5 498952
2008 05 19 14 26 42 88.3246 99.0534 14.8 499120
2008 05 23 19 35 32 82.6407 325.109 10 550883
2008 05 25 08 21 47 57.3969 105.377 14 550741
2008 05 29 15 45 57 26.0436 339.0125 10 553046
2008 05 31 04 37 51 131.2531 80.4853 0.5 499270
2008 06 08 12 25 28 52.0392 21.4486 15.8 499390
2006 09 21 18 54 39 99.1324 110.35 19.4 480611
2006 10 22 08 55 08 135.821 96.0662 10 553167
2006 08 11 20 54 13 87.6175 96.3657 30.2 479284
2006 08 20 03 41 35 151.016 325.7149 0.5 553166
2006 09 21 18 54 42 99.1324 110.35 19.4 480611
2006 06 05 06 26 57 88.8922 331.9615 10 476739
2006 07 17 09 13 07 99.093 107.857 48.7 478304
2006 08 11 20 54 13 87.6175 96.3657 30.2 479284
2006 09 21 18 54 41 99.1324 110.35 19.4 480611
2006 10 22 08 55 15 135.821 96.0662 10 553167
2006 07 17 08 19 21 99.3178 107.424 20 478297
2006 07 17 15 45 58 99.4343 108.327 19.1 478349
2006 07 19 10 57 30 96.5781 105.386 49.3 478478
2006 07 27 11 16 33 88.2944 97.1228 31.8 478761
2006 08 11 20 54 14 87.6175 96.3657 30.2 479284
2006 10 22 08 55 14 135.821 96.0662 10 553167
2006 12 01 14 01 41 98.347 118.738 46.8 483689
2006 12 22 19 50 39 79.3045 92.4049 31 484480
2007 01 08 17 21 38 50.177 70.309 18.4 485144
2007 01 20 06 20 54 145.321 330.5456 10 485767
2007 02 12 10 35 10 54.0824 349.7558 30.4 486691
2007 03 01 23 11 46 63.4096 315.3781 10 487325
2007 03 06 05 49 18 90.501 100.474 30.1 487471
2007 03 08 11 14 24 148.1609 352.3282 4 553170
2007 04 03 03 34 57 53.4827 70.6851 213 488696
2007 04 07 07 09 23 52.652 335.4875 9.1 488992
2007 04 07 09 51 39 87.0793 95.6909 31.2 489001
2007 05 04 12 06 52 91.3491 344.9525 10 553168
2007 05 05 08 51 29 55.7306 82.0337 14.2 553169
2007 05 16 08 56 08 69.4248 100.758 1.3 490633
2007 06 02 21 34 56 66.9347 101.024 11.6 552970
2007 06 24 00 25 11 145.6106 357.5663 10 491970
2007 06 26 22 23 00 100.4979 108.214 18.2 492054
2007 08 08 17 05 04 95.8913 107.451 295.8 493807
2007 09 12 11 10 26 94.4637 101.396 35.5 495373
2007 09 13 02 29 56 91.6708 99.5879 24.8 495434
2007 09 13 03 35 26 92.1573 99.5731 20 495438
2007 09 13 16 09 04 93.2096 101.365 50.9 495466
2006 07 17 09 12 59 99.093 107.857 48.7 478304
2006 07 17 15 45 45 99.4343 108.327 19.1 478349
2006 08 11 20 54 12 87.6175 96.3657 30.2 479284
2006 08 20 03 41 34 151.016 325.7149 0.5 553166
2006 10 22 08 55 10 135.821 96.0662 10 553167
2007 01 08 12 48 24 81.9514 92.4527 17.4 485134
2007 01 17 23 18 45 79.9047 58.7229 10 485686
2007 03 06 03 49 32 90.5271 100.465 22.5 487469
2007 04 07 07 09 22 52.652 335.4875 9.1 488992
2007 04 07 09 51 45 87.0793 95.6909 31.2 489001
2007 04 28 14 02 20 150.9376 339.631 10 489944
2007 05 04 12 06 48 91.3491 344.9525 10 553168
2007 05 16 08 56 05 69.4248 100.758 1.3 490633
2007 06 02 21 34 48 66.9347 101.024 11.6 552970
2007 08 08 17 05 05 95.8913 107.451 295.8 493807
2007 09 12 11 10 18 94.4637 101.396 35.5 495373
2007 09 12 23 48 59 92.6161 100.726 36 495417
2007 09 13 02 29 50 91.6708 99.5879 24.8 495434
2007 09 13 16 09 12 93.2096 101.365 50.9 495466
2007 09 20 08 31 03 92.0214 100.059 30.9 553171
2007 06 24 00 25 10 145.6106 357.5663 10 491970
2007 07 03 08 25 57 89.28 329.7386 10 492281
2006 07 17 15 45 47 99.4343 108.327 19.1 478349
2006 07 19 10 57 32 96.5781 105.386 49.3 478478
2006 08 11 20 54 11 87.6175 96.3657 30.2 479284
2006 09 21 18 54 40 99.1324 110.35 19.4 480611
2007 01 08 12 48 39 81.9514 92.4527 17.4 485134
2007 01 08 17 21 39 50.177 70.309 18.4 485144
2007 01 20 06 21 03 145.321 330.5456 10 485767
2007 02 12 10 35 19 54.0824 349.7558 30.4 486691
2007 02 28 23 13 06 145.2878 330.7853 21.4 487296
2007 04 03 03 34 56 53.4827 70.6851 213 488696
2007 04 05 03 56 43 52.6223 335.3682 4.3 488877
2007 04 07 07 09 10 52.652 335.4875 9.1 488992
2007 04 07 09 51 47 87.0793 95.6909 31.2 489001
2007 05 04 12 06 44 91.3491 344.9525 10 553168
2007 05 16 08 56 08 69.4248 100.758 1.3 490633
2007 06 02 21 34 56 66.9347 101.024 11.6 552970
2007 06 26 22 22 58 100.4979 108.214 18.2 492054
2007 08 08 17 04 58 95.8913 107.451 295.8 493806
2007 08 08 17 04 57 96.089 107.584 293.8 553172
2007 04 03 03 34 59 53.4827 70.6851 213 488696
2007 04 05 03 56 45 52.6223 335.3682 4.3 488877
2007 04 07 07 09 12 52.652 335.4875 9.1 488992
2007 04 07 09 51 45 87.0793 95.6909 31.2 489001
2007 04 28 14 02 35 150.9376 339.631 10 489944
2007 05 04 12 06 45 91.3491 344.9525 10 553168
2006 07 17 09 13 02 99.093 107.857 48.7 478304
2006 07 17 15 45 53 99.4343 108.327 19.1 478349
2006 08 11 20 54 14 87.6175 96.3657 30.2 479284
2006 09 09 04 13 00 97.2509 120.128 579.1 480240
2006 09 21 18 54 39 99.1324 110.35 19.4 480611
2006 10 09 10 01 35 69.2561 120.074 18.4 481250
2006 12 01 03 58 21 86.5713 99.113 206.1 483673
2007 01 08 17 21 37 50.177 70.309 18.4 485144
2007 01 20 06 20 56 145.321 330.5456 10 485767
2007 02 12 10 35 14 54.0824 349.7558 30.4 486691
2007 02 28 23 13 09 145.2878 330.7853 21.4 487296
2007 03 06 05 49 24 90.501 100.474 30.1 487471
2007 04 03 03 34 51 53.4827 70.6851 213 488696
2007 04 05 03 56 48 52.6223 335.3682 4.3 488877
2007 04 07 07 09 14 52.652 335.4875 9.1 488992
2007 04 07 09 51 41 87.0793 95.6909 31.2 489001
2007 05 16 08 56 08 69.4248 100.758 1.3 490633
2007 06 26 22 23 00 100.4979 108.214 18.2 492054
2007 08 08 17 04 49 96.089 107.584 293.8 553172
2007 09 12 11 10 13 94.4637 101.396 35.5 495373
2007 09 13 03 35 09 92.1573 99.5731 20 495438
2007 09 13 16 09 09 93.2096 101.365 50.9 495466
2006 12 01 14 01 42 98.347 118.738 46.8 483689
2007 01 08 12 48 31 81.9514 92.4527 17.4 485134
2007 02 12 10 35 14 54.0824 349.7558 30.4 486691
2007 03 01 23 11 44 63.4096 315.3781 10 487325
2007 03 08 11 14 17 148.1609 352.3282 4 553170
2007 04 03 03 34 54 53.4827 70.6851 213 488696
2007 04 05 03 56 48 52.6223 335.3682 4.3 488877
2007 04 07 07 09 22 52.652 335.4875 9.1 488992
2007 04 28 14 02 24 150.9376 339.631 10 489944
2007 05 04 12 06 46 91.3491 344.9525 10 553168
2007 05 16 08 56 06 69.4248 100.758 1.3 490633
2007 06 24 00 25 07 145.6106 357.5663 10 491970
2007 08 08 17 04 52 95.8913 107.451 295.8 493806
2007 09 12 23 49 00 92.6161 100.726 36 495417
2007 09 13 02 29 54 91.6708 99.5879 24.8 495434
2006 12 01 03 58 17 86.5713 99.113 206.1 483673
2006 12 01 14 01 40 98.347 118.738 46.8 483689
2006 12 22 19 50 31 79.3045 92.4049 31 484480
2007 01 08 12 48 34 81.9514 92.4527 17.4 485134
2007 01 20 06 21 03 145.321 330.5456 10 485767
2007 02 12 10 35 20 54.0824 349.7558 30.4 486691
2007 03 06 03 49 37 90.5271 100.465 22.5 487469
2007 04 07 07 09 12 52.652 335.4875 9.1 488992
2007 05 04 12 06 46 91.3491 344.9525 10 553168
2007 05 05 08 51 26 55.7306 82.0337 14.2 553169
2007 05 16 08 55 58 69.4248 100.758 1.3 490633
2006 07 17 15 45 52 99.4343 108.327 19.1 478349
2006 07 19 10 57 22 96.5781 105.386 49.3 478478
2006 08 11 20 54 01 87.6175 96.3657 30.2 479284
2006 09 09 04 13 06 97.2509 120.128 579.1 480240
2006 09 21 18 54 39 99.1324 110.35 19.4 480611
2006 10 09 10 01 45 69.2561 120.074 18.4 481250
2006 10 22 08 55 03 135.821 96.0662 10 553167
2006 12 22 19 50 36 79.3045 92.4049 31 484480
2006 12 26 12 26 15 68.1357 120.545 6.6 484630
2006 12 26 12 34 01 67.9702 120.498 30.2 553173
2007 01 08 12 48 29 81.9514 92.4527 17.4 485134
2007 01 08 17 21 47 50.177 70.309 18.4 485144
2007 01 20 06 21 01 145.321 330.5456 10 485767
2007 02 12 10 35 23 54.0824 349.7558 30.4 486691
2007 04 03 03 35 01 53.4827 70.6851 213 488696
2007 04 05 03 56 39 52.6223 335.3682 4.3 488877
2007 04 07 07 09 19 52.652 335.4875 9.1 488992
2007 04 07 09 51 43 87.0793 95.6909 31.2 489001
2007 05 16 08 56 10 69.4248 100.758 1.3 490633
2007 07 25 23 37 30 82.9009 92.5074 27.7 493212
2007 08 08 17 04 45 95.8913 107.451 295.8 493806
2007 08 20 22 42 18 81.8748 320.7515 0.7 553174
2006 07 17 08 19 19 99.3178 107.424 20 478297
2006 07 17 09 13 01 99.093 107.857 48.7 478304
2006 07 19 10 57 33 96.5781 105.386 49.3 478478
2006 07 27 11 16 35 88.2944 97.1228 31.8 478761
2006 08 11 20 54 11 87.6175 96.3657 30.2 479284
2006 08 20 03 41 42 151.016 325.7149 0.5 553166
2007 01 08 17 21 43 50.177 70.309 18.4 485144
2007 01 17 23 18 37 79.9047 58.7229 10 485686
2007 01 20 06 21 04 145.321 330.5456 10 485767
2007 02 12 10 35 20 54.0824 349.7558 30.4 486691
2007 03 06 03 49 33 90.5271 100.465 22.5 487469
2007 08 20 22 42 26 81.8748 320.7515 0.7 553174
2007 09 12 23 49 02 92.6161 100.726 36 495417
2006 07 27 11 16 32 88.2944 97.1228 31.8 478761
2006 08 11 20 54 06 87.6175 96.3657 30.2 479284
2006 08 20 03 41 44 151.016 325.7149 0.5 553166
2006 12 01 03 58 18 86.5713 99.113 206.1 483673
2006 12 01 14 01 42 98.347 118.738 46.8 483689
2007 01 08 12 48 38 81.9514 92.4527 17.4 485134
2007 01 08 17 21 42 50.177 70.309 18.4 485144
2007 01 20 06 20 52 145.321 330.5456 10 485767
2007 02 12 10 35 11 54.0824 349.7558 30.4 486691
2007 03 06 05 49 17 90.501 100.474 30.1 487471
2007 04 03 03 34 49 53.4827 70.6851 213 488696
2007 04 05 03 56 37 52.6223 335.3682 4.3 488877
2007 04 07 07 09 16 52.652 335.4875 9.1 488992
2007 04 07 09 51 41 87.0793 95.6909 31.2 489001
2007 04 28 14 02 24 150.9376 339.631 10 489944
2007 05 05 08 51 39 55.7306 82.0337 14.2 553169
2007 06 02 21 34 55 66.9347 101.024 11.6 552970
2007 08 08 17 04 56 95.8913 107.451 295.8 493806
2007 08 08 17 04 55 96.089 107.584 293.8 553172
2007 08 20 22 42 21 81.8748 320.7515 0.7 553174
2007 09 14 06 01 25 94.1551 101.1 32.9 495507
2006 07 17 15 45 47 99.4343 108.327 19.1 478349
2006 07 19 10 57 27 96.5781 105.386 49.3 478478
2006 08 11 20 54 09 87.6175 96.3657 30.2 479284
2006 09 21 18 54 44 99.1324 110.35 19.4 480611
2006 10 09 10 01 37 69.2561 120.074 18.4 481250
2006 12 22 19 50 41 79.3045 92.4049 31 484480
2006 12 26 12 26 16 68.1357 120.545 6.6 484630
2007 01 08 12 48 39 81.9514 92.4527 17.4 485134
2007 01 08 17 21 49 50.177 70.309 18.4 485144
2007 01 20 06 21 03 145.321 330.5456 10 485767
2007 02 12 10 35 09 54.0824 349.7558 30.4 486691
2007 02 28 23 13 15 145.2878 330.7853 21.4 487296
2007 03 01 23 11 50 63.4096 315.3781 10 487325
2007 03 06 05 49 18 90.501 100.474 30.1 487471
2007 04 03 03 34 52 53.4827 70.6851 213 488696
2007 04 05 03 56 44 52.6223 335.3682 4.3 488877
2007 04 07 07 09 11 52.652 335.4875 9.1 488992
2007 04 07 09 51 49 87.0793 95.6909 31.2 489001
2007 04 28 14 02 32 150.9376 339.631 10 489944
2007 05 04 12 06 40 91.3491 344.9525 10 553168
2007 05 05 08 51 29 55.7306 82.0337 14.2 553169
2007 05 16 08 56 09 69.4248 100.758 1.3 490633
2007 06 24 00 25 02 145.6106 357.5663 10 491970
2007 07 03 08 25 45 89.28 329.7386 10 492281
2007 07 31 22 55 22 90.1853 342.2246 17.6 493455
2007 08 08 17 05 06 95.8913 107.451 295.8 493807
2007 09 12 11 10 25 94.4637 101.396 35.5 495373
2007 09 13 02 29 51 91.6708 99.5879 24.8 495434
2007 09 13 03 35 14 92.1573 99.5731 20 495438
2007 09 13 16 09 06 93.2096 101.365 50.9 495466
2007 09 14 06 01 26 94.1551 101.1 32.9 495507
2006 06 18 18 27 54 56.9805 320.3421 9.2 553175
2006 08 11 20 54 13 87.6175 96.3657 30.2 479284
2006 08 20 03 41 39 151.016 325.7149 0.5 553166
2006 07 17 08 19 15 99.3178 107.424 20 478297
2006 07 19 10 57 23 96.5781 105.386 49.3 478478
2006 07 27 11 16 37 88.2944 97.1228 31.8 478761
2006 08 11 20 54 15 87.6175 96.3657 30.2 479284
2006 08 20 03 41 45 151.016 325.7149 0.5 553166
2006 09 09 04 13 05 97.2509 120.128 579.1 480240
2006 10 22 08 55 11 135.821 96.0662 10 553167
2006 12 01 14 01 39 98.347 118.738 46.8 483689
2006 12 26 12 26 13 68.1357 120.545 6.6 484630
2007 01 08 12 48 36 81.9514 92.4527 17.4 485134
2007 02 12 10 35 10 54.0824 349.7558 30.4 486691
2007 03 01 23 11 47 63.4096 315.3781 10 487325
2007 03 08 11 14 19 148.1609 352.3282 4 553170
2007 04 05 03 56 35 52.6223 335.3682 4.3 488877
2007 04 07 07 09 13 52.652 335.4875 9.1 488992
2007 04 07 09 51 48 87.0793 95.6909 31.2 489001
2007 04 28 14 02 31 150.9376 339.631 10 489944
2007 05 04 12 06 37 91.3491 344.9525 10 553168
2007 05 16 08 56 12 69.4248 100.758 1.3 490633
2007 06 24 00 25 14 145.6106 357.5663 10 491970
2007 06 26 22 23 00 100.4979 108.214 18.2 492054
2007 08 08 17 04 55 95.8913 107.451 295.8 493806
2007 09 13 03 35 18 92.1573 99.5731 20 495438
2007 09 13 16 09 04 93.2096 101.365 50.9 495466
2007 09 19 07 27 41 92.7753 100.83 38.4 495719
2007 09 20 08 31 11 92.0214 100.059 30.9 553171
2006 06 18 18 27 54 56.9805 320.3421 9.2 553175
2006 07 17 08 19 25 99.3178 107.424 20 478297
2006 08 11 20 54 12 87.6175 96.3657 30.2 479284
2006 08 20 03 41 32 151.016 325.7149 0.5 553166
2008 04 28 15 57 50 148.8452 335.1589 10 498687
2008 05 12 06 27 59 58.9364 103.372 7.6 550881
2008 05 19 14 26 45 88.3246 99.0534 14.8 499120
2008 05 23 19 35 34 82.6407 325.109 10 550883
2008 05 25 08 21 47 57.3969 105.377 14 550741
2008 05 29 15 45 58 26.0436 339.0125 10 553046
2008 05 31 04 37 53 131.2531 80.4853 0.5 499270
2008 06 08 12 25 29 52.0392 21.4486 15.8 551184
2006 07 17 08 19 14 99.3178 107.424 20 478297
2006 07 17 15 45 54 99.4343 108.327 19.1 478349
2006 07 19 10 57 25 96.5781 105.386 49.3 478478
2006 09 09 04 12 56 97.2509 120.128 579.1 480240
2006 09 21 18 54 42 99.1324 110.35 19.4 480611
2006 10 09 10 01 39 69.2561 120.074 18.4 481250
2006 10 22 08 55 14 135.821 96.0662 10 553167
2006 12 01 03 58 17 86.5713 99.113 206.1 483673
2007 01 20 06 20 54 145.321 330.5456 10 485767
2007 02 12 10 35 10 54.0824 349.7558 30.4 486691
2007 03 06 03 49 35 90.5271 100.465 22.5 487469
2007 03 08 11 14 26 148.1609 352.3282 4 553170
2007 04 28 14 02 29 150.9376 339.631 10 489944
2007 05 04 12 06 50 91.3491 344.9525 10 553168
2007 05 16 08 56 06 69.4248 100.758 1.3 490633
2007 06 24 00 25 13 145.6106 357.5663 10 491970
2007 06 26 22 23 00 100.4979 108.214 18.2 492054
2007 07 03 08 25 57 89.28 329.7386 10 492281
2007 08 08 17 04 49 95.8913 107.451 295.8 493806
2007 08 08 17 04 48 96.089 107.584 293.8 553172
2007 09 13 16 09 14 93.2096 101.365 50.9 495466
2007 09 19 07 27 48 92.7753 100.83 38.4 495719
2007 09 20 08 31 00 92.0214 100.059 30.9 553171
2006 05 16 15 28 27 89.8835 97.1062 30.7 475990
2006 06 18 18 27 52 56.9805 320.3421 9.2 553175
2006 07 17 08 19 15 99.3178 107.424 20 478297
2006 08 11 20 54 13 87.6175 96.3657 30.2 479284
2006 07 17 08 19 25 99.3178 107.424 20 478297
2006 07 17 09 13 07 99.093 107.857 48.7 478304
2006 07 17 15 45 57 99.4343 108.327 19.1 478349
2006 07 27 11 16 28 88.2944 97.1228 31.8 478761
2006 08 11 20 54 11 87.6175 96.3657 30.2 479284
2007 01 20 06 20 55 145.321 330.5456 10 485767
2007 03 08 11 14 28 148.1609 352.3282 4 553170
2007 06 26 22 22 59 100.4979 108.214 18.2 492054
2007 07 03 08 25 49 89.28 329.7386 10 492281
2007 09 12 11 10 22 94.4637 101.396 35.5 495373
2007 09 13 02 29 55 91.6708 99.5879 24.8 495434
2007 09 13 03 35 26 92.1573 99.5731 20 495438
2007 09 14 06 01 27 94.1551 101.1 32.9 495507
2006 06 21 12 34 41 83.0626 92.4882 21.5 477331
2006 07 17 15 45 54 99.4343 108.327 19.1 478349
2006 08 11 20 54 14 87.6175 96.3657 30.2 479284
2007 02 28 23 13 16 145.2878 330.7853 21.4 487296
2007 03 06 03 49 26 90.5271 100.465 22.5 487469
2007 03 06 05 49 27 90.501 100.474 30.1 487471
2007 03 08 11 14 18 148.1609 352.3282 4 553170
2007 04 03 03 35 01 53.4827 70.6851 213 488696
2007 04 07 07 09 17 52.652 335.4875 9.1 488992
2007 04 07 09 51 49 87.0793 95.6909 31.2 489001
2007 05 16 08 55 59 69.4248 100.758 1.3 490633
2007 06 24 00 25 14 145.6106 357.5663 10 491970
2007 06 26 22 22 59 100.4979 108.214 18.2 492054
2007 07 03 08 25 51 89.28 329.7386 10 492281
2007 08 08 17 04 58 95.8913 107.451 295.8 493806
2007 09 12 11 10 20 94.4637 101.396 35.5 495373
2007 09 12 23 48 55 92.6161 100.726 36 495417
2007 09 13 03 35 23 92.1573 99.5731 20 495438
2007 09 13 16 09 13 93.2096 101.365 50.9 495466
2007 09 14 06 01 19 94.1551 101.1 32.9 495507
