2013 10 24 19 25 10 148.259 347.198 10 530474
2013 01 21 22 22 54 85.038 95.921 24.6 525877
2013 01 28 16 38 53 47.418 79.721 14.3 525963
2013 10 04 17 26 14 128.707 78.5 11 530134
2013 10 12 13 11 53 54.473 23.371 46.9 530236
2013 10 15 00 12 33 80.167 124.123 23.2 530266
2013 10 31 12 02 09 66.457 121.458 14.8 530577
2013 11 03 11 03 40 85.359 123.4 556.8 530630
2013 11 13 23 45 48 150.309 312.713 10 530766
2013 11 16 03 34 34 150.307 312.801 24 530792
2013 11 17 09 04 56 150.378 313.413 7.9 530832
2013 12 01 06 29 58 87.983 96.848 21.6 531087
2012 11 02 18 17 34 80.765 126.281 55.5 524608
2012 12 11 06 18 28 89.44 126.223 43.8 525266
2012 12 17 09 16 31 90.693 123.883 46.4 525356
2013 02 16 04 37 37 84.222 125.779 116.4 526624
2013 07 26 21 33 00 148.035 335.72 17 553176
2012 04 11 08 38 37 87.763 93.014 26.3 521291
2012 04 11 09 27 57 88.782 91.714 10 521296
2012 04 11 10 43 10 89.233 92.428 21.6 521308
2012 04 15 05 57 40 87.419 90.335 25 521481
2012 04 17 19 03 57 149.187 343.193 13.6 553177
2012 08 18 09 41 55 91.351 120.127 27.9 523332
2012 08 30 13 43 25 18.554 348.966 11.1 553178
2012 09 03 18 23 08 100.677 113.964 34.8 523642
2012 09 14 04 51 48 93.3 100.67 23.3 523871
2012 10 17 04 42 31 85.821 124.561 338.4 524317
2012 11 11 01 12 39 67.11 95.848 14.2 524746
2012 05 20 02 03 53 45.127 11.222 17.7 522040
2012 05 24 22 47 46 16.973 5.505 8.2 553179
2011 03 20 08 26 11 70.926 121.306 39.9 553180
2011 03 24 13 55 13 69.371 99.917 12.8 514977
2011 04 01 13 29 11 54.269 26.546 75.5 515229
2011 04 03 20 06 43 99.734 107.769 31.9 515284
2011 04 24 23 07 54 94.48 122.864 28.3 515785
2011 05 14 21 07 21 53.575 70.723 207.6 516197
2011 05 15 13 08 15 89.542 334.392 18.9 516209
2011 07 11 20 47 04 80.473 122.245 21.6 517208
2011 07 15 13 26 02 150.986 336.338 8.6 550951
2011 07 19 19 35 43 49.844 71.501 19.5 551088
2012 06 10 12 44 16 53.616 28.967 32 522378
2012 06 16 22 18 49 74.458 119.603 44.9 522454
2012 06 23 04 34 53 86.998 97.911 101.9 553181
2012 06 29 21 07 32 46.567 84.612 17.1 522641
2012 07 25 00 27 45 87.375 96.11 28.6 523007
2012 07 26 05 33 33 107.55 66.29 16.2 523026
2012 08 11 12 23 17 51.598 46.838 8.7 523253
2012 08 11 12 34 36 51.621 46.795 18.9 523255
2012 08 12 10 47 07 54.348 82.541 14 523270
2013 03 19 03 29 02 148.981 335.431 52 527097
2013 03 27 02 03 19 66.119 121.135 18.6 527207
2013 04 09 11 52 50 61.554 51.629 12.8 527405
2013 04 16 10 44 19 62.03 62.136 63.1 527535
2013 04 20 00 02 47 59.732 103.02 18 553182
2013 05 11 02 08 11 63.342 57.843 15.1 527912
2013 06 02 05 43 03 66.169 121.059 17 528376
2013 06 13 16 47 25 99.951 107.302 20.6 528532
2013 06 15 16 11 02 55.55 25.044 21.5 528549
2013 06 16 21 39 06 55.576 25.186 25 528583
2013 06 24 22 04 14 79.31 317.332 17.5 528673
2013 07 02 07 37 05 85.31 96.582 25.4 528755
2013 07 06 05 05 06 93.294 100.531 26.1 528806
2013 07 15 14 03 41 151.052 334.773 19.9 553183
2013 07 21 23 45 55 55.496 104.26 5.1 529026
2013 07 22 07 01 41 136.094 34.861 3.2 529033
2013 08 17 16 32 31 124.886 54.127 10.9 529414
2013 09 05 04 01 36 74.749 314.787 10.4 529693
2013 09 06 11 33 54 69.814 122.333 189.4 529722
2013 09 21 01 39 15 97.267 119.95 550.1 529928
2013 09 24 11 29 48 63.09 65.531 15.5 529974
2013 09 28 07 34 07 62.839 65.619 18.7 530039
