2009 10 07 21 41 14 85.913 122.537 586.8 505826
2009 10 12 03 15 47 107.182 66.685 14.1 505963
2009 10 13 11 38 06 87.015 128.25 42.3 505993
2009 10 16 09 52 52 96.514 105.24 54.6 506046
2009 10 22 19 51 27 53.482 71.012 188.6 553185
2009 10 24 14 40 44 96.116 130.429 140.3 506153
2009 10 29 17 44 32 53.618 70.768 213.9 506217
2009 10 30 07 03 39 60.833 129.984 33.9 506227
2009 11 08 19 41 45 98.283 118.667 32.1 506329
2009 11 10 02 48 46 81.972 91.951 22.7 506357
2009 11 28 06 04 25 100.359 118.843 38.7 506557
2009 11 28 18 10 24 84.586 126.396 66.8 551310
2009 12 09 16 00 43 90.722 338.862 10.0 506703
2009 12 10 02 30 52 36.602 152.798 653.2 506708
2009 12 19 13 02 16 66.207 121.703 50.1 506805
2009 12 24 00 23 33 47.763 134.772 395.7 551395
2009 12 26 08 57 25 95.425 131.323 64.9 506882
2010 01 02 08 45 35 77.579 142.053 24.0 506970
2010 01 05 04 55 38 148.464 345.141 10.0 507018
2010 02 05 06 59 07 137.934 99.51 16.0 507438
2010 02 06 04 45 00 43.247 152.78 44.3 507448
2010 02 07 06 10 00 66.564 123.69 23.0 551425
2010 02 15 21 51 48 97.267 128.766 134.7 507563
2010 02 18 01 13 18 47.398 130.699 573.7 507582
2010 02 26 20 31 26 64.016 128.507 24.2 507693
2010 03 04 00 18 52 67.07 120.8 27.0 508109
2010 03 05 16 07 00 93.838 100.915 24.2 508158
2010 03 14 00 57 46 91.648 128.081 63.6 508374
2010 03 14 08 08 05 52.217 141.654 40.1 508388
2010 03 25 05 29 26 76.171 120.013 24.6 550442
2010 03 30 16 54 47 76.388 92.874 38.5 552744
2010 04 05 10 05 44 90.089 125.104 28.1 550443
2010 04 06 22 15 02 87.64 97.111 33.4 508706
2010 04 11 22 08 11 52.993 356.524 619.6 553186
2010 04 13 23 49 37 56.808 96.746 13.8 508820
2010 04 14 01 25 16 56.851 96.489 12.2 508826
2010 04 24 07 41 01 91.898 128.111 38.7 508941
2010 04 26 02 59 52 67.76 123.815 23.2 508961
2010 05 03 10 27 45 60.334 141.012 89.6 509064
2010 05 05 16 29 03 94.139 101.105 26.3 509087
2010 05 09 05 59 42 86.268 96.027 42.3 509134
2010 05 25 10 09 06 54.717 324.064 15.4 550452
2010 05 26 08 53 08 64.262 129.955 12.0 550453
2010 05 31 10 16 02 83.063 123.962 34.3 553187
2010 05 31 19 51 47 78.79 93.651 131.6 509381
2010 06 12 19 26 50 82.15 91.954 31.4 509523
2010 06 16 03 06 04 92.404 136.65 24.3 509566
2010 06 16 03 16 29 92.203 136.587 22.1 509567
2010 06 16 03 58 10 92.351 136.601 20.6 509572
2010 06 18 02 23 07 45.508 148.742 43.7 509594
2010 07 04 21 55 52 50.339 142.579 30.1 509780
2010 07 21 09 16 05 86.998 128.179 111.9 550234
2010 07 23 22 08 11 83.289 123.487 610.2 510016
2010 07 23 22 51 13 83.577 123.579 584.7 510022
2010 07 23 23 15 09 83.26 123.327 633.7 510027
2010 07 24 05 35 01 83.829 123.562 564.7 510042
2010 07 29 07 31 56 83.442 123.36 615.8 510108
2010 07 30 03 56 14 37.579 159.922 30.3 510120
2010 08 03 12 08 27 88.703 126.279 50.6 510175
2010 08 04 23 48 02 43.997 153.301 32.0 553188
2010 08 13 21 19 34 77.526 141.562 16.4 510330
2010 08 14 23 01 05 77.799 141.482 28.4 510370
2010 08 16 03 30 54 107.807 65.602 14.7 510398
2010 08 21 05 42 54 87.802 96.723 33.2 510452
2010 09 17 19 21 15 53.465 70.969 215.4 551205
2010 09 26 12 12 40 95.299 133.897 20.4 550458
2010 09 29 17 10 52 94.918 133.807 18.3 510883
2010 09 29 17 11 24 94.986 133.775 20.5 510884
2010 10 04 13 28 38 65.783 125.249 32.8 551209
2010 10 08 05 43 10 87.237 128.221 140.8 511005
2010 10 25 14 42 22 93.524 100.104 20.0 511191
2010 10 25 19 37 30 93.006 100.37 22.6 553189
2010 11 03 11 18 17 94.649 134.106 24.6 511283
2010 11 10 04 05 25 135.599 96.364 15.3 511358
2010 11 30 03 24 41 61.606 139.239 485.0 511646
2010 12 08 05 24 35 146.431 334.36 29.0 551229
2010 12 15 11 29 30 97.266 128.793 140.4 511818
2010 12 21 17 19 41 63.102 143.704 13.8 511895
2011 01 12 21 32 54 63.033 140.015 524.5 553190
2011 01 17 19 20 56 95.103 102.602 39.1 512592
2011 01 18 11 33 44 87.425 96.381 23.7 512606
2011 01 24 02 45 30 51.599 72.846 101.9 512688
2011 01 26 15 42 29 87.835 96.812 23.8 512715
2011 01 29 06 55 26 19.132 353.092 6.4 550705
2011 02 04 13 53 46 65.391 94.734 86.5 512855
2011 02 10 14 39 28 85.871 123.062 532.8 551436
2011 02 10 14 41 59 85.954 123.033 531.2 512940
2011 02 15 13 33 54 92.489 121.468 26.8 513004
2011 02 20 21 43 24 34.164 162.234 39.1 550240
2011 03 06 14 32 36 146.386 332.975 92.0 513227
2011 03 06 14 32 42 146.41 333.32 101.2 553191
2011 03 09 02 45 19 51.56 142.98 26.2 550241
2011 03 09 18 16 16 51.721 142.7 25.0 513283
2011 03 09 21 22 17 51.701 142.817 29.4 513286
2011 03 09 21 24 01 51.758 142.872 14.7 513287
2011 03 10 17 08 37 96.856 116.73 518.6 513310
2011 03 11 05 46 23 51.704 142.498 19.7 513319
2011 03 11 05 54 31 52.492 141.358 35.0 513320
2011 03 11 05 58 02 52.33 142.044 9.5 513322
2011 03 11 06 08 53 53.92 141.83 26.0 513327
2011 03 12 01 47 16 52.411 142.751 24.8 513744
2011 03 13 01 26 06 54.274 141.739 24.0 514037
2011 03 14 06 12 36 52.22 142.5 18.8 514267
2011 03 15 13 27 56 52.413 142.338 30.9 514419
2011 03 15 13 31 47 54.691 138.72 14.9 514420
2011 03 15 15 23 54 49.65 143.383 22.9 514432
2011 03 17 04 13 57 49.833 142.374 37.7 550310
2011 03 20 08 26 11 70.926 121.306 39.9 553177
2011 03 22 07 18 46 52.784 144.052 16.4 550319
2011 03 22 09 19 05 52.629 141.792 28.4 514864
2011 03 22 09 44 29 50.137 143.538 19.2 514865
2011 03 24 13 55 13 69.371 99.917 12.8 514977
2011 03 25 11 36 24 51.252 141.993 39.0 515015
2011 03 27 22 23 58 51.621 142.215 19.8 515100
2011 03 29 10 54 34 52.56 142.347 19.8 515137
2011 03 31 07 15 29 51.083 142.024 41.7 553192
2011 04 03 20 06 43 99.734 107.769 31.9 515284
2011 04 07 14 32 44 51.749 141.729 53.2 515366
2011 04 09 12 57 50 59.985 131.846 26.2 550466
2011 04 11 08 16 12 53.048 140.584 13.3 515458
2011 04 11 23 08 17 54.562 140.703 16.7 515497
2011 04 13 19 57 23 50.415 143.56 16.2 515547
2011 04 21 13 37 03 54.358 140.552 43.4 515728
2011 04 23 10 12 46 50.831 142.938 31.7 550351
2011 04 24 23 07 54 94.48 122.864 28.3 515785
2011 05 05 14 58 19 51.799 144.154 19.7 550354
2011 05 13 23 35 52 52.6 141.456 38.6 516184
2011 05 14 21 07 21 53.575 70.723 207.6 551071
2011 05 15 13 08 15 89.542 334.392 18.9 516209
2011 06 03 00 05 01 52.696 143.965 19.6 516510
2011 06 13 14 31 23 87.456 126.455 66.0 516703
2011 07 10 00 57 10 51.945 143.301 24.7 550368
2011 07 11 20 47 04 80.473 122.245 21.6 517208
2011 07 15 13 26 02 150.986 336.338 8.6 517311
2011 07 19 19 35 43 49.844 71.501 19.5 551088
2011 07 23 04 34 24 51.086 141.922 45.9 517415
2011 07 24 18 51 24 52.261 141.559 41.1 517440
2011 07 30 18 53 51 53.036 141.077 48.1 517525
2011 08 01 14 58 10 55.329 138.522 23.1 517560
2011 08 04 13 51 36 41.233 154.839 49.8 517601
2011 08 10 23 45 43 97.102 347.195 11.7 517677
2011 08 16 11 03 57 92.302 128.036 38.7 517747
2011 08 17 11 44 10 53.212 143.776 23.1 517767
2011 08 19 05 36 32 52.331 141.693 48.6 550379
2011 08 22 20 12 21 96.356 104.004 33.4 517851
2011 08 30 06 57 41 96.359 126.75 467.2 517955
2011 09 03 04 48 58 146.561 333.077 96.3 518020
2011 09 05 17 55 12 86.975 97.999 106.6 553193
2011 09 15 08 00 08 53.736 141.434 24.3 518174
2011 09 16 19 26 40 49.705 142.923 29.7 518197
2011 09 16 21 08 05 49.769 143.118 25.4 518203
2011 09 18 12 40 49 62.197 88.153 29.6 518230
2011 10 13 03 16 32 99.363 114.555 63.2 518533
2011 10 14 06 10 14 35.927 123.813 13.9 551442
2011 10 21 08 02 37 46.128 142.531 189.0 518640
2011 11 08 02 59 08 62.75 125.723 228.2 518921
2011 11 14 04 05 12 90.953 126.879 24.4 518995
2011 11 23 19 24 32 52.624 141.462 42.7 519125
2011 11 24 10 25 34 48.109 142.797 48.2 519133
2011 11 30 00 27 08 74.571 119.098 21.1 519198
2011 12 11 09 54 56 146.049 331.787 130.6 550967
2011 12 13 07 52 12 89.953 123.063 167.4 550665
2011 12 27 15 21 57 38.166 95.964 12.8 519571
2012 01 01 05 27 55 58.532 138.183 359.7 519643
2012 01 10 18 37 00 87.57 93.208 20.9 519785
2012 01 22 05 53 43 146.931 334.771 18.7 519966
2012 02 06 03 49 13 80.081 123.216 17.5 520221
2012 02 06 10 10 19 80.101 123.174 12.6 520226
2012 02 26 06 17 19 38.2 95.98 13.0 520525
2012 03 14 09 08 36 49.158 145.015 19.2 520862
2012 03 14 10 49 25 49.198 144.856 14.4 520867
2012 03 14 12 05 06 54.253 140.824 19.7 520872
2012 03 27 11 00 44 50.144 142.204 14.4 521101
2012 04 11 08 38 37 87.763 93.014 26.3 521291
2012 04 11 09 27 57 88.782 91.714 10.0 521296
2012 04 11 10 43 10 89.233 92.428 21.6 521308
2012 04 15 05 57 40 87.419 90.335 25.0 521481
2012 04 17 19 03 57 149.187 343.193 13.6 553178
2012 04 21 01 16 53 91.694 134.322 24.4 521585
2012 04 21 01 25 14 91.699 134.238 24.0 521588
2012 05 20 02 03 53 45.127 11.222 17.7 522040
2012 05 20 07 20 37 50.496 143.386 12.8 522051
2012 05 23 15 02 27 48.644 142.126 64.1 522116
2012 05 24 22 47 46 16.973 5.505 8.2 553179
2012 05 26 21 48 09 63.099 140.168 481.6 522156
2012 06 05 19 31 34 55.024 141.282 20.8 522294
2012 06 16 22 18 49 74.458 119.603 44.9 522454
2012 06 17 20 32 21 51.085 142.049 45.1 553194
2012 06 23 04 34 53 86.998 97.911 101.9 553180
2012 06 24 03 15 01 32.499 163.414 16.0 522562
2012 06 29 21 07 32 46.567 84.612 17.1 522641
2012 07 08 11 33 05 44.58 151.39 37.7 522762
2012 07 20 06 10 27 40.753 156.109 37.9 553195
2012 07 25 00 27 45 87.375 96.11 28.6 523007
2012 07 26 05 33 33 107.55 66.29 16.2 523026
2012 08 12 10 47 07 54.348 82.541 14.0 523270
2012 08 14 02 59 38 40.25 145.305 590.7 523282
2012 08 18 09 41 55 91.351 120.127 27.9 523332
2012 08 26 15 05 37 87.802 126.869 90.9 523406
2012 08 30 13 43 25 18.554 348.966 11.1 553181
2012 08 31 12 47 35 79.19 126.826 44.4 523494
2012 09 03 18 23 08 100.677 113.964 34.8 523642
2012 09 08 10 51 45 93.218 135.097 32.3 523755
2012 09 09 05 39 39 40.703 155.695 54.0 523773
2012 09 14 04 51 48 93.3 100.67 23.3 523871
2012 10 01 22 21 46 50.177 143.209 18.0 524100
2012 10 08 11 43 34 94.541 129.234 29.6 524192
2012 10 12 00 31 31 94.885 134.082 34.6 524240
2012 10 17 04 42 31 85.821 124.561 338.4 524317
2012 11 02 18 17 34 80.765 126.281 55.5 524608
2012 11 11 01 12 39 67.11 95.848 14.2 524746
2012 11 16 18 12 43 40.764 155.654 50.8 524862
2012 12 07 08 18 23 52.18 144.159 35.3 525151
2012 12 07 08 31 13 52.089 143.907 31.9 525152
2012 12 10 16 53 09 96.496 129.868 161.5 525254
2012 12 11 06 18 28 89.44 126.223 43.8 525266
2012 12 17 09 16 31 90.693 123.883 46.4 525356
2013 01 21 22 22 54 85.038 95.921 24.6 525877
2013 01 28 16 38 53 47.418 79.721 14.3 525963
2013 02 02 14 17 34 47.216 143.147 105.0 526071
2013 02 14 13 13 52 22.483 142.701 8.9 526587
2013 02 16 04 37 37 84.222 125.779 116.4 526624
