2011 07 11 20 47 04 80.473 122.245 21.6 517208
2011 07 19 19 35 43 49.844 71.501 19.5 551088
2011 07 23 04 34 24 51.086 141.922 45.9 517415
2011 07 24 18 51 24 52.261 141.559 41.1 517440
2011 07 30 18 53 51 53.036 141.077 48.1 517525
2011 08 01 14 58 10 55.329 138.522 23.1 517560
2011 08 10 23 45 43 97.102 347.195 11.7 517677
2011 08 16 11 03 57 92.302 128.036 38.7 517747
2011 08 19 05 36 32 52.331 141.693 48.6 550379
2011 08 22 20 12 21 96.356 104.004 33.4 517851
2011 08 30 06 57 41 96.359 126.75 467.2 517955
2011 09 03 04 48 58 146.561 333.077 96.3 518020
2011 09 05 17 55 12 86.975 97.999 106.6 553193
2011 09 15 08 00 08 53.736 141.434 24.3 518174
2011 09 16 21 08 05 49.769 143.118 25.4 518203
2011 09 18 12 40 49 62.197 88.153 29.6 518230
2011 10 13 03 16 32 99.363 114.555 63.2 518533
2011 10 14 06 10 14 35.927 123.813 13.9 551442
2011 10 21 08 02 37 46.128 142.531 189.0 518640
2011 11 08 02 59 08 62.75 125.723 228.2 518921
2011 11 14 04 05 12 90.953 126.879 24.4 518995
2011 11 23 19 24 32 52.624 141.462 42.7 519125
2011 11 24 10 25 34 48.109 142.797 48.2 519133
2011 11 30 00 27 08 74.571 119.098 21.1 519198
2011 12 13 07 52 12 89.953 123.063 167.4 550665
2011 12 27 15 21 57 38.166 95.964 12.8 519571
2012 01 01 05 27 55 58.532 138.183 359.7 519643
2012 01 10 18 37 00 87.57 93.208 20.9 519785
2012 01 22 05 53 43 146.931 334.771 18.7 519966
2012 02 06 03 49 13 80.081 123.216 17.5 520221
2012 02 06 10 10 19 80.101 123.174 12.6 520226
2012 02 26 06 17 19 38.2 95.98 13.0 520525
2012 03 14 12 05 06 54.253 140.824 19.7 520872
2012 03 27 11 00 44 50.144 142.204 14.4 521101
2012 04 11 08 38 37 87.763 93.014 26.3 521291
2012 04 11 09 27 57 88.782 91.714 10.0 521296
2012 04 11 10 43 10 89.233 92.428 21.6 521308
2012 04 15 05 57 40 87.419 90.335 25.0 521481
2012 04 17 19 03 57 149.187 343.193 13.6 553178
2012 05 20 02 03 53 45.127 11.222 17.7 522040
2012 05 23 15 02 27 48.644 142.126 64.1 522116
2012 05 24 22 47 46 16.973 5.505 8.2 553179
2012 06 05 19 31 34 55.024 141.282 20.8 522294
2012 06 16 22 18 49 74.458 119.603 44.9 522454
2012 06 17 20 32 21 51.085 142.049 45.1 553194
2012 06 23 04 34 53 86.998 97.911 101.9 553180
2012 06 29 21 07 32 46.567 84.612 17.1 522641
2012 07 25 00 27 45 87.375 96.11 28.6 523007
2012 07 26 05 33 33 107.55 66.29 16.2 523026
2012 08 12 10 47 07 54.348 82.541 14.0 523270
2012 08 14 02 59 38 40.25 145.305 590.7 523282
2012 08 18 09 41 55 91.351 120.127 27.9 523332
2012 08 26 15 05 37 87.802 126.869 90.9 523406
2012 08 30 13 43 25 18.554 348.966 11.1 553181
2012 08 31 12 47 35 79.19 126.826 44.4 523494
2012 09 03 18 23 08 100.677 113.964 34.8 523642
2012 09 14 04 51 48 93.3 100.67 23.3 523871
2012 10 08 11 43 34 94.541 129.234 29.6 524192
