2010 11 10 04 04 53 135.5992 96.3646 15.3 551220
2010 12 08 05 24 05 146.4318 334.36 29.0 511733
2010 12 20 18 41 26 61.6319 59.15 14.5 550837
2011 01 01 09 56 42 116.8513 296.7627 584.3 512345
2011 01 02 20 20 08 128.3907 286.6007 24.4 512363
2011 01 17 19 20 51 95.1037 102.602 39.1 512592
2011 01 18 11 33 21 87.4249 96.3816 23.7 550842
2011 01 18 20 23 22 61.3169 63.9948 79.9 550843
2011 01 24 02 45 26 51.5982 72.8467 101.9 512688
2011 01 27 08 38 20 61.849 59.052 18.5 550844
2011 02 11 20 05 01 126.4604 286.8448 12.8 512958
2011 02 11 23 39 12 127.2361 286.5125 16.5 512965
2011 02 12 01 16 31 127.0037 286.8453 10.0 512968
2011 02 14 03 39 49 125.4868 286.8989 17.0 512991
2011 03 06 12 31 55 108.2064 290.4994 114.5 551065
2011 03 06 14 32 19 146.3864 332.9747 92.0 513227
2011 03 06 14 32 22 146.41 333.32 101.2 553191
2011 04 01 13 28 55 54.2683 26.5466 75.5 550945
2011 05 14 21 07 08 53.5743 70.7231 207.6 516197
2011 05 15 13 07 44 89.5416 334.3912 18.9 551305
2011 06 01 12 55 17 127.5547 286.1678 10.0 516484
2011 06 20 16 35 44 111.771 291.6166 126.2 516819
2011 07 15 13 25 51 150.9862 336.3372 8.6 550951
2011 07 16 00 25 45 123.8756 287.8993 20.5 517320
2011 07 19 19 35 10 49.8438 71.5011 19.5 551088
2011 08 24 17 46 03 97.6203 285.462 149.3 517876
2011 09 02 13 46 34 118.4135 296.864 592.7 551097
2011 09 03 04 48 30 146.5611 333.0769 96.3 518020
2011 09 05 17 54 58 86.9747 97.9991 106.6 553193
2011 09 18 12 40 35 62.1961 88.1536 29.6 518230
2011 10 23 10 41 05 51.2706 43.4465 7.6 518671
2011 10 23 20 45 11 51.4107 43.1165 10.1 550958
2011 10 28 18 54 18 104.5572 283.8793 29.0 518760
2011 11 22 18 47 58 105.3083 294.8366 560.3 519114
2011 12 07 22 22 59 117.9324 288.8656 13.8 519310
2011 12 11 09 54 37 146.049 331.7865 130.600007812 550967
2012 01 10 18 36 47 87.5693 93.2081 20.9 519785
2012 01 15 13 39 55 150.701 304.1421 17.3 553197
2012 01 15 14 21 20 150.8685 303.9666 23.0 553198
2012 01 22 05 53 19 146.9317 334.7707 18.7 519966
2012 01 23 16 04 25 126.4552 286.8184 23.5 550970
2012 01 30 05 10 30 104.2139 284.3416 34.2 520094
2012 03 05 07 45 34 118.2579 296.7084 551.9 520700
2012 03 25 22 36 55 125.2035 287.8732 28.2 553199
2012 04 11 08 38 36 87.7624 93.0144 26.3 521291
2012 04 11 10 43 07 89.2325 92.4284 21.6 521308
2012 04 14 10 55 55 147.5759 294.6279 8.4 521454
2012 04 17 03 49 58 122.6374 288.4359 29.7 521513
2012 04 17 19 03 50 149.1876 343.1923 13.6 553178
2012 05 14 10 00 19 107.7968 290.2074 108.7 521959
2012 05 20 02 03 49 45.127 11.2227 17.7 522040
2012 05 28 05 07 08 118.021 296.8866 591.1 553201
2012 06 02 07 52 34 112.1017 296.3426 539.4 553202
2012 06 07 04 04 34 126.0516 289.1453 5.8 553203
2012 06 07 16 02 51 105.9117 287.5277 106.7 522329
2012 06 10 12 44 12 53.6153 28.9676 32.0 522378
2012 06 23 04 34 50 86.9978 97.9116 101.9 553180
2012 07 25 00 27 24 87.3745 96.1109 28.6 523007
2012 07 26 05 33 31 107.5507 66.2905 16.2000009766 523026
2012 08 02 09 38 31 98.454 285.7274 148.8 523107
2012 08 11 12 23 15 51.5977 46.838 8.7 523253
2012 08 11 12 34 12 51.6202 46.7958 18.9 523255
2012 08 12 10 47 01 54.3474 82.5417 14.0 523270
2012 09 30 16 31 04 88.0921 283.6284 155.2 524079
