2011 04 01 13 29 11 54.2683 26.5466 75.5 515229
2011 04 03 20 06 43 99.7342 107.769 31.9 515284
2011 04 24 23 07 54 94.4806 122.864 28.3 515785
2011 05 14 21 07 21 53.5743 70.7231 207.6 551071
2011 06 05 11 51 13 145.8442 147.235 14.4 554454
2011 07 15 13 26 02 150.9862 336.3372 8.6 517311
2011 07 19 19 35 43 49.8438 71.5011 19.5 551088
2011 08 10 23 45 43 97.1029 347.1941 11.7 517677
2011 08 22 20 12 21 96.3564 104.005 33.4 517851
2011 09 02 13 47 10 118.4135 296.864 592.7 518009
2011 09 03 04 48 58 146.5611 333.0769 96.3 518020
2011 09 05 17 55 12 86.9747 97.9991 106.6 553193
2011 09 18 12 40 49 62.1961 88.1536 29.6 518230
2011 10 13 03 16 32 99.3634 114.555 63.2 518533
2011 10 23 10 41 22 51.2706 43.4465 7.6 518671
2011 10 23 20 45 37 51.4107 43.1165 10.1 518698
2011 12 11 09 54 56 146.049 331.7865 130.600007812 550967
2011 12 13 07 52 12 89.9527 123.063 167.4 550665
2012 01 10 18 37 00 87.5693 93.2081 20.9 519785
2012 01 15 13 40 21 150.701 304.1421 17.3 553197
2012 01 15 14 21 34 150.8685 303.9666 23.0 553198
2012 01 22 05 53 43 146.9317 334.7707 18.7 519966
2012 03 05 07 46 09 118.2579 296.7084 551.9 520700
2012 04 11 08 38 37 87.7624 93.0144 26.3 521291
2012 04 11 10 43 10 89.2325 92.4284 21.6 521308
2012 04 14 10 56 18 147.5759 294.6279 8.4 521454
2012 04 15 05 57 40 87.419 90.3359 25.0 521481
2012 04 17 19 03 57 149.1876 343.1923 13.6 553178
2012 05 20 02 03 53 45.127 11.2227 17.7 522040
2012 05 23 22 59 54 140.4928 139.591 19.1 522121
2012 05 28 05 07 23 118.021 296.8866 591.1 553201
2012 06 02 07 52 54 112.1017 296.3426 539.4 553202
2012 06 07 04 05 04 126.0516 289.1453 5.8 553203
2012 06 10 12 44 16 53.6153 28.9676 32.0 522378
2012 06 23 04 34 53 86.9978 97.9116 101.9 553180
2012 06 29 21 07 32 46.5665 84.6125 17.1 522641
2012 07 25 00 27 45 87.3745 96.1109 28.6 523007
2012 07 26 05 33 33 107.5507 66.2905 16.2000009766 523026
2012 08 11 12 23 17 51.5977 46.838 8.7 523253
2012 08 11 12 34 36 51.6202 46.7958 18.9 523255
2012 08 12 10 47 07 54.3474 82.5417 14.0 523270
2012 08 18 09 41 55 91.3518 120.128 27.9 523332
2012 09 03 18 23 08 100.677 113.965 34.8 523642
2012 09 14 04 51 48 93.3008 100.67 23.3 523871
2012 11 11 01 12 39 67.1092 95.848 14.2 524746
2012 12 17 09 16 31 90.6936 123.884 46.4 525356
2013 01 21 22 22 54 85.0375 95.9215 24.6 525877
2013 01 28 16 38 53 47.4176 79.7217 14.3 525963
2013 02 22 12 01 58 117.9052 296.8651 585.6 526749
2013 03 19 03 29 02 148.9815 335.4303 52.0 527097
2013 04 09 11 52 50 61.5537 51.629 12.8 527405
2013 04 16 10 44 19 62.0296 62.136 63.1 527535
2013 04 20 00 02 47 59.7312 103.02 18.0 553182
2013 05 11 02 08 11 63.3417 57.8438 15.1 527912
2013 06 13 16 47 25 99.9513 107.302 20.6 528532
2013 06 15 16 11 02 55.5493 25.044 21.5 528549
2013 06 16 21 39 06 55.5758 25.1864 25.0 528583
2013 06 24 22 04 14 79.3095 317.3313 17.5 528673
2013 07 02 07 37 05 85.3093 96.5824 25.4 528755
2013 07 06 05 05 06 93.294 100.531 26.1 528806
2013 07 15 14 03 41 151.0527 334.7726 19.9 553183
2013 07 21 23 45 55 55.4953 104.261 5.1 529026
2013 07 26 21 33 00 148.0352 335.72 17.0 553184
