2009 11 10 02 48 18 81.9717 91.9514 22.7 506357
2009 12 24 00 22 58 47.7625 134.772 395.7 551395
2009 12 26 08 57 06 95.4255 131.324 64.9 506882
2010 01 05 04 55 23 148.464 345.1405 10.0 507018
2010 02 05 06 58 47 137.9345 99.5103 16.0 550980
2010 02 15 21 51 31 97.2679 128.767 134.7 550539
2010 02 18 01 13 06 47.3973 130.699 573.7 507582
2010 02 26 20 31 01 64.0157 128.508 24.2 507693
2010 03 05 16 06 26 93.8389 100.916 24.2 508158
2010 03 14 00 57 37 91.6485 128.082 63.6 550438
2010 03 14 08 07 14 52.2161 141.655 40.1 551429
2010 03 25 05 28 55 76.1707 120.014 24.6 550442
2010 03 30 16 53 36 76.3872 92.8746 38.5 508622
2010 04 05 10 05 37 90.0893 125.105 28.1 550443
2010 04 06 22 14 52 87.6399 97.1113 33.4 508706
2010 04 11 22 07 53 52.9925 356.5236 619.6 553186
2010 04 13 23 49 10 56.8072 96.7466 13.8 508820
2010 04 24 07 40 39 91.8988 128.112 38.7 550444
2010 04 26 02 59 31 67.7594 123.816 23.2 550445
2010 05 09 05 59 17 86.2672 96.0278 42.3 509134
2010 05 25 10 08 36 54.7163 324.0634 15.4 550452
2010 05 26 08 52 52 64.2614 129.955 12.0 550453
2010 05 31 10 15 53 83.0626 123.962 34.3 553187
2010 05 31 19 51 24 78.7891 93.6519 131.6 550928
2010 07 21 09 15 33 86.9971 128.179 111.9 550234
2010 07 23 22 08 03 83.2887 123.488 610.2 510016
2010 07 23 22 50 51 83.5768 123.58 584.7 510022
2010 07 23 23 15 04 83.2597 123.327 633.7 510027
2010 07 29 07 31 06 83.4417 123.36 615.8 510108
2010 08 03 12 07 48 88.7022 126.279 50.6 550540
2010 08 16 03 30 46 107.8076 65.6026 14.7 510398
2010 09 17 19 21 09 53.4648 70.9695 215.4 510751
2010 10 04 13 28 28 65.7825 125.249 32.8 551209
2010 10 08 05 43 09 87.2363 128.221 140.8 511005
2010 10 25 14 41 41 93.5248 100.104 20.0 511191
2010 12 15 11 28 49 97.2664 128.794 140.4 511818
2011 01 29 06 55 09 19.1316 353.0912 6.4 550705
2011 02 04 13 53 31 65.3906 94.7347 86.5 512855
2011 02 10 14 38 53 85.8703 123.062 532.8 551436
2011 02 15 13 33 35 92.4897 121.469 26.8 513004
2011 03 06 14 32 17 146.3864 332.9747 92.0 513227
2011 03 06 14 32 30 146.41 333.32 101.2 553191
2011 03 10 17 08 22 96.8567 116.73 518.59996875 550944
2011 03 11 18 59 06 53.0007 138.542 14.6 513616
2011 03 20 08 25 56 70.9253 121.307 39.9 553177
