2018 02 27 17 29 22 150.249 150.779 10 553210
2017 05 10 23 23 37 146.427 334.218 17.39 553211
2017 11 17 22 34 19 60.168 94.977 8 553212
2015 09 28 15 28 05 113.8 293.4 219 542450
2015 05 05 02 03 18 57.739 353.84 14 553213
2015 05 24 04 53 23 106.814 345.739 11.7 540236
2015 09 18 09 10 44 122.368 287.771 8 542215
2015 09 17 03 55 15 121.424 288.313 27 542140
2017 03 14 02 51 16 83.871 92.316 10 553214
2017 04 23 02 36 07 123.036 287.994 21 553215
2017 04 24 21 38 30 123.029 287.955 28 553216
2017 05 03 04 47 13 50.501 71.451 10 553217
2017 07 19 12 16 23 107.415 66.483 10 553218
2017 08 13 03 08 10 93.768 101.622 31 553219
2017 09 04 08 07 35 147.788 334.422 35 553220
2015 10 23 04 04 18 135.81 37.17 10 542824
2015 10 23 04 04 18 135.814 37.171 10 542824
2015 11 07 07 04 31 119.464 287.699 13 543041
2016 06 26 11 17 11 50.521 73.338 13 546856
2018 01 28 16 03 03 143.062 9.684 10 553221
2018 04 19 21 09 17 132.779 42.187 10 553222
2017 11 11 00 36 14 101.742 345.886 10 553223
2018 09 18 07 27 41 127.811 49.782 10 553224
2017 10 10 06 32 20 108.521 290.359 82.43 553225
2017 10 10 18 53 27 144.258 8.605 9 553226
2017 11 12 18 18 17 55.095 45.956 19 553227
2017 11 30 06 32 50 91.08 336.568 10 553228
2017 12 01 02 32 46 59.257 57.313 9 553229
2017 12 12 08 43 17 59.281 57.27 10 553230
2017 12 12 21 41 31 59.178 57.286 8 553231
2017 12 13 18 03 42 144.217 2.168 10 553232
2017 12 15 16 47 58 97.492 108.174 90 553233
2018 01 11 18 26 24 71.638 96.077 9 553234
2018 01 14 09 18 45 105.758 285.291 39 553235
2018 01 21 01 06 42 108.852 290.544 116 553236
2018 01 23 06 34 54 97.195 105.918 43.91 553237
2018 01 31 07 07 00 53.457 70.815 191.19 553238
2018 03 24 19 58 33 135.778 96.069 10 553239
2018 04 02 13 40 34 110.658 296.995 559 553240
2018 04 10 10 19 34 120.986 288.444 76.08 553241
2018 05 09 10 41 45 53.009 71.383 116 553242
2018 08 14 03 29 53 148.11 334.742 35 553243
2018 08 21 21 31 47 79.221 297.093 146.18 553244
2018 08 24 09 04 06 101.042 289.184 609.48 553245
2018 08 25 22 13 25 55.389 46.242 10 553246
2018 10 25 22 54 52 52.486 20.563 14 553247
2018 11 11 14 03 59 74.435 310.129 10 553248
2018 11 15 20 02 22 146.706 334.454 15 553249
2018 11 25 16 37 32 55.654 45.743 18 553250
2015 05 12 07 05 18 62.199 86.126 12.3 539984
2015 05 12 07 36 53 62.476 86.141 13.8 539990
2015 05 15 20 26 55 92.566 102.223 158.5 540083
2015 06 10 13 52 08 112.409 291.549 121.8 540537
2015 06 17 12 51 35 125.37 342.191 27.1 540638
2015 06 20 02 10 07 126.334 286.333 17.4 540661
2015 07 03 01 07 46 52.53 78.12 19 540849
2015 07 16 15 16 32 76.2 301.43 19.4 541050
2015 08 13 10 39 54 127.022 77.953 15.4 553251
2015 09 16 22 54 32 121.572 288.326 22.44 542090
2015 09 16 23 18 41 121.562 288.574 28.41 542096
2015 09 17 01 41 05 121.104 288.35 42.32 553252
2015 09 17 04 10 27 121.52 288.19 23 542145
2015 09 17 04 10 27 121.517 288.196 23 542145
2015 09 18 15 59 42 74.724 314.012 10 553253
2015 09 19 05 06 47 119.641 287.923 6 553254
2015 09 19 12 52 20 122.33 287.93 18 553255
2015 09 19 12 52 20 122.333 287.938 18 553255
2015 09 21 05 39 34 121.58 288.26 30 542298
2015 09 21 05 39 34 121.575 288.257 30 542298
2015 09 21 17 40 00 121.727 288.621 35 542307
2015 09 22 07 13 00 121.44 288.74 58 542332
2015 09 22 07 13 00 121.444 288.735 58 542332
2015 09 26 02 51 18 120.814 288.679 46 542397
2015 10 26 09 09 42 53.476 70.367 231 542863
2015 11 07 07 31 43 120.879 288.549 46 543042
2015 11 08 16 47 02 83.157 94.648 10 543097
2015 11 11 01 54 38 119.506 287.994 12 553256
2015 11 11 02 46 19 119.509 287.942 10 553257
2015 11 17 07 10 07 51.33 20.6 11 543269
2015 11 24 22 45 38 100.537 289.057 606.21 543408
2015 11 24 22 50 54 100.059 288.982 620.56 543409
2015 11 26 05 45 18 99.182 288.743 602.75 543439
2015 11 27 21 00 22 114.828 289.4 34 543465
2015 12 04 22 25 00 137.616 85.091 35 543591
2015 12 07 07 50 05 51.79 72.779 22 553258
2015 12 25 19 14 47 53.507 71.126 206 543913
2016 01 03 23 05 22 65.17 93.66 55 544017
2016 01 03 23 05 22 65.197 93.65 55 544017
2016 01 14 03 25 28 109.759 296.672 582.56 544187
2016 01 25 04 22 02 54.351 356.319 12 544342
2016 02 10 00 33 05 120.572 288.417 29 544583
2016 03 02 12 49 48 94.952 94.329 24 544905
2016 03 19 11 26 33 72.004 299.299 26 545137
2016 04 06 14 45 29 98.203 107.385 29 553259
2016 04 10 10 28 58 53.528 71.131 212 545480
2016 04 13 13 55 17 66.906 94.865 136 553260
2016 04 19 05 25 39 145.728 332.77 14 545711
2016 05 28 09 46 59 146.24 333.065 78 546353
2016 06 01 22 56 00 92.096 100.665 50 546440
2016 06 21 16 26 34 67.342 314.86 10 546768
2016 07 25 17 26 50 116.104 289.493 72 553261
2016 08 04 14 15 13 112.308 293.974 270 553262
2016 08 19 07 32 22 145.279 328.126 10 547766
2016 08 21 03 45 23 145.277 328.246 10 547837
2016 08 24 01 36 32 47.277 13.187 4.44 547889
2016 08 24 10 34 54 69.078 94.568 82 547904
2016 08 29 04 29 57 90.047 342.171 10 547979
2016 10 19 00 26 01 94.862 108.162 614 548800
2016 10 26 19 18 08 47.066 13.043 10 548901
2016 10 30 06 40 19 47.146 13.088 10 548956
2016 11 04 16 20 43 125.103 289.004 90.79 553263
2016 11 20 20 57 43 121.642 291.236 115.79 549319
2016 11 25 14 24 30 50.77 74.02 17 549447
2016 12 01 22 40 26 105.294 289.178 10 549543
2016 12 06 22 03 33 84.717 96.167 13 549607
2016 12 18 13 30 11 99.966 289.031 622.53 553264
2016 12 25 14 22 27 133.405 286.06 38 550061
2017 02 07 22 03 55 64.799 63.257 24.05 553265
2017 02 18 12 10 17 113.861 293.341 222 553266
2017 02 21 14 09 04 109.281 296.096 595.98 553267
2017 04 05 06 09 12 54.201 60.436 13 553268
2017 04 15 08 19 43 113.27 292.235 155 553269
2017 06 12 12 28 39 51.085 26.371 12 553270
2017 07 18 02 05 19 106.42 286.371 44.92 553271
2017 07 20 22 31 11 53.076 27.413 7 553272
2017 07 27 17 53 24 76.604 310.675 10 553273
2017 08 08 23 27 53 45.699 82.826 20 553274
2017 08 18 02 59 21 91.09 346.337 10 553275
