2012 02 28 15 07 35 61.792 139.452 508.9 520588
2012 03 14 10 49 25 49.198 144.856 14.4 520867
2012 03 14 12 05 06 54.253 140.824 19.7 520872
2012 04 12 14 50 52 52.449 141.618 27 521397
2012 04 24 20 22 08 54.326 140.67 37.8 521672
2013 11 25 06 27 09 144.052 304.923 10 553276
2013 12 02 07 34 58 87.937 96.695 34.2 531101
2013 12 03 23 58 51 83.398 126.179 48.5 531118
2014 05 31 19 35 15 80.646 126.616 0 553277
2014 06 14 17 31 41 50.551 141.036 94.8 553278
2014 06 15 20 14 51 52.927 141.148 53.9 553279
2014 07 04 22 42 04 50.32 142.14 49 534842
2014 08 05 10 22 33 116.989 26.704 5 535309
2014 08 05 10 22 34 116.803 23.902 0 553280
2012 06 01 06 56 21 90.759 133.27 39 522237
2012 07 29 09 20 55 42.612 139.128 506.4 523068
2012 09 03 19 44 23 82.125 125.016 15.2 523643
2012 09 08 10 51 45 93.218 135.097 32.3 523755
2012 10 16 12 41 24 40.435 156.519 76.2 524304
2012 10 23 08 53 38 60.935 139.276 445.6 553281
2012 10 25 10 32 27 51.652 141.769 48.9 524420
2012 11 05 04 30 27 52.178 143.736 31.9 524649
2012 11 12 11 15 08 60.292 138.019 502.3 524788
2012 11 16 18 12 43 40.764 155.654 50.8 524862
2012 12 06 00 43 22 79.03 126.682 21.7 525131
2012 12 07 08 18 23 52.18 144.159 35.3 525151
2012 12 28 17 32 17 90.232 122.888 111.1 525531
2012 12 29 14 59 36 51.244 142.177 36.3 525543
2013 01 20 10 48 47 25.187 146.554 10.5 525854
2013 02 02 14 17 34 47.216 143.147 105 526071
2013 02 02 18 31 32 60.63 142.007 13.9 526072
2013 02 14 13 13 52 22.483 142.701 8.9 526587
2013 02 16 04 37 37 84.222 125.779 116.4 526624
2013 02 19 12 27 36 54.732 141.01 27.9 553282
2013 02 25 07 23 56 53.116 139.374 13.8 526798
2013 02 28 14 05 50 39.214 157.485 52.8 526847
2013 03 01 13 20 52 39.168 157.625 58 526856
2013 03 29 05 01 10 46.53 86.897 26.2 527224
2013 04 01 18 53 17 50.493 143.266 16.2 527268
2013 04 02 02 08 48 50.478 143.266 24.5 527280
2013 04 06 04 42 36 93.471 138.474 69.4 527357
2013 04 17 08 57 34 55.965 139.318 14.6 553283
2013 04 17 12 03 31 51.48 141.551 51.4 527577
2013 04 19 03 05 52 43.928 150.924 109 553284
2013 04 21 03 22 16 60.036 138.974 431.3 527672
2013 04 29 13 01 44 54.218 141.058 28.9 527781
2013 05 18 05 48 00 52.24 141.566 45.6 528049
2013 05 24 05 44 49 35.185 153.391 607 528250
2013 05 24 14 56 31 37.865 151.568 632 528265
2013 06 01 14 10 09 82.752 124.881 24.7 528359
2013 08 04 03 28 50 51.764 141.782 52.7 529196
2013 09 20 12 24 47 67.094 95.921 10 529919
2013 10 12 20 01 38 126.777 78.684 15 530242
2013 10 24 19 25 10 148.259 347.198 10 530474
2013 10 25 21 27 36 52.814 144.665 22.8 553285
2013 10 27 18 13 06 52.842 144.627 23.9 553286
2013 11 09 22 37 50 54.058 140.0 65.7 553287
2015 01 12 20 25 14 95.61 133.85 24.9 538006
2015 01 26 07 09 52 80.336 122.39 33.1 538212
2015 01 31 17 30 09 96.862 127.513 342.9 538288
2015 02 17 02 14 59 89.487 126.112 46.2 538535
2015 02 17 04 46 39 49.916 142.059 50.1 553288
2015 02 24 02 28 54 50.396 143.233 27.3 538653
2015 02 25 07 01 02 58.959 141.859 21.1 553289
2015 05 02 16 50 45 58.492 140.223 24.1 553290
2015 06 10 08 33 01 50.391 143.487 25.8 540527
2015 06 11 04 45 29 50.379 143.445 17.6 540548
2015 06 11 04 51 24 50.417 143.428 19.3 540549
2015 07 07 05 10 27 46.031 148.004 51.1 540912
2015 07 09 18 32 50 49.627 141.41 87.6 540950
2015 07 12 04 37 31 87.075 128.231 127.8 540982
2015 07 12 17 52 05 57.024 131.861 62.5 540990
2015 08 13 14 08 01 66.012 122.449 23.2 541512
2015 09 01 15 24 08 58.716 141.706 10 541792
2015 09 01 15 25 09 58.82 141.6 8 541793
2015 09 01 15 25 09 58.82 141.6 8 541793
2015 09 05 13 16 08 40.64 155.68 38 541866
2015 09 05 13 16 08 40.639 155.681 38 541866
2015 09 12 13 38 01 48.1 142.65 49 542017
2015 09 17 08 58 44 36.702 159.708 68.09 542170
2015 10 16 06 38 26 34.404 159.211 285 542708
2013 11 25 07 21 18 143.891 306.049 10 531011
2014 05 24 11 49 26 89.316 333.712 10 534093
2012 05 31 23 01 01 90.876 133.229 40 522233
2012 04 06 19 24 15 93.429 100.399 21.3 521247
2012 04 11 09 01 07 87.748 89.493 10 521294
2013 05 24 01 10 02 144.342 159.037 18.2 528243
2015 09 16 23 09 26 121.574 288.329 35 542094
2012 02 14 03 27 49 53.746 141.604 25.6 520338
2012 02 14 06 22 00 53.704 141.51 23.8 520344
2012 02 29 14 32 48 54.745 141.064 27.8 520612
2012 03 12 12 32 47 44.856 147.735 123.9 520829
2012 03 14 09 08 36 49.158 145.015 19.2 520862
2012 03 15 19 20 17 54.1 139.456 100.9 520907
2012 03 27 11 00 44 50.144 142.204 14.4 521101
2012 04 01 14 04 25 52.826 141.038 54.3 553291
2012 04 13 10 10 01 53.016 141.371 18.7 521418
2012 04 23 22 40 24 41.668 154.864 45.7 521650
2012 04 29 10 28 51 54.312 140.574 45.2 521742
2012 05 19 19 05 20 50.266 143.459 19.5 522031
2012 05 20 07 19 54 50.483 143.396 12.6 522050
2012 05 20 07 20 37 50.496 143.386 12.8 522051
2012 05 20 08 20 57 50.412 143.367 15.7 522054
2012 05 23 15 02 27 48.644 142.126 64.1 522116
2012 05 26 21 48 09 63.099 140.168 481.6 522156
2012 06 05 19 31 34 55.024 141.282 20.8 522294
2012 06 17 20 32 21 51.085 142.049 45.1 553184
2012 06 24 03 15 01 32.499 163.414 16 522562
2012 07 08 11 33 05 44.58 151.39 37.7 522762
2012 07 09 19 25 06 60.726 130.284 42.3 522785
2012 07 12 12 51 58 44.626 151.761 14.2 522827
2012 07 20 03 40 11 40.722 156.092 17.3 522927
2012 07 20 06 10 27 40.753 156.109 37.9 553185
2012 07 20 06 33 00 40.737 156.272 44.2 522931
2012 08 14 02 59 38 40.25 145.305 590.7 523282
2012 08 31 23 37 58 79.588 126.779 38.9 523555
2012 10 01 22 21 46 50.177 143.209 18 524100
2013 08 04 15 56 34 43.065 145.307 374.6 529203
2013 08 18 22 34 29 83.567 124.666 385.9 529437
2013 09 02 02 51 13 47.813 133.678 450.5 529622
2013 09 04 00 18 24 60.024 138.837 414.4 529663
2013 10 01 03 38 21 36.864 152.895 578.4 553292
2013 10 12 14 30 08 89.34 122.206 91.5 530238
2013 10 15 00 12 33 80.167 124.123 23.2 530266
2013 10 15 08 36 22 80.136 124.317 16.9 530295
2013 10 15 08 42 51 80.251 123.738 25.8 530296
2013 10 20 13 16 41 146.632 334.224 33 530416
2013 10 21 02 27 11 54.731 76.963 28.9 553293
2013 10 22 05 40 42 84.948 95.843 30.2 530448
2013 10 24 17 57 37 75.766 93.114 26.8 530473
2013 10 25 17 10 17 52.855 144.754 14.7 553294
2013 10 31 12 02 09 66.457 121.458 14.8 530577
2013 11 12 07 03 52 35.324 162.143 60.5 553295
2014 05 02 09 15 20 52.081 144.304 12.4 533729
2014 05 04 20 18 25 55.122 139.366 161.4 533778
2014 07 11 19 22 00 52.995 142.452 20 553296
2014 07 11 19 22 05 53.03 142.39 12 534940
2014 07 20 18 32 47 45.359 148.783 61 535086
2014 08 10 03 43 18 48.866 142.279 50.6 553297
2014 08 10 03 43 19 48.8 142.206 55.6 553297
2014 08 28 19 14 35 57.914 132.068 20 553298
2014 09 01 11 41 09 25.315 342.514 2.2 535725
2014 10 02 12 57 06 37.717 158.043 147.6 553299
2014 10 11 02 35 48 48.939 143.206 26.1 553300
2015 02 16 23 06 28 50.054 143.177 10.8 553301
2015 02 20 04 25 23 50.182 143.615 13.3 538585
2015 02 21 10 13 53 50.172 143.517 12.2 538600
2015 04 25 16 41 17 86.953 128.079 138.6 539653
2015 05 10 21 25 48 58.803 141.976 19.5 553302
2015 05 12 21 12 58 51.1 142.021 39.3 553303
2015 05 30 11 23 02 62.172 140.493 685.5 540338
2015 05 30 18 49 07 59.207 142.977 10.3 540348
2015 06 23 12 18 30 62.312 139.788 472.3 540706
2012 09 03 06 49 54 83.421 123.792 39.1 523628
2013 03 27 02 03 19 66.119 121.135 18.6 527207
2013 04 20 05 11 57 144.905 1.122 10 527650
2013 12 29 15 37 37 88.688 126.204 33.7 531507
2014 03 13 17 06 51 56.378 131.807 83.4 532589
2014 03 26 20 47 51 88.232 127.524 150.4 532874
2014 07 14 07 59 57 84.286 126.477 20 534985
2014 09 10 05 19 24 90.236 125.123 45.5 535867
2015 02 02 15 13 41 76.12 124.565 28.2 538335
2015 09 26 17 23 26 84.736 123.796 516 542412
2015 11 07 19 40 13 73.511 119.846 37 543056
2016 01 02 04 22 19 45.194 129.94 585.47 544001
2016 01 25 09 17 50 86.815 128.368 52.24 544351
2013 11 25 06 27 34 143.971 305.036 10 531009
2014 01 13 04 01 04 71.008 293.132 30.9 531704
2014 02 18 23 35 58 104.205 284.338 58.8 532261
2014 03 24 11 40 43 109.849 289.167 18.9 532825
2014 05 13 06 35 24 82.855 277.76 13.1 533921
2014 05 17 09 11 06 109.943 289.171 10.8 533987
2014 08 03 05 57 24 60.55 85.638 2 535271
2014 08 03 21 02 46 93.897 279.219 57.7 535286
2014 10 08 03 04 07 59.702 318.087 2.8 536324
2014 11 29 13 05 07 84.198 61.275 2.4 537303
2014 12 06 17 21 49 82.018 277.267 15 537419
2014 12 08 08 54 52 82.06 277.314 20 537452
2014 03 19 12 19 26 66.014 122.321 24.2 532714
2014 04 30 15 52 42 91.211 346.46 13.9 533701
2014 05 11 12 35 17 137.994 99.77 10 533894
2014 05 22 08 37 58 145.424 331.567 22.1 534058
2014 06 16 14 24 31 19.626 344.813 11.1 534472
2014 10 15 11 16 34 25.331 342.352 4.5 536477
2015 10 23 00 27 39 60.36 70.33 11 542819
2012 05 02 17 06 06 125.876 257.223 16 521801
2013 12 22 07 29 05 136.451 96.211 16 531380
2014 01 08 04 22 11 110.76 289.38 28.3 531640
2012 11 03 12 58 12 82.872 325.952 9.9 553304
2012 03 04 09 44 15 87.358 275.589 17.5 520680
2012 03 13 23 06 44 74.922 266.872 61.7 553305
2012 03 20 18 02 47 73.527 261.631 19.4 520986
2012 04 02 17 36 42 73.628 261.539 16.3 521195
2012 05 01 16 37 57 71.712 258.93 64 553306
2012 05 01 22 43 35 75.546 266.958 28.7 553196
2012 06 04 00 45 16 84.706 277.368 15 522270
2012 06 04 03 15 24 84.55 277.437 9.5 522271
2012 09 05 14 42 07 79.976 274.612 20.7 523691
2012 09 08 20 29 30 79.973 274.589 25.9 553307
2012 10 24 00 45 33 79.926 274.629 22.3 553202
2012 11 04 06 37 36 105.981 287.975 122.4 524628
2012 11 07 16 35 49 75.969 267.934 38.7 553203
2012 11 11 22 14 59 75.93 267.669 18.6 524772
2012 11 15 09 20 21 71.801 259.476 57.9 524840
2012 11 28 03 09 48 94.598 283.873 122.2 525028
2013 02 09 14 16 06 88.966 282.538 144.2 526478
2013 02 10 19 54 33 123.46 288.007 44.8 553308
2013 03 25 23 02 12 75.41 269.523 193.7 527186
2013 08 12 09 49 31 95.411 278.021 12.8 529326
2013 08 13 15 43 15 84.282 281.875 18.6 529340
2013 09 26 06 46 03 75.674 266.528 10.1 530017
2013 09 30 08 16 10 40.514 331.449 17 530073
2013 11 16 09 35 46 150.356 313.48 10 530811
2013 12 02 12 18 47 143.403 25.364 10 531103
2013 12 17 12 30 00 115.588 289.491 65 531302
2014 01 04 00 11 50 110.674 289.358 25.6 531587
2014 01 05 03 36 38 85.391 283.314 32.8 531601
2015 03 10 20 55 44 83.204 286.963 162 538883
2015 03 27 21 59 38 91.244 282.346 190.5 539153
2015 04 26 23 35 26 98.407 279.995 10 553309
2015 04 28 18 56 53 72.941 264.964 113.1 553310
2015 05 10 00 50 16 75.266 265.887 3.5 539932
2015 07 29 00 10 23 81.838 282.668 13.4 541258
2015 08 07 01 25 01 92.142 28.932 8.8 541398
2015 08 23 04 48 46 76.924 269.741 31.8 541653
2015 09 08 08 03 53 75.663 265.863 5 553311
2015 09 17 13 32 26 122.143 287.623 10 553312
2015 09 17 20 40 31 119.961 288.115 5.69 542194
2015 11 16 00 39 33 72.161 278.179 6.71 543249
2015 11 28 05 44 40 120.368 287.849 10 543470
2015 12 17 19 49 53 74.2 266.371 85 543811
2014 11 25 15 19 08 59.832 101.782 6.3 537226
2015 01 02 08 21 56 83.502 60.437 10 537841
2012 04 08 21 43 31 65.98 122.357 28.6 553313
2012 04 11 22 51 59 87.096 89.508 17.8 521363
2012 04 30 18 11 45 95.698 128.494 367.6 521765
2012 08 18 09 41 55 91.351 120.127 27.9 523332
2012 08 18 15 31 44 87.389 128.734 43.3 523335
2012 09 14 07 18 38 129.655 343.937 11 523875
2012 10 03 13 32 37 90.425 97.664 19 524129
2012 10 05 00 19 56 72.524 313.481 10.9 524152
2012 10 14 10 13 40 48.28 46.314 24 524270
2012 10 21 01 25 22 23.725 341.287 7.4 524362
2012 11 07 06 26 32 51.523 46.614 6 524683
2012 11 14 05 21 43 80.007 122.316 44.8 524822
2013 02 23 11 09 21 98.594 127.448 34.5 526766
2013 05 02 19 40 52 87.248 91.54 17.4 527822
2013 05 25 10 32 56 97.648 127.923 121 528280
2013 06 07 16 38 04 65.945 122.636 46.8 553314
2013 06 13 13 24 46 63.459 128.966 30.3 528531
2013 07 06 05 05 06 93.294 100.531 26.1 528806
2013 07 08 02 13 42 98.731 113.019 78.9 553315
2013 07 09 17 04 16 93.314 100.418 29.3 528843
2012 04 16 11 23 42 53.281 21.601 30.1 521499
2013 06 17 11 21 42 126.551 52.389 10 528593
2014 02 10 18 06 20 98.228 124.582 33.1 532162
2014 02 12 11 43 10 112.327 291.273 96 532182
2014 02 24 23 32 48 85.898 62.713 12.7 532332
2015 02 08 15 09 08 92.491 119.447 29.5 538406
2015 02 11 21 29 24 155.608 180.49 10 538450
2015 03 15 23 17 17 90.616 122.403 32.1 538966
2015 04 25 06 56 33 62.137 85.713 8.4 539606
2015 06 29 09 09 16 105.99 285.818 35 540796
2015 07 01 14 30 21 142.242 159.787 10 553316
2015 09 30 16 06 52 146.194 332.285 101 542483
2015 10 03 06 03 42 127.455 286.324 14.53 542515
2015 12 07 08 30 56 48.27 74.605 21.53 543633
2012 07 12 15 40 16 92.916 129.349 39 522833
2012 08 26 15 05 37 87.802 126.869 90.9 523406
2012 08 31 12 47 35 79.19 126.826 44.4 523494
2014 07 09 17 58 15 151.946 165.021 37 534916
2012 03 05 23 06 28 77.617 123.707 16.5 520707
2012 03 16 07 58 05 79.991 125.64 33.1 553317
2012 10 07 03 14 25 71.363 120.991 52.2 524178
2012 10 12 00 31 31 94.885 134.082 34.6 524240
2012 10 29 15 29 52 90.153 125.259 56.5 524543
2012 11 01 23 37 17 88.804 122.154 32.5 524597
2012 12 05 17 08 13 56.495 59.605 13 525127
2012 12 09 21 45 34 83.333 126.182 56.6 525243
2012 12 13 23 03 39 9.2 121.745 14.8 525303
2013 01 05 17 42 20 110.003 66.442 4.5 553318
2013 03 30 01 50 44 79.986 126.313 45.7 527238
2013 04 06 00 29 55 47.265 131.045 572.3 553319
2013 04 12 20 33 17 55.599 134.865 16.5 527479
2013 04 18 14 08 36 65.13 123.428 15.1 527602
2013 06 02 05 43 03 66.169 121.059 17 528376
2013 06 02 20 08 29 82.778 124.818 31.9 528385
2013 06 27 08 38 09 88.898 127.124 136.4 528696
2015 09 03 13 24 00 87.94 126.68 53 541822
2015 09 03 13 24 00 87.945 126.681 53 541822
2013 05 27 03 36 29 75.35 53.815 3.1 528300
2015 07 16 11 01 45 76.117 301.463 10.9 541048
2015 09 13 01 13 14 89.96 123.45 143 542030
2016 02 23 18 08 46 153.032 144.996 10 553320
2016 02 27 21 29 43 141.789 139.595 10 544852
2016 11 13 14 01 01 118.87 292.545 109.15 549173
2016 12 01 22 40 26 105.294 289.178 10 549543
2017 03 09 11 14 26 150.146 150.296 10 553321
2017 05 24 09 10 14 92.789 122.118 10 553322
2017 08 01 06 13 53 118.555 291.295 85.07 553323
2017 10 10 06 32 20 108.521 290.359 82.43 553225
2017 12 13 18 03 42 144.217 2.168 10 553232
2018 04 10 10 19 34 120.986 288.444 76.08 553241
2018 06 14 06 27 39 135.842 283.696 10 553324
2018 07 21 20 56 19 138.225 99.644 10 553325
2018 07 23 10 36 00 90.349 340.766 10 553326
2018 08 19 04 10 23 98.329 116.598 21.41 553327
2018 08 19 15 28 58 98.391 116.556 10 553328
2018 08 24 10 49 27 79.428 91.72 10 553329
2018 08 25 22 13 25 55.389 46.242 10 553246
2018 08 27 20 09 21 151.794 301.952 49 553330
2018 09 07 06 23 38 61.677 59.32 10 553331
2018 10 07 00 10 04 82.34 322.292 10 553332
2018 11 09 07 39 16 132.596 343.844 10 553333
2018 11 27 12 03 28 91.029 346.337 10 553334
2018 11 29 20 21 44 89.776 96.997 9.44 553335
2018 12 01 13 27 21 97.384 128.706 136 553336
2018 12 06 01 02 46 98.391 116.006 12 553337
2018 12 23 19 32 22 59.593 87.62 10 553338
2019 01 06 13 41 59 55.875 45.673 14 553339
2019 01 06 17 27 20 87.785 126.74 60 553340
2019 01 21 23 59 22 100.311 119.147 16.77 553341
2012 08 12 10 47 07 54.348 82.541 14 523270
2012 08 30 13 43 25 18.554 348.966 11.1 553178
2012 10 04 23 14 56 72.521 313.422 11.1 524149
2012 10 08 01 50 25 111.797 291.621 122.9 524187
2012 11 01 14 12 01 96.753 107.482 149.3 524594
2015 10 23 00 27 39 60.363 70.326 11 542819
2012 02 13 10 55 11 80.841 275.952 29.6 520328
2012 02 20 19 09 39 75.75 266.944 35.6 553342
2012 07 29 12 22 14 75.757 267.441 40.7 523070
2012 08 02 09 38 31 98.454 285.728 148.8 523107
2016 01 08 01 12 01 120.663 288.36 24.17 544081
2012 11 02 18 17 34 80.765 126.281 55.5 524608
2012 11 28 08 56 18 95.338 131.165 70.8 525033
2013 01 10 13 47 05 85.258 95.098 51.7 525739
2013 03 19 03 29 02 148.981 335.431 52 527097
2013 11 23 23 30 43 53.393 86.809 10 530981
2014 05 31 19 54 19 80.726 126.566 33.1 534232
2014 07 28 23 00 48 96.921 143.873 10 535195
2014 11 15 09 47 59 88.18 126.513 45.3 537011
2014 11 15 11 12 04 88.256 126.42 40.3 537014
2015 04 01 09 35 58 96.944 132.52 29.3 539238
2015 04 11 05 00 43 87.927 126.681 55.9 539385
2015 06 15 21 04 25 85.839 125.88 152.8 540612
2015 07 27 21 41 20 92.713 138.542 47.8 541240
2015 09 16 07 40 58 88.12 126.43 41.5 542074
2015 09 16 07 40 58 88.116 126.428 41.55 542074
2015 09 24 15 53 27 90.62 131.26 18 542369
2015 09 24 15 53 27 90.621 131.262 18 542369
2015 09 27 02 56 13 97.177 129.604 107 542422
2016 01 14 13 14 49 80.314 126.309 35 544200
2016 02 17 17 26 02 89.155 129.072 10 544694
2016 06 06 13 16 02 120.043 288.537 28.31 553343
2016 07 25 17 26 50 116.104 289.493 72 553261
2016 08 04 14 15 13 112.308 293.974 270 553262
2016 08 23 19 40 46 97.208 122.541 514.33 547881
2016 11 04 16 20 43 125.103 289.004 90.79 553263
2016 11 08 04 55 44 126.58 286.365 17.3 549078
2016 11 20 20 57 43 121.642 291.236 115.79 549319
2016 12 21 00 17 14 97.508 127.92 152 549985
2017 02 03 19 54 22 74.917 299.471 39.27 553344
2017 04 18 17 49 55 92.711 284.697 14 553345
2017 12 06 16 06 55 90.614 123.667 17.93 553346
2017 12 12 08 43 17 59.281 57.27 10 553230
2017 12 12 21 41 31 59.178 57.286 8 553231
2018 01 14 09 18 45 105.758 285.291 39 553235
2018 01 21 01 06 42 108.852 290.544 116 553236
2018 02 27 17 29 22 150.249 150.779 10 553210
2018 07 20 10 24 57 118.068 296.746 587.8 553347
2018 07 22 10 07 27 55.409 46.165 12 553348
2018 07 22 20 39 17 59.567 57.451 10 553349
2018 07 25 19 45 05 146.062 332.32 124.63 553350
2018 07 28 17 07 23 97.122 122.747 577.48 553351
2018 07 28 22 47 38 98.239 116.508 14 553352
2018 08 05 11 46 38 98.259 116.436 31 553353
2018 08 09 05 25 31 98.315 116.232 10 553354
2018 08 14 03 29 53 148.11 334.742 35 553243
2018 08 17 15 35 01 97.426 119.834 529 553355
2018 08 19 14 56 28 98.33 116.631 25.21 553356
2018 08 19 15 16 35 98.351 116.556 10 553357
2018 08 21 21 31 47 79.221 297.093 146.18 553244
2018 08 24 09 04 06 101.042 289.184 609.48 553245
2018 09 07 02 39 17 118.892 290.047 92.4 553358
2018 09 28 10 02 43 90.178 119.84 10 553359
2018 10 10 18 44 55 97.453 114.455 9 553360
2018 10 25 22 54 52 52.486 20.563 14 553247
2018 10 28 00 38 11 44.343 26.397 151 553361
2018 10 29 06 54 21 147.404 293.592 10 553362
2018 10 29 20 17 22 147.549 293.696 10 553363
2018 11 01 19 30 20 148.074 334.795 29 553364
2018 11 01 22 19 51 109.588 290.708 102 553365
2018 11 09 07 54 52 132.713 343.98 10 553366
2018 11 11 14 03 59 74.435 310.129 10 553248
2018 11 15 20 02 22 146.706 334.454 15 553249
2018 11 23 10 51 59 146.261 333.015 82.85 553367
2018 11 25 16 37 32 55.654 45.743 18 553250
2018 12 11 02 26 32 148.598 333.535 164.66 553368
2018 12 16 14 26 19 113.322 112.497 10 553369
2018 12 30 08 39 12 92.657 102.348 168.3 553370
2019 01 05 19 25 38 98.148 288.417 571.18 553371
2019 01 20 01 32 51 120.073 288.577 53.04 553372
2019 01 22 05 10 03 100.466 119.03 27.01 553373
2019 01 23 11 39 01 100.306 118.928 15.29 553374
2014 03 10 05 18 13 49.277 234.914 6.1 532532
2014 03 15 23 51 32 95.671 279.065 26.5 532639
2014 03 22 12 59 57 109.822 289.056 4.4 532786
2014 03 24 15 45 30 109.549 289.285 12.7 532831
2014 04 02 04 46 19 110.081 289.274 16.1 553375
2014 04 02 16 13 26 82.149 277.667 24.6 532999
2014 04 11 20 29 13 78.281 273.986 142.3 533219
2014 04 18 14 27 24 72.679 259.007 24.4 533427
2014 05 08 17 00 15 72.852 259.189 24.9 533841
2014 05 28 21 15 05 71.887 291.642 99.7 534157
2014 06 16 06 39 31 88.352 280.616 7.3 534462
2014 06 19 19 54 05 109.81 289.168 14.9 534510
2014 10 09 02 14 29 122.298 249.076 4.2 553376
2014 10 14 03 51 37 77.411 271.928 63.9 536453
2014 10 20 19 33 21 89.25 282.07 3.1 536584
2013 01 30 20 15 43 118.109 289.112 46.1 553207
2013 05 14 19 18 18 89.213 92.425 26.8 527980
2013 05 21 23 02 43 103.869 287.583 84.5 528211
2013 10 25 21 51 57 146.323 332.587 112 530504
2014 01 29 10 01 50 108.553 290.576 116.7 531956
2014 03 15 08 59 20 104.101 283.648 10 532623
2014 03 17 05 11 33 110.06 289.172 5.3 553377
2014 04 15 13 31 33 126.075 258.822 14 553378
2013 01 18 12 42 51 59.031 99.468 14.9 525838
2013 01 20 23 32 22 36.084 324.787 13.6 525867
2013 01 21 22 22 54 85.038 95.921 24.6 525877
2013 01 28 16 38 53 47.418 79.721 14.3 525963
2013 02 18 03 40 49 84.474 326.993 12.4 553379
2013 02 22 12 01 58 117.905 296.866 585.6 526749
2013 02 25 05 11 07 55.657 85.579 13.6 526794
2013 03 07 03 36 47 65.712 121.503 11.6 526952
2013 04 02 14 34 56 130.393 45.185 14.3 527292
2013 04 05 13 00 02 47.265 131.064 571.3 527339
2013 04 09 11 52 50 61.554 51.629 12.8 527405
2013 04 10 01 58 28 61.582 51.724 14.8 527434
2013 04 10 20 20 27 69.286 122.181 17.8 527449
2013 04 16 10 44 19 62.03 62.136 63.1 527535
2013 04 17 03 15 52 61.877 62.337 59.9 553380
2013 04 19 17 51 42 101.912 121.664 24.2 527621
2013 04 20 00 02 47 59.732 103.02 18 553182
2013 04 20 04 51 12 96.278 130.223 113.9 527649
2013 04 24 09 25 30 55.488 70.21 67.5 527730
2013 04 30 06 25 24 52.412 335.041 19.7 527794
2013 05 01 06 57 15 56.895 75.721 27.4 553381
2013 05 10 19 56 06 118.967 346.817 13.8 527907
2013 05 11 02 08 11 63.342 57.843 15.1 527912
2013 05 11 03 09 51 63.404 57.92 12.2 527918
2013 05 12 00 07 03 63.295 57.778 24 527941
2013 05 12 10 54 49 63.274 57.783 14.4 527948
2013 05 16 05 57 00 147.581 352.982 10 553382
2013 05 18 04 05 42 143.12 22.098 10 553383
2013 05 18 10 03 17 63.313 57.82 8.8 528054
2013 05 18 10 57 49 63.335 57.803 12.6 528055
2013 06 13 17 23 53 99.982 107.35 19.8 528533
2013 06 16 02 51 36 146.356 332.392 98.5 528570
2013 06 26 22 59 03 90.2 125.037 54.8 553384
2013 06 28 23 51 50 66.004 122.253 25.4 528716
2013 07 02 13 55 42 85.381 96.684 32.4 528763
2013 08 12 00 53 44 97.116 129.791 104.8 529319
2013 09 01 11 52 32 97.539 128.256 135.2 529616
2013 09 06 11 33 54 69.814 122.333 189.4 529722
2013 09 09 21 41 35 88.646 122.268 35.7 529773
2013 09 20 23 34 14 142.223 14.496 10 529927
2013 09 21 01 39 15 97.267 119.95 550.1 529928
2013 11 03 11 03 40 85.359 123.4 556.8 530630
2013 11 08 09 51 02 91.316 67.641 17 530684
2013 11 16 10 26 43 85.751 90.055 12.3 530814
2013 11 17 09 04 56 150.378 313.413 7.9 530832
2013 11 17 12 11 36 150.543 315.643 10 530855
2013 11 20 10 09 19 77.656 95.119 14.6 530932
2013 11 22 06 51 27 55.581 45.57 21.7 530954
2013 11 22 17 21 00 84.576 92.818 26.9 530961
2013 11 22 18 30 59 55.623 45.702 18.9 530962
2013 11 24 18 05 41 55.841 45.68 12.1 553385
2013 11 28 13 51 36 60.654 51.36 13.4 531054
2013 12 01 01 24 15 97.028 128.415 25.9 553386
2013 12 01 06 29 58 87.983 96.848 21.6 531087
2013 12 22 10 03 10 136.527 96.021 16 553387
2013 12 28 15 21 06 53.951 31.318 59.5 553388
2013 12 28 18 59 05 91.367 344.821 11 531486
2013 12 31 20 01 06 70.943 120.323 13.2 553389
2014 02 12 09 19 48 54.124 82.58 4.1 532175
2014 02 17 05 56 00 71.518 120.455 28.6 532237
2014 02 18 09 27 14 75.404 301.029 28.3 532249
2014 02 24 23 26 56 85.947 62.779 10 532330
2014 05 05 11 08 45 70.385 99.703 15.2 533793
2014 05 13 14 40 55 146.945 334.798 19.7 533931
2014 05 19 22 47 14 147.114 334.643 15.3 553390
2014 05 21 00 21 13 66.279 121.468 18.4 534038
2014 06 25 11 52 02 76.431 120.583 71.3 534668
2014 07 14 08 00 02 84.28 126.51 50 534985
2014 07 27 01 28 41 66.14 314.41 13.7 535168
2014 09 07 07 08 01 25.455 342.727 10 535828
2014 09 21 10 51 47 25.475 342.627 2.6 536050
2014 09 29 13 43 02 25.538 342.519 10 536164
2014 10 03 08 05 44 78.626 122.147 18.3 536232
2014 10 07 10 22 32 25.508 342.632 10 536313
2014 10 12 05 40 43 32.714 326.684 10.3 536408
2014 10 15 13 35 54 57.455 47.856 8.1 536479
2014 10 22 00 15 17 62.539 128.535 46.5 536604
2014 11 03 08 23 55 85.35 327.247 10 536810
2014 11 15 02 31 42 88.166 126.462 47.8 536993
2014 11 15 03 08 05 90.194 123.978 99.9 536996
2014 11 17 16 52 47 136.407 33.701 12.2 537073
2014 11 18 04 47 19 88.121 126.394 48.8 537086
2014 11 20 18 14 37 66.471 93.521 48.9 537144
2014 11 21 03 29 13 69.394 120.139 19.1 537150
2014 11 22 08 55 26 59.686 101.803 2 537173
2014 11 26 14 33 45 88.036 126.465 47.7 537244
2014 12 19 19 49 30 73.805 298.191 118.1 537630
2015 01 10 02 05 46 95.694 68.373 14.6 537956
2015 01 10 19 32 02 75.256 120.162 78.4 537969
2015 02 01 20 02 21 139.372 351.78 10 538317
2015 04 20 11 45 13 65.937 122.487 30.6 553391
2015 07 23 03 56 52 90.723 338.869 10 541143
2015 09 02 01 18 29 85.59 124.63 296 541803
2015 09 02 01 18 29 85.587 124.631 296 541803
2015 11 08 19 14 47 83.016 94.534 10 543105
2015 11 13 20 51 31 59.0 128.872 12 553392
2015 11 21 09 06 13 97.148 129.937 82 543344
2016 02 02 14 19 23 64.424 123.449 196 544472
2016 02 05 19 57 27 67.062 120.592 23 544520
2016 02 18 01 07 14 146.212 332.378 119.26 544698
2016 03 03 08 36 32 99.764 125.316 29.5 544915
2016 03 14 07 26 40 146.428 332.992 84 545059
2016 03 14 23 25 39 142.613 18.798 10 545071
2016 03 16 13 09 52 85.275 125.148 10 545092
2016 03 19 11 26 33 72.004 299.299 26 545137
2016 03 26 03 24 24 92.65 68.025 10 553393
2016 03 28 19 07 08 146.253 332.36 29.71 545257
2016 04 13 13 55 17 66.906 94.865 136 553260
2016 04 13 18 21 52 82.209 122.023 17 545542
2016 04 14 23 15 07 97.459 128.123 136.78 545581
2016 04 15 16 25 06 57.21 130.754 10 545597
2016 04 19 05 25 39 145.728 332.77 14 545711
2016 04 20 10 51 42 76.8 304.114 28 545751
2016 05 27 03 44 29 63.008 130.137 10 546332
2016 05 28 09 46 59 146.24 333.065 78 546353
2016 05 31 05 23 47 64.439 122.545 246.4 546411
2016 06 18 17 29 46 114.146 292.848 186 546698
2016 06 21 16 26 34 67.342 314.86 10 546768
2016 06 23 03 05 39 150.672 317.088 10 546792
2016 06 26 11 17 11 50.521 73.338 13 546856
2016 06 28 21 38 04 50.526 73.341 13.59 546911
2016 07 23 07 41 44 96.759 101.217 9 547294
2016 07 24 14 10 51 89.085 331.03 10 547319
2016 07 25 08 58 30 139.484 126.265 10 547332
2016 07 31 11 33 20 146.255 332.451 98.16 547445
2016 07 31 23 40 01 98.194 117.814 21 547453
2016 08 01 07 42 51 113.964 82.556 10 547464
2016 08 02 07 32 29 148.724 334.393 35.04 547486
2016 08 05 12 34 15 113.945 82.433 10 547530
2016 08 19 07 32 22 145.279 328.126 10 547766
2016 08 19 17 33 40 145.208 327.927 4.34 547799
2016 08 19 20 37 16 145.203 327.88 13.89 547802
2016 08 21 03 45 23 145.277 328.246 10 547837
2016 08 23 19 39 44 97.28 122.425 532.4 547880
2016 08 24 01 36 32 47.277 13.187 4.44 547889
2016 08 24 02 33 29 47.167 13.131 4.95 547891
2016 08 24 10 34 54 69.078 94.568 82 547904
2016 09 16 18 38 05 119.155 60.915 10 548297
2016 10 26 17 10 37 47.143 13.022 10 548898
2016 10 26 19 18 08 47.066 13.043 10 548901
2016 10 27 08 17 49 88.672 125.793 56.14 548910
2016 10 28 20 02 48 50.687 13.536 448.48 548929
2016 10 30 06 40 19 47.146 13.088 10 548956
2016 11 07 21 31 28 98.108 104.839 33 549070
2017 01 10 06 13 47 85.537 122.575 612.71 553394
2017 01 13 16 39 25 89.969 125.066 46.01 553395
2017 01 18 10 25 25 47.416 13.197 10 553396
2017 02 10 14 03 43 80.093 125.451 15 553397
2017 03 14 05 55 21 89.324 121.155 79.23 553398
2017 03 16 18 39 26 101.539 114.573 10 553399
2017 03 21 23 10 25 98.508 115.326 111.83 553400
2017 03 31 11 21 00 89.666 120.622 93.04 553401
2017 03 31 17 25 23 37.326 327.682 10 553402
2017 04 28 20 23 17 84.496 125.071 26 553403
2017 05 13 18 01 00 52.228 57.195 16.37 553404
2017 05 20 01 06 14 80.616 123.958 533 553405
2017 05 29 14 35 21 91.287 120.433 12 553406
2017 06 11 23 15 06 98.307 106.268 7 553407
2017 06 30 01 34 58 56.252 321.453 10 553408
2017 07 06 08 03 57 78.889 124.619 6.96 553409
2017 07 12 19 48 07 49.146 131.656 545 553410
2017 07 15 12 12 21 89.588 121.991 113 553411
2017 07 19 12 16 23 107.415 66.483 10 553218
2017 07 20 22 31 11 53.076 27.413 7 553272
2017 07 23 07 55 55 89.707 120.2 55.8 553412
2017 07 26 10 32 57 63.103 130.183 12 553413
2017 07 27 17 53 24 76.604 310.675 10 553273
2017 08 08 13 19 49 56.808 103.855 9 553414
2017 08 08 23 27 53 45.699 82.826 20 553274
2017 08 11 05 28 25 76.002 120.678 172 553415
2017 08 13 03 08 10 93.768 101.622 31 553219
2017 08 18 02 59 21 91.09 346.337 10 553275
2017 08 30 14 19 14 49.999 330.583 10 553416
2017 08 31 17 06 55 91.159 99.688 43.14 553417
2017 09 01 11 07 37 32.952 325.974 10 553418
2017 09 03 03 30 01 48.666 129.03 0 553419
2017 09 04 08 07 35 147.788 334.422 35 553220
2017 09 10 21 40 21 32.873 326.324 10 553420
2017 09 15 18 48 02 145.443 331.639 9 553421
2017 09 20 23 59 24 96.111 113.024 588 553422
2017 10 03 20 39 04 76.542 310.668 10 553423
2017 10 10 18 53 27 144.258 8.605 9 553226
2017 10 23 08 32 32 142.343 16.781 10 553424
2017 10 24 10 47 47 97.236 123.04 549.19 553425
2017 10 28 16 13 54 3.11 54.495 10 553426
2017 10 28 16 16 06 3.108 52.849 10 553427
2017 10 28 19 11 02 3.078 55.2 10 553428
2017 10 30 22 37 18 98.601 118.984 110.17 553429
2017 11 11 00 36 14 101.742 345.886 10 553223
2017 11 12 18 18 17 55.095 45.956 19 553227
2017 11 15 02 02 25 149.031 342.9 10 553430
2017 11 17 22 34 19 60.168 94.977 8 553212
2017 11 28 13 15 45 17.401 3.274 10 553431
2017 11 29 23 53 50 96.736 129.781 157 553432
2017 11 30 06 32 50 91.08 336.568 10 553228
2017 12 01 02 32 46 59.257 57.313 9 553229
2017 12 15 16 47 58 97.492 108.174 90 553233
2018 01 07 06 47 14 65.246 94.909 23.77 553433
2018 01 11 06 59 30 56.287 45.723 10 553434
2018 01 11 18 26 24 71.638 96.077 9 553234
2018 01 23 06 34 54 97.195 105.918 43.91 553237
2018 01 23 23 09 09 95.777 347.457 10 553435
2018 01 25 01 15 58 81.736 91.78 10 553436
2018 01 28 16 03 03 143.062 9.684 10 553221
2018 01 31 07 07 00 53.457 70.815 191.19 553238
2018 02 02 00 20 42 90.247 125.182 38 553437
2018 02 04 13 56 41 65.843 121.707 12 553438
2018 02 06 15 50 43 65.865 121.658 17 553439
2018 02 08 02 29 14 10.193 2.03 10 553440
2018 02 13 02 39 53 77.636 93.131 69.37 553441
2018 02 15 08 27 22 90.068 342.159 10 553442
2018 02 26 13 34 53 92.762 126.727 9.91 553443
2018 03 02 02 20 12 96.135 130.278 135 553444
2018 03 10 21 45 36 91.423 344.791 10 553445
2018 03 17 05 50 09 137.664 346.499 10 553446
2018 03 23 07 40 29 77.348 315.431 10 553447
2018 03 24 19 58 33 135.778 96.069 10 553239
2018 03 25 08 58 11 97.309 128.502 149.36 553448
2018 03 25 20 14 47 96.624 129.813 169 553449
2018 03 29 22 54 12 51.277 69.978 5 553450
2018 04 02 13 40 34 110.658 296.995 559 553240
2018 04 05 03 53 38 83.168 126.778 34 553451
2018 04 09 00 20 55 147.658 332.125 245 553452
2018 04 19 06 34 46 61.669 51.612 10 553453
2018 04 19 21 09 17 132.779 42.187 10 553222
2018 04 21 19 44 17 138.946 123.591 10 553454
2018 04 29 22 23 05 129.264 46.119 10 553455
2018 05 05 06 19 05 75.43 123.919 18 553456
2018 05 09 10 41 45 53.009 71.383 116 553242
2018 05 10 18 02 28 83.131 123.762 535 553457
2018 05 14 18 14 47 145.915 332.944 10 553458
2018 05 23 05 44 43 82.602 323.787 10 553459
2018 05 24 23 11 47 89.183 330.46 10 553460
2018 06 06 18 51 34 148.356 334.239 31 553461
2018 06 12 23 08 28 92.019 98.587 9 553462
2018 06 12 23 46 11 91.946 98.686 10 553463
2015 11 24 20 45 02 90.098 342.166 10 543403
2016 01 11 16 38 05 86.104 126.856 13 544153
2016 02 10 00 33 05 120.572 288.417 29 544583
2016 02 12 10 02 24 99.633 119.401 28 544610
2016 03 02 12 49 48 94.952 94.329 24 544905
2016 03 03 00 10 50 94.794 94.41 10 544911
2016 04 06 14 45 29 98.203 107.385 29 553259
2016 04 10 02 14 34 94.148 102.211 41 545474
2016 04 10 10 28 58 53.528 71.131 212 545480
2016 05 02 04 21 24 95.026 104.627 117 545952
2016 06 01 22 56 00 92.096 100.665 50 546440
2016 06 05 16 25 33 94.587 125.626 429.62 546499
2016 06 07 19 15 15 88.722 126.371 31 546534
2016 06 09 04 13 08 101.248 116.266 19 546550
2016 12 05 01 13 04 97.315 123.38 526 549587
2016 12 08 05 15 04 46.185 86.303 13.7 549623
2017 04 04 13 53 18 145.616 329.999 19.22 553464
2017 04 10 00 43 54 76.99 125.375 10 553465
2017 04 10 10 38 48 84.311 127.197 13 553466
2017 04 11 14 42 16 84.294 127.094 12 553467
2017 04 15 08 19 43 113.27 292.235 155 553269
2017 04 16 09 44 05 97.348 83.161 10 553468
2017 05 03 04 47 13 50.501 71.451 10 553217
2017 05 06 00 16 09 150.829 321.945 10 553469
2013 06 15 16 11 02 55.55 25.044 21.5 528549
2013 07 21 23 45 55 55.496 104.26 5.1 529026
2013 07 22 07 01 41 136.094 34.861 3.2 529033
2013 08 11 21 23 43 59.959 97.97 23 553470
2013 08 25 16 07 16 123.365 57.059 14 529501
2013 08 31 00 04 17 61.77 99.341 10.1 529577
2013 09 06 02 28 10 137.018 33.303 10 553471
2013 09 24 07 22 53 82.642 59.549 19.4 529973
2013 09 24 17 20 14 62.887 65.546 16.1 553472
2015 05 26 23 41 38 148.799 334.759 18 540284
2015 05 26 23 51 29 148.686 334.831 28 540285
2012 02 16 02 20 27 107.581 65.478 10 520376
2013 05 26 06 08 15 50.051 67.435 15.5 528288
2013 06 07 20 13 14 133.85 343.7 10 528464
2013 06 13 16 47 25 99.951 107.302 20.6 528532
2013 06 16 21 39 06 55.576 25.186 25 528583
2013 07 03 19 21 46 88.451 30.889 15.7 528781
2013 08 23 08 34 06 112.292 291.359 103 529475
2013 09 05 04 01 36 74.749 314.787 10.4 529693
2014 05 16 11 01 43 72.982 299.606 25.2 553473
2014 07 13 20 54 14 110.258 289.653 33.1 534979
2014 07 23 21 39 08 110.226 291.323 118.7 535118
2014 10 26 10 45 32 100.565 285.928 127.3 536687
2015 05 26 23 27 00 148.681 334.903 51.3 540283
2014 04 07 13 43 21 110.122 289.151 10.6 533121
2014 05 17 12 13 28 144.39 213.358 8.6 533991
2014 05 21 16 21 54 71.76 88.064 45.1 534049
2014 05 23 20 49 23 65.083 97.908 13.5 534078
2014 05 24 09 25 03 49.724 25.369 8.2 534090
2014 05 30 01 20 15 65.011 97.898 10.1 534177
2014 06 01 10 07 13 88.019 89.767 23.6 534244
2014 08 24 23 21 41 104.52 286.465 70 535618
2014 08 24 23 21 43 104.589 286.55 74.4 535618
2014 08 25 14 31 37 106.126 286.887 62 535629
2014 10 30 12 11 36 96.962 117.515 549.2 536742
2014 11 03 08 48 29 131.824 80.043 7.4 553474
2014 11 07 00 20 48 85.164 95.058 51.5 536849
2014 11 18 03 25 41 82.542 94.263 24.5 537085
2014 11 22 19 14 17 44.144 27.151 35 537182
2015 03 06 08 22 20 131.316 80.614 13.1 538824
2015 04 10 16 23 05 103.823 65.834 18.3 539378
2015 09 16 22 54 32 121.572 288.326 22.44 542090
2015 09 16 23 03 56 121.75 288.258 19.1 542092
2015 09 16 23 16 09 121.6 288.082 35 542095
2015 09 16 23 18 41 121.562 288.574 28.41 542096
2015 09 16 23 38 01 121.784 287.978 12.46 542103
2015 09 17 01 33 02 121.736 287.974 9.29 542123
2015 09 17 01 41 05 121.104 288.35 42.32 553252
2015 09 17 03 55 15 121.424 288.313 27 542140
2015 09 17 04 10 27 121.52 288.19 23 542145
2015 09 17 04 10 27 121.517 288.196 23 542145
2015 09 17 04 26 38 121.416 288.02 17.62 542147
2015 09 17 05 44 39 121.801 287.87 10 542154
2015 09 17 12 14 34 122.914 288.394 10 553475
2015 09 17 12 14 35 122.91 288.4 10 553475
2015 09 17 14 19 15 120.91 288.018 10 542181
2015 09 18 09 10 44 122.368 287.771 8 542215
2015 09 18 15 59 42 74.724 314.012 10 553253
2015 09 19 05 06 47 119.641 287.923 6 553254
2015 09 19 09 07 09 121.1 288.41 28 553476
2015 09 19 09 07 09 121.099 288.41 28 553476
2015 09 19 12 52 20 122.33 287.93 18 553255
2015 09 19 12 52 20 122.333 287.938 18 553255
2015 09 19 13 08 57 120.525 287.802 10 553477
2015 09 21 05 39 34 121.58 288.26 30 542298
2015 09 21 05 39 34 121.575 288.257 30 542298
2015 09 21 17 40 00 121.727 288.621 35 542307
2015 09 21 18 36 53 121.045 288.18 26.95 553478
2015 09 21 19 56 08 121.78 288.36 28.4 542313
2015 09 21 19 56 08 121.781 288.36 28.36 542313
2015 09 22 07 13 00 121.44 288.74 58 542332
2015 09 22 07 13 00 121.444 288.735 58 542332
2015 09 26 02 51 18 120.814 288.679 46 542397
2015 09 28 15 28 05 113.8 293.4 219 542450
2015 09 28 15 28 05 113.802 293.388 219 542450
2015 10 03 06 26 55 120.301 288.449 38 542516
2015 10 09 18 27 36 121.732 288.268 35 542613
2015 10 12 03 15 19 121.184 288.178 21 542640
2012 01 30 05 10 59 104.213 284.342 34.2 520094
2012 03 26 16 58 12 120.103 60.631 21.2 553479
2012 06 07 16 03 18 105.911 287.528 106.7 522329
2012 07 02 23 31 37 104.49 284.34 38.1 522681
2012 07 11 20 52 38 105.427 284.455 26 522815
2012 07 26 05 33 33 107.55 66.29 16.2 523026
2012 08 11 12 23 17 51.598 46.838 8.7 523253
2012 08 11 12 34 36 51.621 46.795 18.9 523255
2012 09 30 16 31 34 88.093 283.629 155.2 524079
2012 11 10 14 57 50 98.936 284.912 128.6 524739
2012 11 21 21 36 22 123.966 287.86 17.4 524940
2013 06 24 22 04 14 79.31 317.332 17.5 528673
2013 07 02 07 37 05 85.31 96.582 25.4 528755
2013 07 10 14 32 12 109.341 290.7 111.7 528860
2013 07 15 14 03 41 151.052 334.773 19.9 553183
2013 07 16 19 41 54 153.329 297.408 13.3 528943
2013 07 17 02 37 43 105.666 288.255 13 528946
2013 07 26 21 33 00 148.035 335.72 17 553176
2013 08 17 16 32 31 124.886 54.127 10.9 529414
2013 09 24 11 29 48 63.09 65.531 15.5 529974
2013 09 24 13 01 39 62.691 65.674 11.3 529981
2013 09 25 16 42 43 105.9 285.399 38.2 530007
2013 09 28 07 34 07 62.839 65.619 18.7 530039
2013 10 02 01 06 38 78.754 57.598 16.3 530095
2013 10 04 17 26 14 128.707 78.5 11 530134
2013 10 12 02 10 28 79.165 297.698 82.1 530232
2013 10 12 13 11 53 54.473 23.371 46.9 530236
2013 10 29 10 37 56 151.715 154.829 10 530548
2013 10 30 02 51 49 125.401 286.849 11.9 530560
2013 10 31 23 03 58 120.313 288.499 19.8 530584
2013 11 13 23 45 48 150.309 312.713 10 530766
2013 11 16 03 34 34 150.307 312.801 24 530792
2013 11 16 08 35 06 150.347 313.624 13.7 530810
2015 11 07 07 04 31 119.464 287.699 13 543041
2015 11 08 08 13 37 107.319 290.572 159.86 543064
2015 11 17 07 10 07 51.33 20.6 11 543269
2015 11 17 17 29 36 49.624 73.203 18 543281
2015 11 21 23 05 30 120.575 288.233 27 543353
2015 11 22 18 16 04 53.566 71.423 102 543371
2015 11 24 22 45 38 100.537 289.057 606.21 543408
2015 11 24 22 50 54 100.059 288.982 620.56 543409
2015 11 26 05 45 18 99.182 288.743 602.75 543439
2015 12 10 00 09 32 125.883 286.724 10 543715
2015 12 28 06 55 29 75.343 298.655 150 543948
2016 01 12 09 45 11 121.338 58.191 10 544165
2016 01 12 20 04 59 53.408 70.948 239 544170
2016 01 14 03 25 28 109.759 296.672 582.56 544187
2016 01 20 17 13 13 52.325 101.65 9 544283
2016 01 22 20 51 47 61.684 55.309 26.81 544311
2016 01 25 04 22 02 54.351 356.319 12 544342
2016 08 29 04 29 57 90.047 342.171 10 547979
2016 08 30 08 09 09 124.898 287.471 19.17 547997
2016 08 30 15 46 02 145.301 329.636 10 548000
2016 09 02 01 57 50 145.329 329.083 8 548053
2016 09 08 21 46 20 144.613 158.712 10 548182
2016 09 09 00 03 44 121.377 294.175 157.56 548186
2016 09 10 10 08 20 95.573 283.047 121 548213
2016 09 22 16 07 27 149.472 332.512 8 548392
2016 10 18 22 08 14 74.783 298.509 146 548799
2016 12 06 22 03 33 84.717 96.167 13 549607
2016 12 18 13 30 11 99.966 289.031 622.53 553264
2016 12 25 14 22 27 133.405 286.06 38 550061
2016 12 27 23 20 56 44.281 26.523 97 550109
2016 12 29 22 30 19 99.027 118.663 79 553480
2017 01 02 13 13 48 94.895 283.633 106 553481
2017 01 06 06 30 35 112.319 292.205 172 553482
2017 01 11 21 58 18 112.821 290.197 72 553483
2017 01 16 12 42 10 86.696 98.476 6 553484
2017 02 07 22 03 55 64.799 63.257 24.05 553265
2017 02 18 12 10 17 113.861 293.341 222 553266
2017 02 21 14 09 04 109.281 296.096 595.98 553267
2017 03 02 11 07 27 52.421 38.44 10 553485
2017 03 07 15 45 39 96.261 102.187 10 553486
2017 03 14 02 51 16 83.871 92.316 10 553214
2017 04 05 06 09 12 54.201 60.436 13 553268
2017 04 23 02 36 07 123.036 287.994 21 553215
2017 04 23 19 40 10 123.008 287.887 20 553487
2017 04 24 21 38 30 123.029 287.955 28 553216
2017 04 28 15 30 06 123.231 288.025 22 553488
2017 04 28 16 05 57 123.13 288.214 28 553489
2017 04 29 10 02 12 99.685 111.859 10 553490
2017 05 02 15 10 22 101.728 346.081 10 553491
2017 05 05 05 09 35 50.534 71.433 10 553492
2017 05 10 23 23 37 146.427 334.218 17.39 553211
2017 05 14 19 44 23 110.928 291.266 124.45 553493
2017 05 29 14 57 53 127.341 288.343 80.7 553494
2017 05 30 11 29 51 148.644 333.869 78.18 553495
2017 06 03 19 17 33 152.579 155.834 10 553496
2017 06 12 02 43 26 121.502 288.253 27 553497
2017 06 12 12 28 39 51.085 26.371 12 553270
2013 10 13 17 32 45 86.034 95.923 52.8 553498
2012 02 04 13 09 25 77.974 125.925 27.1 553499
2012 02 04 21 50 51 76.911 57.587 14.4 553500
2012 02 06 03 49 13 80.081 123.216 17.5 520221
2012 02 06 04 20 01 79.947 123.201 18.4 520224
2012 02 06 10 10 19 80.101 123.174 12.6 520226
2012 02 06 11 33 38 80.191 123.088 23.4 520228
2012 02 09 08 49 28 146.406 334.011 33 520269
2012 02 09 18 52 48 148.327 158.046 10 553501
2012 02 10 05 34 06 90.353 132.708 27.5 520284
2012 02 11 02 58 21 127.355 286.673 28.5 520299
2012 02 11 07 06 50 90.968 126.905 29.3 520306
2012 02 22 10 45 24 95.187 133.665 31.7 520461
2012 02 23 05 08 12 107.769 346.8 10 520467
2012 02 26 02 35 00 67.278 120.82 30.3 520514
2012 02 26 06 17 19 38.2 95.98 13 520525
2012 03 05 07 46 09 118.257 296.709 551.9 520700
2012 03 08 22 50 07 50.588 81.258 33.2 520762
2012 03 12 06 06 43 53.245 73.149 29.8 520824
2012 03 17 17 00 58 86.231 63.496 14.8 520946
2012 03 25 22 37 06 125.203 287.874 28.2 553198
2012 04 10 05 09 08 91.199 345.964 9.7 521279
2012 04 11 08 38 37 87.763 93.014 26.3 521291
2012 04 11 10 43 10 89.233 92.428 21.6 521308
2012 04 11 11 53 37 87.072 89.515 17.3 521315
2012 04 11 13 58 08 88.488 90.807 27.6 521325
2012 04 11 19 04 21 88.856 92.009 25.8 521352
2012 04 14 10 56 18 147.575 294.628 8.4 521454
2012 04 14 19 26 42 96.856 105.349 58.1 521467
2012 04 15 05 57 40 87.419 90.335 25 521481
2012 04 16 02 17 52 92.633 121.892 27.9 521491
2012 04 17 03 50 15 122.637 288.436 29.7 521513
2012 04 17 19 03 57 149.187 343.193 13.6 553177
2012 04 20 22 19 46 86.77 93.763 21.6 521580
2012 04 20 22 28 58 86.747 93.768 18.4 521581
2012 04 20 23 14 31 87.826 93.376 32.7 521582
2012 04 21 01 16 53 91.694 134.322 24.4 521585
2012 04 21 01 19 28 125.33 343.888 12 521586
2012 04 23 21 21 45 89.644 125.388 56.6 521648
2012 04 24 09 50 59 84.302 61.556 10.7 521657
2012 04 24 14 57 12 81.134 93.878 22.8 521661
2012 04 25 07 42 24 80.991 93.909 16 553502
2012 04 29 08 09 06 87.312 94.473 22 521739
2012 04 30 07 39 43 119.858 288.338 24 521757
2012 04 30 08 00 10 88.292 89.591 14.6 521758
2012 05 02 12 17 59 144.589 144.201 11 553503
2012 05 07 04 40 28 48.478 46.765 17.4 521862
2012 05 09 14 49 50 90.987 346.447 8.8 553504
2012 05 12 23 28 43 51.345 70.372 13.1 521934
2012 05 13 01 19 10 93.37 89.366 13.6 521936
2012 05 14 10 00 39 107.796 290.208 108.7 521959
2012 05 19 08 35 09 115.788 289.201 22.1 522026
2012 05 20 02 03 53 45.127 11.222 17.7 522040
2012 05 22 00 00 32 47.38 23.007 10.8 553505
2012 05 23 22 59 54 140.492 139.591 19.1 522121
2012 05 23 23 19 19 140.465 139.804 10 522122
2012 05 24 22 47 46 16.973 5.505 8.2 553179
2012 05 28 05 07 23 118.021 296.887 591.1 553199
2012 05 28 11 50 55 118.091 296.835 594 553506
2012 05 29 07 00 04 45.155 11.056 14.3 522203
2012 05 29 10 55 57 45.128 10.957 13 522208
2012 06 01 05 07 01 167.188 211.133 7.8 553507
2012 06 02 07 52 54 112.101 296.343 539.4 553200
2012 06 04 11 18 15 97.644 106.405 74.9 522275
2012 06 06 01 08 35 67.623 121.519 29.4 522302
2012 06 07 04 05 04 126.051 289.146 5.8 553201
2012 06 09 21 00 17 65.473 122.327 74.3 522367
2012 06 10 12 44 16 53.616 28.967 32 522378
2012 06 11 05 29 12 53.923 69.294 19.8 553508
2012 06 14 20 17 24 88.671 126.823 61 522429
2012 06 15 01 14 10 84.311 126.458 67.5 522432
2012 06 16 22 18 49 74.458 119.603 44.9 522454
2012 06 22 04 31 16 144.301 158.956 6.5 522538
2012 06 23 04 34 53 86.998 97.911 101.9 553181
2012 06 24 07 59 35 62.27 100.75 16.8 522566
2012 06 29 15 31 47 114.738 350.319 14.2 522638
2012 06 29 21 07 32 46.567 84.612 17.1 522641
2012 07 01 04 13 51 64.399 94.705 56.4 522661
2012 07 09 13 55 00 54.404 28.948 56.7 522783
2012 07 12 14 00 34 53.49 70.871 197.2 522829
2012 07 19 07 36 35 52.773 71.367 100.6 522921
2012 07 25 00 27 45 87.375 96.11 28.6 523007
2012 07 29 02 21 12 67.074 94.278 81.1 523062
2012 08 21 17 39 38 90.111 91.983 19.3 523369
2012 08 30 12 18 42 140.304 114.166 5.7 523481
2012 09 03 18 23 08 100.677 113.964 34.8 523642
2012 09 07 03 19 43 62.516 104.05 14.5 553509
2012 09 14 04 51 48 93.3 100.67 23.3 523871
2012 09 15 16 32 24 100.736 113.934 29.3 523888
2012 10 08 11 43 34 94.541 129.234 29.6 524192
2012 10 17 04 42 31 85.821 124.561 338.4 524317
2012 10 18 01 27 16 144.305 144.208 11.3 524323
2012 10 19 10 13 55 99.296 67.069 10 553510
2012 11 06 01 36 22 88.701 122.248 31.9 524663
2012 11 06 01 42 28 88.655 122.241 59.3 524665
2012 11 06 06 17 28 80.033 57.182 15.3 524668
2012 11 11 01 12 39 67.11 95.848 14.2 524746
2012 11 11 10 54 43 67.301 95.765 17.5 524762
2012 11 11 18 19 44 66.802 95.799 19.8 524769
2012 11 14 19 02 05 119.178 288.614 61.5 553205
2012 11 22 13 07 11 112.7 296.374 535.3 524950
2012 11 27 02 59 09 92.943 129.226 34.6 525012
2012 12 10 16 53 09 96.496 129.868 161.5 525254
2012 12 11 06 18 28 89.44 126.223 43.8 525266
2012 12 17 09 16 31 90.693 123.883 46.4 525356
2012 12 22 16 41 46 67.533 94.715 141.2 525435
2012 12 23 13 31 40 47.56 41.057 12.9 525447
2012 12 29 17 50 52 54.335 70.563 117.8 525544
2013 01 08 14 16 09 50.332 25.537 11.1 525686
2013 01 09 01 41 53 64.678 95.008 92.6 553511
2014 01 23 00 52 15 97.134 120.294 590 531840
2014 01 25 05 14 20 98.044 109.222 87.8 553512
2014 01 26 13 55 43 51.809 20.507 13.8 531898
2014 01 27 16 42 37 109.234 296.057 599.3 531924
2014 02 01 03 58 45 146.933 332.655 142.9 531990
2014 02 03 03 08 46 51.745 20.436 14.5 532035
2014 02 03 22 36 40 97.243 128.224 24.4 532046
2014 02 08 19 50 34 150.424 314.669 10 532125
2014 02 10 12 06 46 49.732 48.761 62.9 532158
2014 03 02 20 11 22 62.577 127.327 118.9 532425
2014 03 04 10 51 14 123.617 288.013 17 532448
2014 03 11 02 44 06 150.843 339.882 10 553513
2014 03 14 13 38 09 82.311 94.225 29.7 532608
2014 03 14 20 32 09 143.559 25.342 10 532614
2014 03 15 09 37 28 94.004 100.373 25.1 553514
2014 03 16 21 16 28 109.905 289.385 9.4 532652
2014 03 17 13 24 49 143.199 327.552 10 532687
2014 03 19 20 17 44 150.737 334.462 19 532725
2014 03 21 13 41 09 82.32 94.225 19.3 532745
2014 03 21 14 11 15 82.439 94.256 17.7 532748
2014 03 21 14 25 10 82.537 94.212 16.6 532752
2014 03 27 23 50 51 119.142 291.172 3.7 532887
2014 03 29 07 46 49 90.871 338.176 10 532906
2014 04 01 23 13 05 136.802 349.396 10 532954
2014 04 01 23 46 47 109.619 289.213 17.1 532955
2014 04 03 01 58 29 110.364 289.5 10.6 533010
2014 04 03 02 43 14 110.588 289.51 12 533012
2014 04 03 05 26 13 110.749 289.46 13 533026
2014 04 03 09 30 22 95.321 102.166 29 533037
2014 04 04 01 37 51 110.607 289.467 19.3 533056
2014 04 04 20 08 06 52.747 23.773 111.1 533070
2014 04 05 02 22 39 122.712 288.611 40.1 533079
2014 04 11 00 01 43 110.695 289.339 10.4 533175
2014 04 15 03 57 01 143.609 8.709 10 533357
2014 04 17 04 38 18 85.487 122.993 578.9 533396
2014 04 18 07 46 57 117.733 297.189 610.4 533424
2014 04 21 20 45 24 72.649 120.029 30.2 533565
2014 05 01 14 35 38 88.035 97.954 50.3 533712
2014 05 02 08 43 36 93.857 127.437 48.6 533728
2014 05 10 02 42 11 98.166 117.534 232.8 533865
2014 05 14 03 38 22 112.736 293.417 223.3 533940
2014 05 15 10 16 44 80.651 122.035 30.1 533960
2014 05 16 17 08 32 113.472 291.385 104.7 533978
2014 05 17 21 28 19 146.265 332.45 112 533996
2014 05 18 01 02 31 85.76 92.737 32.9 533999
2014 06 13 19 30 31 136.109 346.049 13.4 534430
2014 06 14 03 58 41 53.548 70.73 204.8 534436
2014 06 14 11 11 03 100.113 91.038 23.1 553515
2014 06 29 07 52 56 145.475 331.605 15.1 534719
2014 06 29 14 20 40 145.459 331.79 30.9 534742
2014 06 29 14 32 49 145.418 331.776 11.9 534744
2014 06 30 01 46 23 89.961 342.676 14.3 553516
2014 07 02 05 53 29 152.301 155.186 10 534796
2014 07 02 05 53 34 152.31 154.99 12 553517
2014 07 04 21 08 45 54.922 325.096 10 553518
2014 07 05 09 39 27 88.067 96.938 20 534852
2014 07 05 09 39 30 88.192 96.413 33 534852
2014 07 12 17 49 17 145.416 332.03 6 534955
2014 07 12 18 20 37 145.341 332.082 10 534956
2014 07 14 05 05 03 98.818 111.252 52.5 534983
2014 07 14 05 05 07 99.09 111.31 60.8 553519
2014 07 19 14 14 02 78.291 57.957 10 535067
2014 07 26 11 13 45 150.161 341.069 0 553520
2014 07 30 01 32 10 63.62 53.516 12.5 535215
2014 07 31 13 40 59 77.612 95.192 12 535232
2014 08 01 04 11 17 53.111 3.21 15 535243
2014 08 02 10 33 30 99.1 67.1 17.8 535253
2014 08 02 14 02 18 145.568 331.55 10 535255
2014 08 03 08 30 14 62.783 103.458 28 535273
2014 08 06 11 45 22 97.274 128.036 10 535321
2014 08 06 11 45 28 97.13 127.92 19.5 553521
2014 08 10 13 33 19 84.1 127.08 75 535365
2014 08 13 10 07 28 89.163 333.314 10 535416
2014 08 18 02 32 04 57.289 47.638 10 535475
2014 08 18 05 25 52 57.248 47.739 14.1 535482
2014 08 18 18 08 22 57.418 47.703 5 535494
2014 08 20 10 14 16 57.407 47.772 14.1 535528
2014 08 23 04 45 32 110.08 291.07 102 553522
2014 08 23 22 32 23 122.695 288.559 32 535593
2014 08 24 20 21 23 145.323 331.485 10.5 535613
2014 08 29 03 45 04 53.221 23.761 87 535667
2014 08 30 15 29 50 46.269 331.457 10 535688
2014 09 10 02 46 08 90.224 125.026 39.9 535864
2014 09 10 05 16 54 90.195 125.102 40.5 535866
2014 09 22 16 01 42 146.037 332.171 116.8 553523
2014 09 24 11 16 13 113.784 293.412 204.5 536099
2014 09 25 02 31 57 62.72 65.777 51.1 536108
2014 09 26 04 21 24 77.485 95.167 20.7 536125
2014 09 30 16 45 57 88.462 67.688 13.1 536178
2014 10 07 13 49 41 66.657 100.5 12.8 536316
2014 11 21 10 10 20 87.73 127.03 45.2 537155
2014 12 01 22 47 27 88.44 67.713 14 537343
2014 12 02 05 11 31 83.843 123.126 614 537349
2014 12 03 00 27 04 92.932 122.423 10 537361
2014 12 03 00 27 06 92.79 122.336 34 537361
2014 12 05 18 43 46 66.664 100.473 11 537404
2014 12 06 10 20 01 66.643 100.533 10 537416
2014 12 06 22 05 10 96.11 130.482 116 537420
2014 12 09 03 09 22 88.463 126.232 40.7 537469
2014 12 10 21 03 39 64.46 122.45 256 537491
2014 12 11 13 53 29 146.751 334.576 10 537501
2014 12 17 06 10 05 93.829 100.143 10 537589
2014 12 19 14 41 44 83.124 94.624 37 537626
2014 12 21 11 34 14 87.949 126.544 71 537660
2014 12 24 01 58 01 146.394 147.336 4 537700
2014 12 29 09 29 37 81.366 121.521 8 537767
2014 12 29 17 41 50 146.85 334.712 33 553524
2014 12 31 09 26 25 76.233 120.715 134.5 537808
2015 01 19 17 19 47 85.373 119.775 21.3 538110
2015 01 27 00 53 21 88.711 97.253 27.9 538217
2015 02 02 10 49 48 122.648 292.85 172.7 538333
2015 02 11 13 01 15 113.509 293.223 198.8 538442
2015 02 11 18 57 20 113.065 293.338 203.6 553525
2015 02 13 18 48 17 37.36 328.036 12.1 538474
2015 02 13 18 59 13 37.491 327.98 16.9 553526
2015 02 13 20 06 32 67.39 121.444 30.5 538481
2015 02 16 22 00 54 145.518 331.771 18.1 538527
2015 02 25 01 31 44 83.951 119.888 27.5 538671
2015 02 27 13 45 05 97.358 122.49 559.1 538719
2015 03 01 03 32 36 89.969 124.412 89.9 538750
2015 03 03 10 37 31 90.719 98.754 33.5 538783
2015 03 17 22 12 30 88.329 126.433 55.7 538997
2015 03 18 18 27 28 126.111 286.311 9.7 553527
2015 03 23 04 51 37 108.354 290.812 127.1 539087
2015 03 23 10 13 51 66.287 121.715 40.4 539089
2015 03 28 16 36 53 112.178 291.466 107.8 539160
2015 03 28 22 28 51 89.627 121.999 128.8 539169
2015 03 29 07 50 54 88.307 126.49 45.5 539175
2015 03 30 10 34 53 129.471 78.072 10 539202
2015 04 15 07 39 27 50.266 106.388 8.2 539442
2015 04 16 18 07 43 54.805 26.837 22.6 553528
2015 04 17 02 05 41 54.886 26.741 17.9 553529
2015 04 20 01 42 58 65.943 122.431 28.1 539507
2015 04 20 09 05 33 95.604 102.586 21.8 539512
2015 04 20 12 00 00 66.019 122.52 31.4 539515
2015 04 25 06 11 26 61.87 84.716 13.4 539594
2015 04 25 06 45 21 61.84 84.843 14.7 539604
2015 04 25 09 17 02 61.652 87.287 9.3 539632
2015 04 26 07 09 09 62.264 85.978 13.4 539668
2015 04 30 10 19 09 150.38 333.017 19 553530
2015 05 05 02 03 18 57.739 353.84 14 553213
2015 05 08 03 12 20 88.477 97.839 45.5 539912
2015 05 12 07 05 18 62.199 86.126 12.3 539984
2015 05 12 07 36 53 62.476 86.141 13.8 539990
2015 05 15 20 26 55 92.566 102.223 158.5 540083
2015 05 18 04 02 45 131.532 80.247 10.2 540118
2015 05 20 17 20 45 88.143 126.413 53.5 540163
2015 05 24 04 53 23 106.814 345.739 11.7 540236
2015 05 24 21 06 42 149.622 333.718 49.7 540249
2015 05 26 10 32 01 112.001 291.563 120 553531
2015 05 29 08 40 13 137.481 100.072 11 540318
2015 06 04 23 15 45 83.957 116.665 18.1 540435
2015 06 05 14 54 00 127.204 78.045 9 553532
2015 06 10 13 52 08 112.409 291.549 121.8 540537
2015 06 15 17 40 58 99.528 125.071 34.7 540610
2015 06 17 12 51 35 125.37 342.191 27.1 540638
2015 06 20 02 10 07 126.334 286.333 17.4 540661
2015 06 20 05 32 08 149.638 333.456 53.6 540664
2015 06 27 15 34 02 61.036 34.703 14.4 540775
2015 06 29 22 07 47 53.361 71.382 188.3 540800
2015 07 01 18 24 41 150.445 324.687 10 540832
2015 07 03 01 07 46 52.53 78.12 19 540849
2015 07 03 03 16 35 78.666 94.951 17.1 540858
2015 07 03 06 43 22 79.862 125.977 50.8 540861
2015 07 16 15 16 32 76.2 301.43 19.4 541050
2015 07 24 21 44 42 98.12 109.007 88.6 541173
2015 07 26 07 05 09 99.185 112.689 71.6 541189
2015 08 10 10 05 25 53.516 71.253 226 541466
2015 08 13 10 39 54 127.022 77.953 15.4 553251
2015 08 13 11 28 16 126.942 78.312 15 541508
2015 08 14 18 03 03 68.986 314.177 15.5 553533
2015 08 17 16 16 59 76.261 51.735 11.4 541585
2015 08 20 11 00 10 89.447 126.567 67.1 541619
2015 08 23 23 10 04 119.713 288.66 34.7 541667
2015 08 26 13 51 37 147.545 334.159 47.3 553534
2015 10 05 16 33 26 120.303 288.469 34 542556
2015 10 10 08 56 05 150.716 339.151 10 542617
2015 10 17 11 33 08 115.47 295.52 17 542725
2015 10 17 11 33 08 115.467 295.517 17 542725
2015 10 19 13 50 41 76.135 120.617 106 542763
2015 10 20 20 33 12 147.43 294.11 9.1 553535
2015 10 20 20 33 12 147.433 294.113 9.08 553535
2015 10 23 01 40 06 144.225 6.165 11 542822
2015 10 23 04 04 18 135.81 37.17 10 542824
2015 10 23 04 04 18 135.814 37.171 10 542824
2015 10 26 09 09 32 53.541 70.684 206.94 542863
2015 10 26 09 09 42 53.476 70.367 231 542863
2015 11 01 15 16 17 113.246 291.584 111 542949
2015 11 01 21 09 40 67.246 121.656 7 542951
2015 11 03 21 25 02 98.282 124.906 10.27 542985
2015 11 04 03 44 15 98.338 124.875 20 542989
2015 11 07 07 31 43 120.879 288.549 46 543042
2015 11 07 10 53 44 120.722 288.61 42 543048
2015 11 08 09 34 57 89.214 98.89 69 543065
2015 11 08 10 42 01 83.122 94.545 8 543069
2015 11 08 16 47 02 83.157 94.648 10 543097
2015 11 09 08 12 46 83.593 94.801 10 543126
2015 11 11 01 54 38 119.506 287.994 12 553256
2015 11 11 02 46 19 119.509 287.942 10 553257
2015 11 11 11 45 23 98.941 110.218 83.02 543172
2015 11 11 23 36 19 97.249 128.93 126 543187
2015 11 13 06 04 17 119.849 295.502 27 543200
2015 11 25 18 57 41 88.57 126.29 33.16 543426
2015 11 27 21 00 22 114.828 289.4 34 543465
2015 11 29 18 52 49 113.559 295.348 11 543498
2015 11 29 18 56 21 113.477 295.414 10 543499
2015 11 30 20 19 05 98.791 67.696 10 543510
2015 12 04 22 25 00 137.616 85.091 35 543591
2015 12 07 07 50 05 51.79 72.779 22 553258
2015 12 08 12 56 07 120.809 288.249 25 543663
2015 12 09 10 21 48 94.106 129.507 21 543671
2015 12 10 12 05 14 148.88 336.094 10 543723
2015 12 19 15 03 36 98.368 107.022 27 543834
2015 12 19 19 25 05 120.605 288.695 48.34 543836
2015 12 20 18 47 36 86.355 117.635 14 543851
2015 12 23 16 55 09 144.175 358.506 10 553536
2015 12 24 23 10 58 97.218 128.977 119 553537
2015 12 25 19 14 47 53.507 71.126 206 543913
2016 01 01 02 00 39 140.557 139.448 10 543991
2016 01 03 23 05 22 65.17 93.66 55 544017
2016 01 03 23 05 22 65.197 93.65 55 544017
2016 09 23 23 11 20 44.273 26.609 92 548438
2016 10 06 15 51 59 67.373 121.434 14 548643
2016 10 15 20 14 49 50.194 20.646 22 548748
2016 10 17 07 14 49 57.094 94.879 23.32 548781
2016 10 19 00 26 01 94.862 108.162 614 548800
2016 10 20 00 09 26 76.689 315.123 10 548807
2016 11 16 15 10 10 99.027 113.245 85 553538
2016 11 25 14 24 30 50.77 74.02 17 549447
