2019 01 06 17 27 20 87.785 126.74 60 553340
2018 12 04 06 20 28 146.227 235.86 10 553539
2018 12 05 17 12 13 123.672 288.346 37.52 553540
2018 12 12 13 13 56 145.676 231.317 10 553541
2018 12 01 13 27 21 97.384 128.706 136 553336
2018 12 06 01 02 46 98.391 116.006 12 553337
2018 12 11 02 26 32 148.598 333.535 164.66 553368
2018 12 16 14 26 19 113.322 112.497 10 553369
2019 01 05 19 25 38 98.148 288.417 571.18 553371
2019 01 06 13 41 59 55.875 45.673 14 553339
2019 01 18 21 27 01 93.304 283.149 103 553542
2019 01 20 01 32 51 120.073 288.577 53.04 553372
2019 01 22 05 10 03 100.466 119.03 27.01 553373
2019 01 22 19 01 43 133.115 42.324 13 553543
2019 01 23 11 39 01 100.306 118.928 15.29 553374
