2009 10 22 19 51 27 53.4813 71.0121 188.6 553185
2009 11 13 03 05 34 109.469 289.5819 36.0 551028
2009 11 17 15 30 46 38.0378 228.402 8.7 506425
2010 02 27 15 45 21 114.7957 294.5381 31.8 507813
2010 03 04 22 39 07 112.2651 291.5421 108.4 508136
2010 03 30 16 54 33 76.3872 92.8746 38.5 508622
2010 04 13 23 49 05 56.8072 96.7466 13.8 508820
2010 05 06 02 42 29 108.0961 289.4135 46.8 553550
2010 05 23 22 46 50 104.0 285.5681 102.6 553551
2011 04 07 13 11 15 72.7349 265.8561 165.1 550715
2011 05 14 21 07 15 53.5743 70.7231 207.6 516197
2012 11 15 09 20 13 71.8005 259.475 57.9 524840
2013 02 09 14 15 54 88.9655 282.538 144.2 526478
2013 02 14 13 13 31 22.4827 142.702 8.9 526587
2013 07 22 07 01 29 136.0946 34.8615 3.2 529033
2013 09 05 04 01 28 74.7482 314.7861 10.4 529693
2013 09 07 00 13 24 75.3322 267.9089 74.1 553552
2013 09 24 11 29 41 63.0891 65.5315 15.5 529974
2013 09 25 16 42 38 105.9001 285.3988 38.2 530007
2013 10 01 03 37 53 36.8632 152.896 578.4 553321
2014 01 13 04 00 53 71.0078 293.1315 30.9 531704
2014 03 15 23 51 28 95.6717 279.0649 26.5 532639
2014 03 17 05 11 32 110.06 289.1716 5.3 553338
2014 03 22 12 59 46 109.8225 289.0559 4.4 532786
2014 04 01 23 46 33 109.6193 289.2123 17.1 532955
2014 04 03 02 43 09 110.5887 289.5095 12.0 533012
2014 04 10 23 27 30 77.5658 273.6699 12.6 533172
