2000 04 24 09 27 09 118.289 297.056 603.6 553881
2000 04 24 16 59 46 118.332 297.074 604.6 553882
2000 07 22 01 52 44 80.582 274.676 42.2 553883
2001 02 26 02 20 08 53.518 70.865 186.2 553884
2002 10 25 06 07 34 91.951 29.05 19.2 553885
2003 09 28 11 33 24 39.9911 87.7788 16.0 553886
2004 03 09 23 37 41 79.0832 316.0684 10.0 553887
2004 04 06 21 23 34 53.4424 71.0033 168.5 553888
2004 09 29 15 29 49 142.5011 28.0501 10.0 553889
2005 02 15 23 36 47 48.331 79.3417 31.4 553890
2005 03 14 03 29 52 62.9161 61.9044 51.8 553891
2005 04 12 14 54 05 97.3136 282.038 128.600007812 553892
2005 05 22 05 10 18 93.2328 279.0545 39.7 553893
2005 06 14 22 44 02 109.9172 290.7844 111.9 553894
2005 06 16 02 50 55 48.5528 234.415 18.0 553895
2005 11 18 19 26 45 112.3676 292.0579 161.7 553896
2006 04 01 01 16 47 56.4181 48.7952 15.4 553897
2006 10 21 10 48 51 103.4967 283.3321 34.3 553898
2006 11 14 01 26 34 116.1608 296.7084 581.9 553899
2007 02 05 20 56 56 70.5994 281.5948 10.0 553900
2007 03 19 02 11 00 85.3555 281.5408 17.7 553901
2007 04 04 03 35 04 53.4827 70.6851 213.0 553902
2007 07 04 08 25 59 89.28 329.7386 10.0 553903
2007 07 13 05 23 41 97.9279 285.6751 152.4 553904
2007 07 22 13 27 04 98.0859 288.7929 633.7 553905
2007 08 01 22 55 20 90.1853 342.2246 17.6 553906
2007 08 16 23 40 53 103.3836 283.4445 41.2 553907
2007 08 21 22 42 28 81.8748 320.7515 0.7 553908
2007 09 11 01 49 07 86.9995 282.0999 29.0 553909
2007 11 16 15 05 48 112.7389 289.9227 35.0 553910
2007 11 17 03 12 56 92.3388 282.2063 123.6 553911
2007 11 19 05 39 55 112.6479 293.7345 216.4 553912
2007 11 21 17 55 39 112.8806 289.4857 13.7 553913
2007 11 30 19 00 16 75.0054 298.7764 147.3 553914
2007 12 17 08 09 08 112.8877 289.8711 57.0 553915
2008 01 10 08 26 44 57.5958 85.2551 27.7 553916
2008 02 09 09 38 04 79.2749 318.098 4.1 553917
2008 02 22 02 46 06 12.9388 18.5685 10.5 553918
2008 05 13 06 28 00 58.9364 103.372 7.6 553919
2008 05 24 19 35 25 82.6407 325.109 10.0 553920
2008 06 23 23 56 17 22.2987 141.181 22.2 553921
2008 06 28 11 40 12 79.004 91.841 27.6 553922
2008 06 29 12 54 42 79.1326 91.7274 27.9 553923
2008 07 06 02 12 00 36.0538 152.863 646.1 553924
2008 07 09 09 13 07 105.9861 288.2518 122.6 553925
2008 08 12 23 38 39 90.9785 338.2025 16.2000009766 553926
2008 08 23 07 47 36 107.8435 65.4242 15.8 553927
2008 09 04 11 25 10 116.83 296.8067 570.6 553928
2008 09 11 11 00 34 63.2277 55.8332 12.0 553929
2008 09 11 13 07 52 81.8735 321.3198 3.1 553930
2008 10 13 20 55 39 110.1808 295.0179 357.8 553931
2008 11 11 01 21 47 52.3801 95.8853 0.1 553932
2009 07 13 06 12 37 105.0411 289.4646 198.7 553933
2009 08 11 19 55 28 75.9478 92.8685 30.7 553934
2009 09 13 20 06 24 79.2841 292.0868 19.6 553935
2009 09 22 08 52 46 62.6307 91.4597 16.1 553936
2009 10 30 17 44 17 53.6178 70.7684 213.9 553937
2009 12 20 13 02 02 66.2068 121.703 50.1 553938
2009 12 27 08 57 13 95.4255 131.324 64.9 553939
2010 01 06 04 55 33 148.464 345.1405 10.0 553940
2010 01 18 11 59 45 147.6927 293.9623 10.0 553941
2010 02 06 06 59 07 137.9345 99.5103 16.0 553942
2010 02 08 06 09 56 66.5636 123.691 23.0 553943
2010 02 16 21 51 41 97.2679 128.767 134.7 553944
2010 02 28 06 33 53 126.1485 287.0673 28.1 553945
2010 02 28 07 37 13 126.94 287.1854 39.7 553946
2010 02 28 08 00 51 127.84 284.7895 35.0 553947
2010 02 28 08 25 21 124.8047 287.5505 34.2 553948
2010 03 04 17 44 02 126.5647 286.7074 27.0 553949
2010 03 05 00 18 37 67.0699 120.8 27.0 553950
2010 03 05 22 39 20 112.2651 291.5421 108.4 553951
2010 03 06 16 06 46 93.8389 100.916 24.2 553952
2010 03 09 02 32 27 51.2116 40.044 12.2 553953
2010 03 12 14 55 25 124.2937 288.198 24.4 553954
2010 03 15 00 57 35 91.6485 128.082 63.6 553955
2010 03 26 05 29 24 76.1707 120.014 24.6 553956
2010 03 27 14 52 02 118.0601 289.0878 41.4 553957
2010 03 31 16 54 45 76.3872 92.8746 38.5 553958
2010 04 06 10 05 35 90.0893 125.105 28.1 553959
2010 04 12 22 07 53 52.9925 356.5236 619.6 553960
2010 04 14 23 49 33 56.8072 96.7466 13.8 553961
2010 04 25 07 41 00 91.8988 128.112 38.7 553962
2010 05 06 16 28 49 94.1395 101.105 26.3 553963
2010 05 10 05 59 29 86.2672 96.0278 42.3 553964
2010 05 27 08 53 04 64.2614 129.955 12.0 553965
2010 06 01 10 16 02 83.0626 123.962 34.3 553966
2010 06 01 19 51 34 78.7891 93.6519 131.6 553967
2010 06 13 19 26 44 82.1494 91.9546 31.4 553968
2010 06 17 03 16 14 92.2032 136.587 22.1 553969
2010 07 24 22 08 07 83.2887 123.488 610.2 553970
2010 07 24 22 51 09 83.5768 123.58 584.7 553971
2010 07 24 23 15 01 83.2597 123.327 633.7 553972
2010 07 30 07 31 56 83.4417 123.36 615.8 553973
2010 08 04 12 08 21 88.7022 126.279 50.6 553974
2010 09 18 19 21 08 53.4648 70.9695 215.4 553975
2010 09 27 12 12 33 95.2995 133.898 20.4 553976
2010 09 30 17 10 51 94.9188 133.807 18.3 553977
2010 10 05 13 28 32 65.7825 125.249 32.8 553978
2010 10 09 05 42 57 87.2363 128.221 140.8 553979
2010 10 26 14 42 20 93.5248 100.104 20.0 553980
2010 10 26 19 37 22 93.0065 100.37 22.6 553981
2010 11 11 04 05 09 135.5992 96.3646 15.3 553982
2010 12 16 11 29 30 97.2664 128.794 140.4 553983
2010 12 21 18 41 42 61.6319 59.15 14.5 553984
2011 01 19 20 23 13 61.3169 63.9948 79.9 553985
2011 02 05 13 53 29 65.3906 94.7347 86.5 553986
2011 02 11 14 39 16 85.8703 123.062 532.8 553987
2011 02 11 14 41 38 85.9536 123.034 531.2 553987
2011 03 07 14 32 22 146.3864 332.9747 92.0 553988
2011 03 07 14 32 27 146.41 333.32 101.2 553989
2011 03 11 17 08 37 96.8567 116.73 518.59996875 553990
2011 03 21 08 26 10 70.9253 121.307 39.9 553991
2011 03 25 13 55 06 69.3702 99.9178 12.8 553992
2011 04 02 13 28 59 54.2683 26.5466 75.5 553993
2011 04 04 20 06 27 99.7342 107.769 31.9 553994
2011 05 15 21 07 03 53.5743 70.7231 207.6 553995
2011 06 14 14 31 10 87.4554 126.455 66.0 553996
2011 07 20 19 35 37 49.8438 71.5011 19.5 553997
2011 08 17 11 03 54 92.3027 128.036 38.7 553998
2011 08 31 06 57 37 96.3592 126.75 467.2 553999
2011 09 04 04 48 57 146.5611 333.0769 96.3 554000
2011 09 06 17 55 11 86.9747 97.9991 106.6 554001
2011 09 19 12 40 40 62.1961 88.1536 29.6 554002
2011 10 14 03 16 17 99.3634 114.555 63.2 554003
2011 10 24 10 40 59 51.2706 43.4465 7.6 554004
2011 10 24 20 45 36 51.4107 43.1165 10.1 554005
2011 10 29 18 54 22 104.5572 283.8793 29.0 554006
2011 11 09 02 58 34 62.7498 125.723 228.2 554007
2011 11 15 04 04 44 90.953 126.88 24.4 554008
2011 11 23 18 48 15 105.3083 294.8366 560.3 554009
2011 12 01 00 26 55 74.5705 119.098 21.1 554010
2011 12 12 09 54 51 146.049 331.7865 130.600007812 554011
2011 12 14 07 52 08 89.9527 123.063 167.4 554012
2011 12 28 15 21 44 38.1651 95.9643 12.8 554013
2012 01 11 18 37 00 87.5693 93.2081 20.9 554014
2012 01 16 13 40 01 150.701 304.1421 17.3 554015
2012 01 16 14 21 18 150.8685 303.9666 23.0 554016
2012 01 23 05 53 41 146.9317 334.7707 18.7 554017
2012 02 07 03 48 45 80.0806 123.217 17.5 554018
2012 02 07 10 10 12 80.1004 123.175 12.6 554019
2012 02 27 06 17 07 38.1992 95.9804 13.0 554020
2012 04 12 08 38 17 87.7624 93.0144 26.3 554021
2012 04 12 09 27 51 88.7819 91.7146 10.0 554022
2012 04 12 10 43 05 89.2325 92.4284 21.6 554023
2012 04 15 10 56 06 147.5759 294.6279 8.4 554024
2012 04 16 05 57 25 87.419 90.3359 25.0 554025
2012 04 18 03 49 55 122.6374 288.4359 29.7 554026
2012 04 18 19 03 40 149.1876 343.1923 13.6 554027
2012 05 21 02 03 45 45.127 11.2227 17.7 554028
2012 06 03 07 52 43 112.1017 296.3426 539.4 554029
2012 06 08 04 04 48 126.0516 289.1453 5.8 554030
2012 06 11 12 43 57 53.6153 28.9676 32.0 554031
2012 06 17 22 18 32 74.4577 119.604 44.9 554032
2012 06 24 04 34 51 86.9978 97.9116 101.9 554033
2012 06 30 21 07 22 46.5665 84.6125 17.1 554034
2012 07 27 05 33 16 107.5507 66.2905 16.2000009766 554035
2012 08 12 12 23 04 51.5977 46.838 8.7 554036
2012 08 12 12 34 21 51.6202 46.7958 18.9 554037
2012 08 13 10 46 49 54.3474 82.5417 14.0 554038
2012 08 19 09 41 48 91.3518 120.128 27.9 554039
2012 08 27 15 05 35 87.8017 126.87 90.9 554040
2012 09 01 12 47 20 79.1893 126.826 44.4 554041
2012 09 04 18 23 02 100.677 113.965 34.8 554042
2012 09 15 04 51 33 93.3008 100.67 23.3 554043
2012 10 09 11 43 26 94.5414 129.235 29.6 554044
2012 10 18 04 42 20 85.8209 124.561 338.4 554045
2012 11 03 18 17 25 80.765 126.281 55.5 554046
2012 11 15 19 01 59 119.1789 288.6137 61.5 554047
2012 12 11 16 52 53 96.4969 129.868 161.5 554048
2012 12 12 06 18 25 89.4394 126.224 43.8 554049
2012 12 18 09 16 18 90.6936 123.884 46.4 554050
2013 01 29 16 38 38 47.4176 79.7217 14.3 554051
2013 03 20 03 29 00 148.9815 335.4303 52.0 554052
2013 03 28 02 03 08 66.1185 121.135 18.6 554053
2013 04 07 04 42 32 93.4714 138.474 69.4 554054
2013 04 10 11 52 34 61.5537 51.629 12.8 554055
2013 04 17 10 44 10 62.0296 62.136 63.1 554056
2013 04 21 00 02 26 59.7312 103.02 18.0 554057
2013 05 12 02 07 46 63.3417 57.8438 15.1 554058
2013 06 03 05 42 59 66.1682 121.059 17.0 554059
2013 06 14 16 47 20 99.9513 107.302 20.6 554060
2013 06 16 16 10 47 55.5493 25.044 21.5 554061
2013 06 25 22 03 56 79.3095 317.3313 17.5 554062
2013 07 03 07 36 54 85.3093 96.5824 25.4 554063
2013 07 16 14 03 37 151.0527 334.7726 19.9 554064
2013 07 22 23 45 52 55.4953 104.261 5.1 554065
2013 07 23 07 01 23 136.0946 34.8615 3.2 554066
2013 07 27 21 32 51 148.0352 335.72 17.0 554067
2013 08 13 00 53 32 97.1167 129.791 104.8 554068
2013 08 18 16 32 08 124.8867 54.1278 10.9 554069
2013 09 06 04 01 30 74.7482 314.7861 10.4 554070
2013 09 07 11 33 52 69.8138 122.334 189.4 554071
2013 09 25 11 29 47 63.0891 65.5315 15.5 554072
2013 09 26 16 42 32 105.9001 285.3988 38.2 554073
2013 09 29 07 33 58 62.8383 65.6192 18.7 554074
2013 10 05 17 26 02 128.707 78.5007 11.0 554075
2013 10 13 13 11 31 54.4723 23.3718 46.9 554076
2013 10 30 10 37 49 151.7154 154.829 10.0 554077
2013 10 31 02 51 36 125.4018 286.8485 11.9 554078
2013 11 01 12 01 55 66.4564 121.458 14.8 554079
2013 11 04 11 03 35 85.3585 123.4 556.8 554080
2013 11 14 23 45 40 150.3091 312.7128 10.0 554081
2013 11 17 03 34 24 150.3079 312.801 24.0 554082
2013 11 18 09 04 50 150.3783 313.4124 7.9 554083
2013 11 20 13 32 47 87.2847 128.447 56.1 554084
2013 11 26 06 27 09 143.9716 305.0352 10.0 554085
2013 12 02 01 24 12 97.0288 128.415 25.9 554086
2014 01 26 05 14 03 98.0446 109.223 87.8 554087
2014 01 27 13 55 29 51.809 20.507 13.8 554088
2014 02 02 03 58 40 146.9339 332.6544 142.9 554089
2014 02 04 03 08 37 51.7448 20.4368 14.5 554090
2014 02 13 09 19 47 54.1233 82.5807 4.1 554091
2014 03 03 20 11 05 62.5762 127.328 118.9 554092
2014 03 12 02 43 41 150.8439 339.8819 10.0 554093
2014 03 22 13 40 56 82.3196 94.2252 19.3 554094
2014 04 16 03 56 56 143.609 8.7098 10.0 554095
2014 05 06 11 08 32 70.3848 99.7038 15.2 554096
2014 05 16 10 16 32 80.6509 122.035 30.1 554097
2014 05 19 01 02 05 85.7599 92.7377 32.9 554098
2014 06 15 11 10 49 100.1131 91.0383 23.1 554099
2014 06 30 07 52 46 145.4757 331.6044 15.1 554100
2014 06 30 14 32 43 145.4186 331.776 11.9 554101
2014 07 15 07 59 37 84.2856 126.478 20.0 554102
2014 08 04 08 29 52 62.783 103.458 28.0 554103
2014 08 07 11 45 20 97.2741 128.036 10.0 554104
2014 08 07 11 45 26 97.13 127.92 19.5 554105
2014 08 19 02 31 57 57.289 47.638 10.0 554106
2014 08 19 18 08 04 57.4173 47.7037 5.0 554107
2014 09 11 02 45 52 90.2248 125.026 39.9 554108
2014 10 08 13 49 25 66.6566 100.501 12.8 554109
2014 11 04 08 48 28 131.824 80.0437 7.4 554110
2014 11 16 02 31 40 88.166 126.463 47.8 554111
2014 11 18 16 52 29 136.4072 33.7019 12.2 554112
2014 11 22 10 10 13 87.7293 127.031 45.2 554113
2014 11 23 08 55 26 59.686 101.803 2.0 554114
2014 11 27 14 33 26 88.0352 126.465 47.7 554115
2014 12 03 05 11 18 83.8428 123.126 614.0 554116
2014 12 07 22 04 50 96.11 130.483 116.0 554117
2014 12 11 21 03 38 64.4597 122.45 256.0 554118
2014 12 22 11 34 01 87.949 126.544 71.0 554119
2015 02 03 10 49 37 122.6484 292.8499 172.7 554120
2015 02 14 18 58 53 37.4903 327.9791 16.9 554121
2015 02 14 20 06 21 67.3897 121.444 30.5 554122
2015 02 17 22 00 43 145.5186 331.7708 18.1 554123
2015 02 28 13 44 52 97.358 122.491 559.1 554124
2015 03 07 08 22 16 131.3165 80.6147 13.1 554125
2015 03 18 22 12 11 88.3284 126.434 55.7 554126
2015 03 19 18 27 28 126.1112 286.311 9.7 554127
2015 03 24 04 51 36 108.3544 290.8117 127.1 554128
2015 04 17 18 07 28 54.8048 26.8373 22.6 554129
2015 04 21 01 42 47 65.9426 122.432 28.1 554130
2015 04 26 06 11 17 61.8698 84.7168 13.4 554131
2015 04 26 06 45 20 61.8397 84.8433 14.7 554132
2015 04 27 07 09 08 62.2635 85.9788 13.4 554133
2015 05 13 07 04 57 62.1986 86.126 12.3 554134
2015 05 16 20 26 38 92.566 102.223 158.5 554135
2015 05 25 04 53 15 106.8146 345.7385 11.7 554136
2015 06 05 23 15 18 83.9561 116.665 18.1 554137
2015 06 11 13 51 54 112.4098 291.5481 121.8 554138
2015 06 18 12 51 33 125.3709 342.191 27.1 554139
2015 06 21 02 10 06 126.3349 286.3326 17.4 554140
2015 07 04 01 07 37 52.5297 78.1205 19.0 554141
2015 07 04 06 43 15 79.8615 125.977 50.8 554142
2015 09 17 07 40 44 88.1159 126.429 41.55 554143
2015 09 17 07 40 48 88.12 126.43 41.5 554143
2015 09 19 15 59 28 74.7233 314.0114 10.0 554144
2015 09 25 15 53 19 90.6212 131.262 18.0 554145
2015 09 25 15 53 22 90.62 131.26 18.0 554145
2015 10 24 01 39 57 144.2258 6.1653 11.0 554146
2015 10 24 04 03 57 135.81 37.17 10.0 554147
2015 10 24 04 04 07 135.8146 37.1711 10.0 554147
2015 10 27 09 09 40 53.4756 70.3676 231.0 554148
2015 11 05 03 44 07 98.3381 124.875 20.0 554149
2015 11 08 07 31 43 120.8796 288.5481 46.0 554150
2015 11 09 16 47 01 83.1569 94.648 10.0 554151
2015 11 12 02 46 18 119.5097 287.9415 10.0 554152
2015 11 18 07 10 06 51.33 20.6 11.0 554153
2015 11 22 09 06 06 97.1484 129.938 82.0 554154
2015 11 25 22 45 15 100.5372 289.0563 606.21 554155
2015 11 25 22 50 43 100.0598 288.9816 620.56 554156
2015 11 27 05 45 06 99.1825 288.7426 602.75 554157
2015 11 28 21 00 21 114.828 289.3991 34.0 554158
2015 12 05 22 24 51 137.6165 85.0913 35.0 554159
2015 12 08 07 49 43 51.7893 72.7797 22.0 554160
2015 12 10 10 21 47 94.1064 129.508 21.0 554161
2015 12 21 18 47 25 86.3545 117.636 14.0 554162
2015 12 26 19 14 47 53.5065 71.1263 206.0 554163
2016 01 04 23 05 16 65.1964 93.6505 55.0 554164
2016 01 04 23 05 17 65.17 93.66 55.0 554164
2016 01 12 16 37 43 86.1034 126.857 13.0 554165
2016 01 15 03 25 04 109.7597 296.6712 582.56 554166
2016 01 26 04 21 47 54.3507 356.3182 12.0 554167
2016 02 06 19 57 16 67.0613 120.593 23.0 554168
2016 02 13 10 02 18 99.6338 119.401 28.0 554169
2016 02 18 17 25 42 89.1549 129.073 10.0 554170
2016 02 28 21 29 30 141.7897 139.596 10.0 554171
2016 03 03 12 49 32 94.9521 94.3299 24.0 554172
2016 04 07 14 45 28 98.2036 107.386 29.0 554173
2016 04 11 10 28 43 53.5275 71.1311 212.0 554174
2016 04 14 13 54 57 66.9056 94.8654 136.0 554175
2016 04 14 18 21 35 82.2083 122.023 17.0 554176
2016 04 20 05 25 29 145.7283 332.7693 14.0 554177
2016 05 29 09 46 51 146.2409 333.0647 78.0 554178
2016 06 01 05 23 42 64.4385 122.546 246.4 554179
2016 06 02 22 55 36 92.0967 100.665 50.0 554180
2016 06 06 16 25 21 94.587 125.626 429.62 554181
2016 06 08 19 15 10 88.7211 126.371 31.0 554182
2016 06 10 04 12 55 101.2487 116.267 19.0 554183
2016 06 27 11 17 06 50.5207 73.3388 13.0 554184
2016 08 20 07 32 03 145.2793 328.126 10.0 554185
2016 08 24 19 39 43 97.2805 122.425 532.4 554186
2016 08 25 01 36 13 47.277 13.1877 4.44 554187
2016 08 25 10 34 37 69.0776 94.5687 82.0 554188
2016 08 30 04 29 44 90.0471 342.1706 10.0 554189
2016 10 20 00 25 53 94.8626 108.163 614.0 554190
2016 10 27 19 18 07 47.0657 13.0434 10.0 554191
2016 10 31 06 39 58 47.1453 13.0884 10.0 554192
2016 11 26 14 24 20 50.77 74.0208 17.0 554193
2016 12 06 01 12 48 97.3158 123.38 526.0 554194
2016 12 07 22 03 33 84.7166 96.1678 13.0 554195
2016 12 22 00 16 58 97.5082 127.921 152.0 554196
2016 12 26 14 22 21 133.4053 286.0597 38.0 554197
2016 12 30 22 29 48 99.0279 118.664 79.0 554198
2017 01 11 06 13 44 85.5366 122.575 612.71 554199
2017 02 08 22 03 47 64.7989 63.2577 24.05 554200
2017 02 11 14 03 44 80.0929 125.452 15.0 554201
2017 04 06 06 09 04 54.2001 60.4364 13.0 554202
2017 04 16 08 19 19 113.2706 292.2345 155.0 554203
2017 04 24 02 36 05 123.0361 287.9937 21.0 554204
2017 04 25 21 38 27 123.0291 287.9548 28.0 554205
2017 04 29 20 23 12 84.4954 125.072 26.0 554206
2017 05 04 04 46 53 50.5004 71.4519 10.0 554207
2017 05 30 14 35 10 91.2872 120.434 12.0 554208
2017 06 13 12 28 25 51.0846 26.3713 12.0 554209
2017 07 07 08 03 48 78.8889 124.619 6.96 554210
2017 07 19 02 05 13 106.4206 286.3704 44.92 554211
2017 07 20 12 16 16 107.4154 66.4836 10.0 554212
2017 07 21 22 31 09 53.0751 27.4135 7.0 554213
2017 07 28 17 53 24 76.604 310.6741 10.0 554214
2017 08 09 13 19 35 56.8074 103.855 9.0 554215
2017 08 09 23 27 36 45.6986 82.8268 20.0 554216
2017 08 12 05 28 16 76.0013 120.678 172.0 554217
2017 08 14 03 08 03 93.7682 101.623 31.0 554218
2017 09 01 17 06 47 91.159 99.6881 43.14 554219
2017 10 11 06 32 02 108.5212 290.3589 82.43 554220
2017 10 11 18 53 26 144.2584 8.6055 9.0 554221
2017 10 25 10 47 39 97.2364 123.04 549.19 554222
2017 11 01 11 50 34 93.7404 127.766 18.47 554223
2017 11 12 00 36 05 101.7424 345.8858 10.0 554224
2017 11 13 18 18 02 55.0948 45.9563 19.0 554225
2017 11 18 22 34 18 60.1673 94.9776 8.0 554226
2017 12 01 06 32 41 91.0802 336.5677 10.0 554227
2017 12 02 02 32 29 59.2569 57.3138 9.0 554228
2017 12 13 08 43 05 59.2804 57.2705 10.0 554229
2017 12 13 21 41 17 59.1774 57.2861 8.0 554230
2017 12 14 18 03 41 144.2177 2.1681 10.0 554231
2017 12 16 16 47 38 97.4921 108.174 90.0 554232
2018 01 12 18 26 11 71.6371 96.0776 9.0 554233
2018 01 15 09 18 32 105.7589 285.2905 39.0 554234
2018 01 22 01 06 38 108.8524 290.5436 116.0 554235
2018 01 24 06 34 53 97.1958 105.918 43.91 554236
2018 01 29 16 03 04 143.0623 9.6842 10.0 554237
2018 02 01 07 06 44 53.4568 70.8155 191.19 554238
2018 02 05 13 56 24 65.8428 121.708 12.0 554239
2018 02 07 15 50 34 65.8641 121.658 17.0 554240
2018 02 27 13 34 33 92.7629 126.727 9.91 554241
2018 03 25 19 58 12 135.7783 96.0692 10.0 554242
2018 03 26 20 14 35 96.6247 129.814 169.0 554243
2018 04 03 13 40 14 110.6588 296.9942 559.0 554244
2018 04 20 21 09 05 132.7797 42.1877 10.0 554245
2018 05 06 06 18 47 75.4292 123.919 18.0 554246
2018 05 10 10 41 40 53.0084 71.3833 116.0 554247
2018 07 29 17 07 08 97.1221 122.747 577.48 554248
2018 07 29 22 47 18 98.2395 116.508 14.0 554249
2018 08 06 11 46 19 98.2597 116.436 31.0 554250
2018 08 15 03 29 46 148.1107 334.7412 35.0 554251
2018 08 18 15 34 53 97.4263 119.834 529.0 554252
2018 08 20 04 10 22 98.3298 116.598 21.41 554253
2018 08 20 14 56 03 98.3303 116.631 25.21 554254
2018 08 26 22 13 03 55.3889 46.2422 10.0 554255
2018 09 09 07 16 49 82.7631 126.478 10.0 554256
2018 09 19 07 27 34 127.811 49.782 10.0 554257
2018 09 29 06 59 39 90.3991 119.77 5.19 554258
2018 09 29 10 02 32 90.1781 119.84 10.0 554259
2018 10 11 18 44 54 97.453 114.455 9.0 554260
2018 10 26 22 54 34 52.4852 20.5635 14.0 554261
2018 10 30 06 54 10 147.4045 293.5914 10.0 554262
2018 11 05 07 55 14 82.2482 123.865 581.0 554263
2018 11 10 01 49 30 18.3736 348.7498 10.0 554264
2018 11 12 14 03 42 74.4347 310.1281 10.0 554265
2018 11 16 20 02 13 146.7065 334.454 15.0 554266
2018 11 26 16 37 07 55.6536 45.7432 18.0 554267
2018 12 12 02 26 32 148.5981 333.5344 164.66 554268
2018 12 30 03 38 50 84.1017 126.921 60.21 554269
2019 01 07 17 27 17 87.7586 126.736 60.0 554270
2019 01 21 01 32 51 120.071 288.5798 54.82 554271
2019 01 22 23 59 18 100.3113 119.147 16.77 554272
2019 01 23 05 10 00 100.4663 119.031 27.01 554273
2019 01 23 19 01 29 133.1219 42.3568 13.0 554274
2019 02 03 09 27 11 92.8458 100.076 20.0 554275
2019 02 03 10 59 19 92.8834 100.133 18.0 554276
2019 03 02 08 50 25 104.7016 289.865 267.0 554277
2019 03 09 15 06 08 79.616 126.006 30.0 554278
2019 03 16 05 03 39 107.8744 294.0928 359.0 554279
2019 03 25 04 37 18 88.3383 126.38 45.0 554280
2019 04 02 18 38 59 108.2058 65.3656 10.0 554281
2019 04 06 16 14 04 145.9206 332.144 58.6 554282
2019 04 07 21 54 47 96.8492 125.014 539.0 554283
2019 04 10 17 53 50 148.6064 334.7441 44.83 554284
2019 04 13 11 40 42 91.8518 122.553 17.48 554285
2019 04 19 05 00 52 66.0112 121.693 20.0 554286
2019 04 23 09 11 04 75.0764 120.497 20.0 554287
2019 04 23 14 49 05 146.2633 332.6491 79.0 554288
2019 04 24 05 37 49 78.1542 125.187 54.0 554289
2019 04 30 14 19 37 79.1351 57.2283 10.0 554290
2019 06 01 10 12 14 83.7357 126.552 90.21 554291
2019 06 25 02 53 38 96.4078 129.169 212.0 554292
2019 07 08 15 08 31 89.4874 126.189 35.0 554293
2019 07 15 05 39 16 108.2237 120.357 10.0 554294
2019 07 15 09 10 37 90.529 128.093 10.0 554295
2019 07 27 23 37 48 69.1564 121.976 10.0 554296
2019 08 02 18 28 04 124.2367 287.6921 25.0 554297
2019 08 03 12 03 16 97.2668 104.825 52.76 554298
2019 08 28 23 55 11 150.2152 333.4199 16.0 554299
2019 09 20 07 06 29 96.0708 111.842 610.0 554300
2019 09 25 21 19 28 123.8146 56.2955 10.0 554301
2019 09 30 02 02 31 84.3071 126.549 73.0 554302
2019 10 17 11 36 58 83.2862 125.001 12.76 554303
2019 10 24 16 08 02 91.0987 346.1633 10.0 554304
2019 10 30 01 04 26 83.2413 124.995 14.95 554305
2019 11 01 01 11 10 83.0921 125.183 10.0 554306
2019 11 03 18 08 22 145.6659 333.7662 8.0 554307
2019 11 15 16 17 23 88.3801 126.414 33.0 554308
2019 11 15 21 12 34 88.4327 126.414 23.0 554309
2019 11 27 02 54 02 48.4851 19.5212 20.0 554310
2019 11 28 07 23 24 54.2728 23.2673 71.76 554311
2019 12 16 06 11 36 83.3031 125.174 18.0 554312
2019 12 21 11 39 35 53.455 70.4485 212.0 554313
2020 01 08 06 05 02 87.6666 96.347 20.34 554314
2020 01 20 13 27 32 50.1691 77.1064 6.28 554315
2020 01 20 16 58 11 90.1108 123.778 121.87 554316
2020 01 21 06 51 16 149.2336 333.7252 91.29 554317
2020 01 25 17 55 05 51.6102 39.0814 11.91 554318
