1995 09 17 17 09 20 107.122 66.69 8.5 256556
1995 10 06 18 09 46 92.009 101.501 36.7 257991
1995 10 18 09 30 39 53.552 70.39 234.8 258692
1995 10 23 22 46 49 64.008 102.236 2.9 259060
1995 10 29 19 24 32 89.175 126.033 63.7 553878
1995 11 05 16 29 59 94.926 103.233 44.1 259759
1995 11 08 07 14 18 88.179 95.059 29.2 259870
1995 11 08 16 01 21 88.734 121.659 35.2 259885
1995 11 13 02 17 53 86.408 126.782 52.8 260074
1995 12 05 06 32 06 99.001 124.688 37.7 553879
1996 01 01 08 05 09 89.316 119.984 15.4 263007
1996 01 22 23 19 57 150.6 334.032 10.1 264288
1996 02 03 11 14 20 62.713 100.294 10 264824
1996 02 07 07 57 18 88.977 120.209 13.8 265074
1996 02 12 09 08 12 101.074 118.742 42.5 265344
1996 02 18 23 49 28 91.238 345.708 10 265786
1996 02 28 09 44 09 88.283 126.134 107.1 266311
1996 03 05 14 52 30 65.917 122.266 41.8 553880
1996 03 19 15 00 25 49.99 76.707 25 553881
1996 05 03 03 32 44 49.235 109.647 9.5 270137
1996 06 02 02 52 09 79.206 317.728 10 271741
1996 06 06 17 35 36 131.28 80.672 10 272002
1996 06 11 18 22 53 77.35 125.202 16.4 272401
1996 07 16 10 07 35 88.972 120.33 24.9 553882
1996 07 20 00 00 41 53.87 27.052 26.8 274652
1996 07 22 14 19 35 88.983 120.476 33.9 274836
1996 08 12 17 00 28 90.249 125.134 51.2 276314
1996 08 22 05 35 43 97.159 123.35 614 276939
1996 08 27 10 50 49 126.79 78.571 10 277210
1996 09 05 23 42 07 68.074 121.512 24.5 277709
1996 09 20 00 03 19 80.409 126.346 51.1 278617
1996 09 20 04 10 28 80.526 126.323 39.5 278629
1996 09 20 12 24 38 80.528 126.481 6.7 278657
1996 09 28 14 10 41 79.926 125.39 223.5 279194
1996 10 02 09 48 03 78.228 125.517 46.8 279417
1996 10 08 01 36 54 135.809 96.103 10 553883
1996 10 09 13 10 50 55.472 32.095 19 279808
1996 10 10 15 21 02 86.515 97.876 19.7 279962
1997 02 04 10 37 51 52.262 57.289 35.7 286448
1997 02 27 21 08 02 60.039 68.202 33.6 287556
1997 02 27 21 30 37 59.963 67.974 43.4 553884
1997 02 28 12 57 22 51.912 48.04 39.2 553885
1997 03 17 08 05 50 96.66 105.483 50.9 288982
1997 04 11 05 34 43 50.445 76.947 20 290565
1997 05 08 02 53 14 65.111 92.276 33.7 292156
1997 05 10 07 57 29 56.122 59.823 6.7 292280
1997 06 02 21 24 39 147.862 334.358 33 293691
1997 08 13 04 45 03 64.868 125.866 39.5 297412
1997 08 20 07 15 14 85.692 96.505 24.7 297743
1997 09 17 14 50 36 87.901 126.61 45.2 299171
1997 09 25 14 20 48 103.749 66.255 10 299563
1997 09 26 09 40 25 46.908 12.818 0.5 553886
1997 10 05 18 04 31 149.737 330.561 274.3 300321
1997 10 06 12 30 07 80.239 125.803 124 300372
1997 11 08 10 02 53 54.884 87.374 38.1 553887
1997 11 18 13 07 38 52.518 20.692 10 302799
1997 11 21 11 23 03 67.781 92.683 29.6 302978
1997 11 25 12 14 36 88.792 122.562 46.3 303209
1998 03 29 07 15 00 90.05 342.034 10 309866
1998 04 01 17 56 23 90.502 99.322 61.6 310031
1998 04 10 16 40 39 91.215 344.35 10 310528
1998 06 18 04 17 55 101.476 345.927 10 314667
1998 06 27 13 55 53 53.155 35.325 46.6 315163
1998 09 21 06 52 44 89.806 122.468 181.3 319822
1998 09 28 13 34 30 98.174 112.444 157.2 320166
1998 09 28 19 23 24 86.168 126.41 45.1 320184
1998 10 28 16 25 04 89.18 125.956 46 321671
1998 11 08 07 25 49 99.133 121.45 46.9 322182
1998 11 19 15 39 21 67.327 125.771 23 322736
1998 12 06 00 47 14 88.705 126.272 42.9 323464
1998 12 16 17 45 06 88.886 126.126 51.8 323947
1998 12 26 15 39 10 91.415 123.63 60.7 324431
1999 02 06 17 45 27 70.754 121.253 52.1 326037
1999 02 23 07 27 58 89.855 119.483 50.4 326657
1999 02 25 18 58 29 38.368 104.914 10 326761
1999 03 04 05 38 26 61.723 57.203 36.9 327021
1999 03 04 08 51 59 84.606 121.923 15 327031
1999 03 04 08 52 01 84.587 122.077 33 553888
1999 03 28 19 05 12 59.489 79.421 22.9 328135
1995 04 14 13 15 17 150.773 339.979 10 247737
1995 04 17 07 14 35 56.242 321.42 10 247882
1995 04 21 00 09 54 77.993 125.668 20.1 553889
1995 04 21 00 30 10 78.057 125.584 15.3 248042
1995 04 21 00 34 46 77.928 125.58 20.7 553890
1995 04 23 05 07 58 77.626 125.492 0.9 248258
1995 05 05 03 53 43 77.373 125.28 5.3 248991
1995 05 06 01 59 07 65.04 95.294 117.6 249084
1995 05 13 08 47 13 49.833 21.686 13.9 553891
1995 05 14 11 33 18 98.409 125.105 11.2 249629
1995 05 15 04 05 57 48.411 88.816 0 249675
1995 05 18 00 06 27 90.844 337.988 12.2 249946
1995 05 23 22 10 12 145.878 356.623 10 250304
1995 06 15 00 15 47 51.596 22.271 2.9 251548
1995 07 27 05 51 20 102.577 79.226 23.9 253782
1995 08 17 00 59 57 48.437 88.791 0 254991
1995 08 18 02 16 26 145.791 331.159 37.9 255094
1995 08 29 07 25 48 138.01 99.49 10 553892
2002 01 03 07 05 26 53.961 70.679 115 553893
2002 03 03 12 08 06 53.528 70.45 194.7 405582
2002 06 28 17 19 30 46.237 130.665 568 413475
2002 10 23 11 27 20 26.446 211.933 19.7 419555
2002 11 02 01 26 11 87.021 96.114 31 420009
2000 01 08 11 59 24 113.219 289.811 61.5 346120
2000 04 23 09 27 23 118.289 297.056 603.6 354473
2000 04 23 17 01 17 118.332 297.074 604.6 354496
2000 05 12 18 43 15 113.779 293.26 193.5 356203
2000 05 12 23 10 26 54.089 70.683 77.3 356220
2000 12 06 17 11 06 50.507 54.811 33 375510
2000 12 12 05 26 46 83.972 277.34 10 553894
2001 01 10 16 02 43 33.014 206.538 33 377730
2001 01 26 03 16 40 66.558 70.31 16 378754
2001 06 23 20 33 09 106.303 286.439 2.2 389221
2001 06 23 21 27 35 107.181 287.358 33 389237
2001 06 26 04 18 32 107.831 288.37 33 389554
2001 07 07 09 38 43 107.568 287.993 33 553895
2001 07 28 07 32 43 30.986 204.911 134.1 553896
2002 03 03 12 08 18 53.504 70.517 208.9 405583
2002 04 18 16 08 36 117.52 289.506 61.2 408823
2002 06 22 02 58 21 54.411 49.022 10 413047
2002 09 13 22 28 29 76.995 93.105 21 418127
2002 10 12 20 09 09 98.315 288.331 516.4 419185
2002 10 24 06 08 38 91.951 29.05 19.2 419655
2002 11 03 22 12 41 26.372 212.389 10.8 420097
2003 01 22 02 06 35 71.104 255.919 27.4 423637
2003 05 14 06 03 33 71.64 301.373 20.3 427423
2003 07 27 11 41 27 110.136 294.875 345 553897
2003 09 22 04 45 36 70.202 289.341 10 432311
2003 09 27 11 33 25 39.992 87.778 16 553898
2003 10 01 01 03 26 39.841 87.707 17.7 432824
2004 01 16 18 07 53 82.336 322.341 10 437001
2004 04 05 21 24 00 53.443 71.003 168.5 553899
2004 05 28 12 38 43 53.679 51.587 17 442040
2004 11 15 09 06 55 85.259 282.53 15 446200
2004 11 20 08 07 22 80.41 275.851 24.5 553900
2004 11 21 11 41 07 74.267 298.322 21.2 446253
2005 03 21 12 23 53 114.941 296.544 576.6 459738
2005 03 21 12 43 11 114.68 296.492 567.1 459740
2005 04 11 14 54 05 97.313 282.038 128.6 461293
2005 06 13 22 44 32 109.917 290.785 111.9 463689
2005 07 24 15 42 05 82.094 92.145 17.5 465097
2005 09 26 01 55 37 95.736 283.525 129.1 467418
2005 10 08 03 50 35 55.477 73.64 7.9 467848
2005 11 17 19 26 54 112.367 292.058 161.7 469487
2006 04 20 23 25 02 28.961 167.097 26.6 553901
2006 04 29 16 58 06 29.419 167.535 13.4 475244
2006 08 25 00 44 46 114.345 292.991 184.9 479749
2006 09 22 02 32 24 116.845 296.886 583 480624
2006 10 20 10 48 57 103.496 283.333 34.3 481681
2006 11 13 01 26 36 116.16 296.709 581.9 553902
