2005 06 13 22 44 24 109.9172 290.7844 111.9 463689
2008 06 22 23 56 17 22.2987 141.181 22.2 499631
2008 06 28 12 54 41 79.1326 91.7274 27.9 551191
2008 07 05 02 11 59 36.0538 152.863 646.1 499789
2008 07 08 09 13 06 105.9861 288.2518 122.6 499837
2001 02 25 02 21 54 53.518 70.865 186.2 550192
2004 04 05 21 23 53 53.4424 71.0033 168.5 553899
2004 09 28 15 27 40 142.5011 28.0501 10 445716
2005 03 13 03 31 09 62.9161 61.9044 51.8 553903
2011 10 13 03 16 19 99.3634 114.555 63.2 550956
2011 10 23 20 45 20 51.4107 43.1165 10.1 550958
2011 11 08 02 58 55 62.7498 125.723 228.2 518921
2011 12 11 09 54 43 146.049 331.7865 130.6 550967
2011 12 13 07 52 02 89.9527 123.063 167.4 550665
2011 12 27 15 21 53 38.1651 95.9643 12.8 551440
2012 01 10 18 36 47 87.5693 93.2081 20.9 519785
2012 01 15 13 40 18 150.701 304.1421 17.3 553208
2012 01 15 14 21 26 150.8685 303.9666 23 553209
2012 01 22 05 53 41 146.9317 334.7707 18.7 519966
2012 02 06 03 49 02 80.0806 123.217 17.5 520221
2012 02 26 06 17 09 38.1992 95.9804 13 520525
2012 04 11 08 38 27 87.7624 93.0144 26.3 521291
2012 04 11 10 43 07 89.2325 92.4284 21.6 521308
2012 04 15 05 57 27 87.419 90.3359 25 521481
2012 05 20 02 03 49 45.127 11.2227 17.7 522040
2012 06 10 12 44 06 53.6153 28.9676 32 522378
2012 06 16 22 18 44 74.4577 119.604 44.9 522454
2012 06 23 04 34 43 86.9978 97.9116 101.9 553181
2012 06 29 21 07 19 46.5665 84.6125 17.1 522641
2012 07 26 05 33 29 107.5507 66.2905 16.2 523026
2012 08 11 12 23 04 51.5977 46.838 8.7 523253
2012 08 12 10 46 52 54.3474 82.5417 14 523270
2012 08 26 15 05 27 87.8017 126.87 90.9 523406
2012 09 03 18 23 08 100.677 113.965 34.8 523642
2012 09 14 04 51 37 93.3008 100.67 23.3 523871
2012 10 17 04 42 15 85.8209 124.561 338.4 524317
2012 12 11 06 18 24 89.4394 126.224 43.8 525266
2013 03 19 03 28 53 148.9815 335.4303 52 527097
2013 03 27 02 03 19 66.1185 121.135 18.6 527207
2013 04 09 11 52 47 61.5537 51.629 12.8 527405
2013 04 16 10 44 11 62.0296 62.136 63.1 527535
2013 05 11 02 08 00 63.3417 57.8438 15.1 527912
2013 06 02 05 42 50 66.1682 121.059 17 528376
2013 09 05 04 01 35 74.7482 314.7861 10.4 529693
2013 09 24 11 29 46 63.0891 65.5315 15.5 529974
2013 09 28 07 34 01 62.8383 65.6192 18.7 530039
2013 10 31 12 02 08 66.4564 121.458 14.8 530577
2013 11 03 11 03 40 85.3585 123.4 556.8 530630
2013 11 16 03 34 31 150.3079 312.801 24 530792
2013 11 17 09 04 51 150.3783 313.4124 7.9 530832
2013 11 25 06 27 21 143.9716 305.0352 10 531008
2014 01 25 05 14 10 98.0446 109.223 87.8 553512
2014 01 26 13 55 33 51.809 20.507 13.8 531898
2014 02 01 03 58 39 146.9339 332.6544 142.9 531990
2014 02 12 09 19 39 54.1233 82.5807 4.1 532175
2014 04 15 03 57 00 143.609 8.7098 10 533357
2014 05 15 10 16 35 80.6509 122.035 30.1 533960
2014 06 14 11 10 52 100.1131 91.0383 23.1 553515
2014 06 29 14 32 42 145.4186 331.776 11.9 534744
2014 08 03 08 30 08 62.783 103.458 28 535273
2014 08 06 11 45 20 97.2741 128.036 10 535321
2014 08 06 11 45 22 97.13 127.92 19.5 553521
2014 08 18 02 32 03 57.289 47.638 10 535475
2014 08 18 18 08 10 57.4173 47.7037 5 535494
2014 11 17 16 52 37 136.4072 33.7019 12.2 537073
2014 11 21 10 10 13 87.7293 127.031 45.2 537155
2014 11 26 14 33 40 88.0352 126.465 47.7 537244
2014 12 21 11 34 09 87.949 126.544 71 537660
2015 02 13 20 06 20 67.3897 121.444 30.5 538481
2015 02 27 13 44 52 97.358 122.491 559.1 538719
2015 03 06 08 22 12 131.3165 80.6147 13.1 538824
2015 04 20 01 42 56 65.9426 122.432 28.1 539507
2015 04 25 06 45 19 61.8397 84.8433 14.7 539604
2015 04 26 07 08 58 62.2635 85.9788 13.4 539668
2015 05 12 07 05 06 62.1986 86.126 12.3 539984
2015 06 04 23 15 39 83.9561 116.665 18.1 540435
2015 06 17 12 51 23 125.3709 342.191 27.1 540638
2015 07 03 01 07 39 52.5297 78.1205 19 540849
2015 07 03 06 43 14 79.8615 125.977 50.8 540861
2015 10 23 01 40 04 144.2258 6.1653 11 542822
2015 10 23 04 04 12 135.81 37.17 10 542824
2015 10 23 04 04 12 135.8146 37.1711 10 542824
2015 10 26 09 09 31 53.4756 70.3676 231 542863
2015 11 04 03 43 59 98.3381 124.875 20 542989
2015 11 08 16 46 56 83.1569 94.648 10 543097
2015 11 17 07 10 05 51.33 20.6 11 543269
2015 12 07 07 49 56 51.7893 72.7797 22 553258
2015 12 25 19 14 44 53.5065 71.1263 206 543913
2016 01 03 23 05 17 65.1964 93.6505 55 544017
2016 01 03 23 05 17 65.17 93.66 55 544017
2016 01 25 04 21 50 54.3507 356.3182 12 544342
2016 02 12 10 02 09 99.6338 119.401 28 544610
2016 04 06 14 45 21 98.2036 107.386 29 553259
2016 04 10 10 28 43 53.5275 71.1311 212 545480
2016 04 13 18 21 42 82.2083 122.023 17 545542
2016 05 28 09 46 46 146.2409 333.0647 78 546353
2016 06 01 22 55 58 92.0967 100.665 50 546440
2016 06 07 19 15 14 88.7211 126.371 31 546534
2016 06 09 04 12 58 101.2487 116.267 19 546550
2016 06 26 11 17 07 50.5207 73.3388 13 546856
2016 08 24 01 36 28 47.277 13.1877 4.44 547889
2016 10 19 00 25 52 94.8626 108.163 614 548800
2016 10 26 19 17 56 47.0657 13.0434 10 548901
2016 10 30 06 40 09 47.1453 13.0884 10 548956
2016 11 25 14 24 20 50.77 74.0208 17 549447
2016 12 06 22 03 20 84.7166 96.1678 13 549607
2016 12 21 00 16 58 97.5082 127.921 152 549985
2017 01 10 06 13 42 85.5366 122.575 612.71 553394
2017 02 07 22 03 51 64.7989 63.2577 24.05 553265
2017 02 10 14 03 42 80.0929 125.452 15 553397
2017 05 03 04 47 01 50.5004 71.4519 10 553217
2017 05 29 14 35 08 91.2872 120.434 12 553406
2017 06 12 12 28 29 51.0846 26.3713 12 553270
2017 07 06 08 03 50 78.8889 124.619 6.96 553409
2017 07 20 22 31 03 53.0751 27.4135 7 553272
2017 10 24 10 47 41 97.2364 123.04 549.19 553425
2017 11 11 00 36 11 101.7424 345.8858 10 553223
2017 11 12 18 18 01 55.0948 45.9563 19 553227
2017 12 01 02 32 40 59.2569 57.3138 9 553229
2017 12 12 08 43 05 59.2804 57.2705 10 553230
2017 12 13 18 03 33 144.2177 2.1681 10 553232
2017 12 15 16 47 54 97.4921 108.174 90 553233
2018 01 23 06 34 42 97.1958 105.918 43.91 553237
2018 01 28 16 02 58 143.0623 9.6842 10 553221
2018 01 31 07 06 57 53.4568 70.8155 191.19 553238
2018 02 06 15 50 41 65.8641 121.658 17 553439
2018 03 24 19 58 31 135.7783 96.0692 10 553239
2018 04 19 21 09 08 132.7797 42.1877 10 553222
2018 05 05 06 18 52 75.4292 123.919 18 553456
2018 07 28 17 07 20 97.1221 122.747 577.48 553351
2018 08 17 15 34 52 97.4263 119.834 529 553355
2018 08 19 04 10 10 98.3298 116.598 21.41 553327
2018 08 25 22 13 25 55.3889 46.2422 10 553246
2018 09 18 07 27 40 127.811 49.782 10 553224
2018 11 04 07 55 20 82.2482 123.865 581 553701
2018 11 15 20 02 16 146.7065 334.454 15 553249
2018 11 25 16 37 20 55.6536 45.7432 18 553250
2018 12 29 03 39 00 84.1017 126.921 60.21 553709
2019 01 06 17 27 13 87.7586 126.736 60 553340
2019 01 22 05 09 53 100.4663 119.031 27.01 553373
2019 01 22 19 01 35 133.1219 42.3568 13 553543
2019 02 02 09 27 35 92.8458 100.076 20 553904
2019 03 08 15 06 00 79.616 126.006 30 553905
2019 04 01 18 38 57 108.2058 65.3656 10 553906
2019 04 05 16 14 06 145.9206 332.144 58.6 553907
2019 04 06 21 54 50 96.8492 125.014 539 553908
2019 04 12 11 40 45 91.8518 122.553 17.48 553909
2019 04 18 05 00 57 66.0112 121.693 20 553910
2019 04 22 09 11 05 75.0764 120.497 20 553911
2019 04 23 05 37 40 78.1542 125.187 54 553912
2019 05 31 10 12 25 83.7357 126.552 90.21 553913
2019 07 14 05 39 19 108.2237 120.357 10 553914
2019 08 27 23 55 17 150.2152 333.4199 16 553915
2019 09 19 07 06 22 96.0708 111.842 610 553916
2019 09 24 21 19 39 123.8146 56.2955 10 553917
2019 09 29 02 02 40 84.3071 126.549 73 553918
2019 10 16 11 36 58 83.2862 125.001 12.76 553919
2019 10 23 16 08 13 91.0987 346.1633 10 553920
2019 11 14 16 17 27 88.3801 126.414 33 553921
2019 11 14 21 12 45 88.4327 126.414 23 553922
2019 12 15 06 11 35 83.3031 125.174 18 553923
2019 12 20 11 39 52 53.455 70.4485 212 553924
2020 01 19 13 27 46 50.1691 77.1064 6.28 553925
2020 01 20 06 51 31 149.2336 333.7252 91.29 553926
2019 02 02 09 27 32 92.8458 100.076 20 553904
2019 02 02 10 59 26 92.8834 100.133 18 553927
2019 03 08 15 06 09 79.616 126.006 30 553905
2019 04 01 18 39 01 108.2058 65.3656 10 553906
2019 04 05 16 14 14 145.9206 332.144 58.6 553907
2019 04 06 21 54 48 96.8492 125.014 539 553908
2019 04 18 05 00 57 66.0112 121.693 20 553910
2019 04 22 09 11 01 75.0764 120.497 20 553911
2019 04 23 05 37 49 78.1542 125.187 54 553912
2019 05 31 10 12 19 83.7357 126.552 90.21 553913
2011 10 13 03 16 22 99.3634 114.555 63.2 550956
2011 10 23 10 41 10 51.2706 43.4465 7.6 518671
2011 12 11 09 54 55 146.049 331.7865 130.6 550967
2012 01 10 18 36 55 87.5693 93.2081 20.9 519785
2012 02 06 03 49 08 80.0806 123.217 17.5 520221
2012 02 06 10 10 16 80.1004 123.175 12.6 520226
2012 02 26 06 17 04 38.1992 95.9804 13 520525
2012 04 11 09 27 50 88.7819 91.7146 10 521296
2012 04 11 10 43 06 89.2325 92.4284 21.6 521308
2012 05 20 02 03 43 45.127 11.2227 17.7 522040
2012 06 10 12 44 15 53.6153 28.9676 32 522378
2012 06 16 22 18 35 74.4577 119.604 44.9 522454
2012 06 29 21 07 22 46.5665 84.6125 17.1 522641
2012 07 26 05 33 30 107.5507 66.2905 16.2 523026
2012 08 11 12 34 35 51.6202 46.7958 18.9 523255
2012 08 18 09 41 40 91.3518 120.128 27.9 523332
2012 10 17 04 42 23 85.8209 124.561 338.4 524317
2013 01 28 16 38 42 47.4176 79.7217 14.3 525963
2013 03 19 03 28 51 148.9815 335.4303 52 527097
2013 04 16 10 44 09 62.0296 62.136 63.1 527535
2013 05 11 02 08 05 63.3417 57.8438 15.1 527912
2013 06 02 05 42 58 66.1682 121.059 17 528376
2013 09 06 11 33 52 69.8138 122.334 189.4 529722
2013 09 24 11 29 43 63.0891 65.5315 15.5 529974
2013 09 28 07 34 05 62.8383 65.6192 18.7 530039
2013 10 04 17 26 04 128.707 78.5007 11 530134
2013 10 12 13 11 50 54.4723 23.3718 46.9 530236
2013 11 03 11 03 34 85.3585 123.4 556.8 530630
2013 11 13 23 45 44 150.3091 312.7128 10 530766
2014 01 25 05 14 14 98.0446 109.223 87.8 553512
2014 04 15 03 56 52 143.609 8.7098 10 533357
2014 05 05 11 08 42 70.3848 99.7038 15.2 533793
2014 05 15 10 16 39 80.6509 122.035 30.1 533960
2014 05 18 01 02 24 85.7599 92.7377 32.9 533999
2014 09 10 02 46 01 90.2248 125.026 39.9 535864
2014 11 17 16 52 35 136.4072 33.7019 12.2 537073
2014 12 02 05 11 28 83.8428 123.126 614 537349
2014 12 10 21 03 25 64.4597 122.45 256 537491
2015 02 13 18 59 12 37.4903 327.9791 16.9 553526
2015 02 13 20 06 21 67.3897 121.444 30.5 538481
2015 02 27 13 45 02 97.358 122.491 559.1 538719
2015 03 06 08 22 16 131.3165 80.6147 13.1 538824
2015 04 16 18 07 40 54.8048 26.8373 22.6 553528
2015 04 20 01 42 50 65.9426 122.432 28.1 539507
2015 04 26 07 09 07 62.2635 85.9788 13.4 539668
2015 05 15 20 26 45 92.566 102.223 158.5 540083
2015 07 03 01 07 34 52.5297 78.1205 19 540849
2015 09 18 15 59 28 74.7233 314.0114 10 553253
2015 10 23 04 04 12 135.81 37.17 10 542824
2015 10 23 04 04 12 135.8146 37.1711 10 542824
2015 10 26 09 09 28 53.4756 70.3676 231 542863
2015 11 17 07 10 05 51.33 20.6 11 543269
2015 12 07 07 49 57 51.7893 72.7797 22 553258
2015 12 20 18 47 28 86.3545 117.636 14 543851
2016 02 12 10 02 18 99.6338 119.401 28 544610
2016 04 13 13 55 17 66.9056 94.8654 136 553260
2016 04 13 18 21 45 82.2083 122.023 17 545542
2016 04 19 05 25 28 145.7283 332.7693 14 545711
2016 05 31 05 23 41 64.4385 122.546 246.4 546411
2016 06 26 11 17 07 50.5207 73.3388 13 546856
2016 08 23 19 39 40 97.2805 122.425 532.4 547880
2016 08 29 04 29 49 90.0471 342.1706 10 547979
2016 10 30 06 40 08 47.1453 13.0884 10 548956
2016 11 25 14 24 26 50.77 74.0208 17 549447
2016 12 06 22 03 32 84.7166 96.1678 13 549607
2017 04 05 06 09 10 54.2001 60.4364 13 553268
2017 05 03 04 46 53 50.5004 71.4519 10 553217
2017 05 29 14 35 10 91.2872 120.434 12 553406
2017 06 12 12 28 24 51.0846 26.3713 12 553270
2017 07 19 12 16 15 107.4154 66.4836 10 553218
2017 07 20 22 31 10 53.0751 27.4135 7 553272
2017 08 08 13 19 41 56.8074 103.855 9 553414
2017 08 08 23 27 37 45.6986 82.8268 20 553274
2017 08 11 05 28 17 76.0013 120.678 172 553415
2017 08 31 17 06 51 91.159 99.6881 43.14 553417
2017 10 10 18 53 26 144.2584 8.6055 9 553226
2017 11 11 00 36 04 101.7424 345.8858 10 553223
2017 11 17 22 34 14 60.1673 94.9776 8 553212
2017 12 01 02 32 44 59.2569 57.3138 9 553229
2017 12 12 21 41 25 59.1774 57.2861 8 553231
2018 01 11 18 26 20 71.6371 96.0776 9 553234
2018 01 23 06 34 42 97.1958 105.918 43.91 553237
2018 01 28 16 03 03 143.0623 9.6842 10 553221
2018 01 31 07 06 52 53.4568 70.8155 191.19 553238
2018 02 04 13 56 32 65.8428 121.708 12 553438
2018 02 06 15 50 39 65.8641 121.658 17 553439
2018 07 28 22 47 35 98.2395 116.508 14 553352
2018 08 05 11 46 23 98.2597 116.436 31 553353
2018 08 17 15 34 47 97.4263 119.834 529 553355
2018 08 19 04 10 14 98.3298 116.598 21.41 553327
2018 09 28 06 59 57 90.3991 119.77 5.19 553690
2018 10 10 18 44 48 97.453 114.455 9 553360
2018 10 25 22 54 52 52.4852 20.5635 14 553247
2018 11 04 07 55 11 82.2482 123.865 581 553701
2018 11 09 01 49 39 18.3736 348.7498 10 553868
2018 11 11 14 03 58 74.4347 310.1281 10 553248
2019 01 21 23 59 17 100.3113 119.147 16.77 553341
2019 01 22 19 01 28 133.1219 42.3568 13 553543
2019 02 02 09 27 29 92.8458 100.076 20 553904
2019 02 02 10 59 22 92.8834 100.133 18 553927
2019 04 01 18 38 59 108.2058 65.3656 10 553906
2019 04 05 16 14 04 145.9206 332.144 58.6 553907
2019 04 12 11 40 36 91.8518 122.553 17.48 553909
2019 04 18 05 00 56 66.0112 121.693 20 553910
2019 04 22 09 10 57 75.0764 120.497 20 553911
2019 07 14 05 39 22 108.2237 120.357 10 553914
2019 07 26 23 37 50 69.1564 121.976 10 553928
2019 10 23 16 08 04 91.0987 346.1633 10 553920
2019 10 29 01 04 36 83.2413 124.995 14.95 553929
2019 10 31 01 11 11 83.0921 125.183 10 553930
2019 11 02 18 08 37 145.6659 333.7662 8 553931
2019 11 26 02 54 08 48.4851 19.5212 20 553932
2019 11 27 07 23 31 54.2728 23.2673 71.76 553933
2020 01 07 06 05 15 87.6666 96.347 20.34 553934
2020 01 19 13 27 49 50.1691 77.1064 6.28 553925
2020 01 24 17 55 13 51.6102 39.0814 11.91 553935
2000 04 23 09 27 09 118.289 297.056 603.6 354473
2000 04 23 17 01 02 118.332 297.074 604.6 354496
2000 07 21 01 53 29 80.582 274.676 42.2 363924
2002 10 24 06 08 33 91.951 29.05 19.2 419655
2003 09 27 11 33 24 39.9911 87.7788 16 553898
2004 03 08 23 39 09 79.0832 316.0684 10 438819
2005 03 13 03 31 16 62.9161 61.9044 51.8 553903
2005 04 11 14 54 04 97.3136 282.038 128.6 461293
2005 05 21 05 11 30 93.2328 279.0545 39.7 462900
2005 06 15 02 50 55 48.5528 234.415 18 463776
2005 11 17 19 26 45 112.3676 292.0579 161.7 469487
2006 03 31 01 16 54 56.4181 48.7952 15.4 474160
2006 10 20 10 48 51 103.4967 283.3321 34.3 481681
2006 11 13 01 26 29 116.1608 296.7084 581.9 553902
2007 02 04 20 56 58 70.5994 281.5948 10 486458
2007 03 18 02 11 06 85.3555 281.5408 17.7 487887
2007 04 03 03 35 03 53.4827 70.6851 213 488696
2007 07 03 08 25 59 89.28 329.7386 10 492281
2007 07 12 05 23 40 97.9279 285.6751 152.4 492648
2007 07 21 13 26 58 98.0859 288.7929 633.7 493050
2007 07 31 22 55 24 90.1853 342.2246 17.6 493455
2007 08 15 23 40 55 103.3836 283.4445 41.2 494141
2007 08 20 22 42 27 81.8748 320.7515 0.7 553174
2007 09 10 01 49 07 86.9995 282.0999 29 553936
2007 11 15 15 05 50 112.7389 289.9227 35 496552
2007 11 16 03 12 57 92.3388 282.2063 123.6 496568
2007 11 18 05 39 59 112.6479 293.7345 216.4 496597
2007 11 20 17 55 39 112.8806 289.4857 13.7 496634
2007 11 29 19 00 15 75.0054 298.7764 147.3 496752
2007 12 16 08 09 10 112.8877 289.8711 57 551132
2008 01 09 08 26 43 57.5958 85.2551 27.7 497275
2008 02 08 09 38 06 79.2749 318.098 4.1 497646
2008 02 21 02 46 06 12.9388 18.5685 10.5 550476
2008 05 12 06 27 59 58.9364 103.372 7.6 550881
2008 05 23 19 35 25 82.6407 325.109 10 550883
2008 06 27 11 40 14 79.004 91.841 27.6 499672
2008 09 03 11 25 00 116.83 296.8067 570.6 500549
2008 09 10 11 00 28 63.2277 55.8332 12 550898
2008 09 10 13 08 08 81.8735 321.3198 3.1 500636
2008 10 12 20 55 38 110.1808 295.0179 357.8 550909
2008 11 10 01 21 46 52.3801 95.8853 0.1 501385
2005 02 14 23 38 07 48.331 79.3417 31.4 456687
2009 12 26 08 57 14 95.4255 131.324 64.9 506882
2010 01 05 04 55 28 148.464 345.1405 10 507018
2010 02 07 06 09 50 66.5636 123.691 23 551425
2010 02 15 21 51 44 97.2679 128.767 134.7 550539
2010 03 04 00 18 36 67.0699 120.8 27 508109
2010 03 05 16 06 55 93.8389 100.916 24.2 508158
2010 03 08 02 32 23 51.2116 40.044 12.2 508208
2010 03 14 00 57 39 91.6485 128.082 63.6 550438
2010 03 25 05 29 23 76.1707 120.014 24.6 550442
2010 03 30 16 54 46 76.3872 92.8746 38.5 508622
2010 04 05 10 05 34 90.0893 125.105 28.1 550443
2010 04 11 22 07 57 52.9925 356.5236 619.6 553188
2010 04 13 23 49 30 56.8072 96.7466 13.8 508820
2010 05 09 05 59 35 86.2672 96.0278 42.3 509134
2010 05 26 08 53 03 64.2614 129.955 12 550453
2010 05 31 10 16 01 83.0626 123.962 34.3 553189
2010 06 12 19 26 43 82.1494 91.9546 31.4 509523
2010 06 16 03 16 22 92.2032 136.587 22.1 550230
2010 07 23 22 07 57 83.2887 123.488 610.2 510016
2010 07 23 22 51 03 83.5768 123.58 584.7 510022
2010 07 23 23 15 01 83.2597 123.327 633.7 510027
2010 07 29 07 31 56 83.4417 123.36 615.8 510108
2010 08 03 12 08 21 88.7022 126.279 50.6 550540
2010 09 17 19 21 07 53.4648 70.9695 215.4 510751
2010 10 08 05 43 00 87.2363 128.221 140.8 551210
2010 10 25 14 42 19 93.5248 100.104 20 511191
2010 12 15 11 29 29 97.2664 128.794 140.4 511818
2010 12 20 18 41 47 61.6319 59.15 14.5 550837
2011 01 18 20 23 12 61.3169 63.9948 79.9 550843
2011 02 04 13 53 41 65.3906 94.7347 86.5 512855
2011 02 10 14 39 14 85.8703 123.062 532.8 551436
2011 03 10 17 08 28 96.8567 116.73 518.6 550944
2011 03 24 13 55 02 69.3702 99.9178 12.8 550845
2011 04 03 20 06 33 99.7342 107.769 31.9 550947
2011 06 13 14 31 16 87.4554 126.455 66 516703
2011 07 19 19 35 41 49.8438 71.5011 19.5 551088
2011 08 16 11 03 51 92.3027 128.036 38.7 517747
2011 08 30 06 57 39 96.3592 126.75 467.2 517955
2011 09 03 04 48 50 146.5611 333.0769 96.3 518020
2011 09 18 12 40 47 62.1961 88.1536 29.6 518230
2011 10 13 03 16 17 99.3634 114.555 63.2 550956
2011 10 23 10 41 17 51.2706 43.4465 7.6 518671
2011 10 23 20 45 28 51.4107 43.1165 10.1 550958
2011 11 08 02 59 07 62.7498 125.723 228.2 518921
2011 11 14 04 05 02 90.953 126.88 24.4 550615
2011 11 30 00 27 01 74.5705 119.098 21.1 519198
2011 12 13 07 51 55 89.9527 123.063 167.4 550665
2011 12 27 15 21 48 38.1651 95.9643 12.8 551440
2012 01 10 18 36 58 87.5693 93.2081 20.9 519785
2012 01 15 13 40 15 150.701 304.1421 17.3 553208
2012 01 15 14 21 32 150.8685 303.9666 23 553209
2012 02 06 10 10 16 80.1004 123.175 12.6 520226
2012 04 11 10 43 00 89.2325 92.4284 21.6 521308
2012 04 15 05 57 33 87.419 90.3359 25 521481
2012 05 20 02 03 52 45.127 11.2227 17.7 522040
2012 06 10 12 44 15 53.6153 28.9676 32 522378
2012 06 29 21 07 22 46.5665 84.6125 17.1 522641
2012 08 11 12 34 21 51.6202 46.7958 18.9 523255
2012 09 03 18 23 02 100.677 113.965 34.8 523642
2012 10 17 04 42 25 85.8209 124.561 338.4 524317
2012 11 02 18 17 25 80.765 126.281 55.5 524608
2012 12 11 06 18 14 89.4394 126.224 43.8 525266
2013 01 28 16 38 37 47.4176 79.7217 14.3 525963
2013 04 06 04 42 32 93.4714 138.474 69.4 527357
2013 04 09 11 52 45 61.5537 51.629 12.8 527405
2013 07 15 14 03 36 151.0527 334.7726 19.9 553183
2013 07 22 07 01 28 136.0946 34.8615 3.2 529033
2013 08 12 00 53 29 97.1167 129.791 104.8 529319
2013 09 24 11 29 43 63.0891 65.5315 15.5 529974
2013 09 28 07 33 52 62.8383 65.6192 18.7 530039
2013 10 12 13 11 41 54.4723 23.3718 46.9 530236
2013 11 03 11 03 38 85.3585 123.4 556.8 530630
2013 11 17 09 04 52 150.3783 313.4124 7.9 530832
2013 11 19 13 32 46 87.2847 128.447 56.1 530912
2013 11 25 06 27 32 143.9716 305.0352 10 531009
2013 12 01 01 24 05 97.0288 128.415 25.9 553386
2014 01 25 05 14 12 98.0446 109.223 87.8 553512
2014 01 26 13 55 28 51.809 20.507 13.8 531898
2014 02 01 03 58 41 146.9339 332.6544 142.9 531990
2014 02 03 03 08 45 51.7448 20.4368 14.5 532035
2014 02 12 09 19 38 54.1233 82.5807 4.1 532175
2014 03 02 20 11 09 62.5762 127.328 118.9 532425
2014 04 15 03 56 52 143.609 8.7098 10 533357
2014 05 18 01 02 28 85.7599 92.7377 32.9 533999
2014 06 14 11 10 51 100.1131 91.0383 23.1 553515
2014 08 18 02 31 57 57.289 47.638 10 535475
2014 09 10 02 46 03 90.2248 125.026 39.9 535864
2014 10 07 13 49 39 66.6566 100.501 12.8 536316
2014 11 21 10 10 13 87.7293 127.031 45.2 537155
2014 12 06 22 04 58 96.11 130.483 116 537420
2014 12 10 21 03 28 64.4597 122.45 256 537491
2014 12 21 11 34 12 87.949 126.544 71 537660
2015 02 16 22 00 43 145.5186 331.7708 18.1 538527
2015 02 27 13 44 54 97.358 122.491 559.1 538719
2015 03 17 22 12 15 88.3284 126.434 55.7 538997
2015 04 20 01 42 55 65.9426 122.432 28.1 539507
2015 04 25 06 45 12 61.8397 84.8433 14.7 539604
2015 04 26 07 09 00 62.2635 85.9788 13.4 539668
2015 05 12 07 05 15 62.1986 86.126 12.3 539984
2015 06 17 12 51 33 125.3709 342.191 27.1 540638
2015 07 03 01 07 28 52.5297 78.1205 19 540849
2015 10 26 09 09 34 53.4756 70.3676 231 542863
2015 11 04 03 44 06 98.3381 124.875 20 542989
2015 11 08 16 46 51 83.1569 94.648 10 543097
2015 11 17 07 09 55 51.33 20.6 11 543269
2015 12 07 07 49 53 51.7893 72.7797 22 553258
2015 12 09 10 21 36 94.1064 129.508 21 543671
2015 12 20 18 47 32 86.3545 117.636 14 543851
2015 12 25 19 14 46 53.5065 71.1263 206 543913
2016 01 11 16 37 57 86.1034 126.857 13 544153
2016 01 25 04 22 02 54.3507 356.3182 12 544342
2016 02 12 10 02 21 99.6338 119.401 28 544610
2016 02 27 21 29 36 141.7897 139.596 10 544852
2016 03 02 12 49 35 94.9521 94.3299 24 544905
2016 04 06 14 45 23 98.2036 107.386 29 553259
2016 04 10 10 28 50 53.5275 71.1311 212 545480
2016 04 13 13 55 03 66.9056 94.8654 136 553260
2016 05 28 09 46 54 146.2409 333.0647 78 546353
2016 06 05 16 25 17 94.587 125.626 429.62 546499
2016 06 07 19 15 08 88.7211 126.371 31 546534
2016 08 23 19 39 43 97.2805 122.425 532.4 547880
2016 08 24 10 34 53 69.0776 94.5687 82 547904
2016 10 19 00 25 48 94.8626 108.163 614 548800
2016 10 30 06 40 16 47.1453 13.0884 10 548956
2016 11 25 14 24 25 50.77 74.0208 17 549447
2016 12 06 22 03 30 84.7166 96.1678 13 549607
2016 12 29 22 30 11 99.0279 118.664 79 553480
2017 01 10 06 13 43 85.5366 122.575 612.71 553394
2017 02 10 14 03 43 80.0929 125.452 15 553397
2017 04 28 20 23 05 84.4954 125.072 26 553403
2017 07 20 22 30 56 53.0751 27.4135 7 553272
2017 08 08 23 27 41 45.6986 82.8268 20 553274
2017 08 13 03 08 01 93.7682 101.623 31 553219
2017 10 10 18 53 24 144.2584 8.6055 9 553226
2017 11 11 00 36 00 101.7424 345.8858 10 553223
2017 11 12 18 18 01 55.0948 45.9563 19 553227
2017 12 01 02 32 33 59.2569 57.3138 9 553229
2017 12 12 08 43 13 59.2804 57.2705 10 553230
2017 12 12 21 41 28 59.1774 57.2861 8 553231
2017 12 15 16 47 53 97.4921 108.174 90 553233
2018 01 28 16 02 57 143.0623 9.6842 10 553221
2018 01 31 07 06 52 53.4568 70.8155 191.19 553238
2018 02 26 13 34 41 92.7629 126.727 9.91 553443
2018 05 05 06 18 47 75.4292 123.919 18 553456
2018 05 09 10 41 31 53.0084 71.3833 116 553242
2018 07 28 17 07 16 97.1221 122.747 577.48 553351
2018 08 17 15 34 54 97.4263 119.834 529 553355
2018 08 19 14 56 27 98.3303 116.631 25.21 553356
2018 09 28 10 02 35 90.1781 119.84 10 553359
2018 10 10 18 44 41 97.453 114.455 9 553360
2018 10 25 22 54 37 52.4852 20.5635 14 553247
2018 11 04 07 55 10 82.2482 123.865 581 553701
2018 12 29 03 38 58 84.1017 126.921 60.21 553709
2019 01 06 17 27 16 87.7586 126.736 60 553340
2019 01 22 19 01 36 133.1219 42.3568 13 553543
2019 03 08 15 05 59 79.616 126.006 30 553905
2019 03 24 04 37 29 88.3383 126.38 45 553937
2019 04 12 11 40 42 91.8518 122.553 17.48 553909
2019 04 18 05 00 59 66.0112 121.693 20 553910
2019 04 22 09 11 03 75.0764 120.497 20 553911
2019 07 14 09 10 44 90.529 128.093 10 553938
2019 10 29 01 04 43 83.2413 124.995 14.95 553929
2019 10 31 01 11 04 83.0921 125.183 10 553930
2019 11 14 16 17 37 88.3801 126.414 33 553921
2019 11 14 21 12 52 88.4327 126.414 23 553922
2019 12 20 11 39 41 53.455 70.4485 212 553924
2009 12 19 13 02 11 66.2068 121.703 50.1 506805
2009 12 26 08 57 13 95.4255 131.324 64.9 506882
2010 01 17 11 59 58 147.6927 293.9623 10 553939
2010 02 05 06 58 55 137.9345 99.5103 16 550980
2010 02 15 21 51 39 97.2679 128.767 134.7 550539
2010 03 04 00 18 37 67.0699 120.8 27 508109
2010 03 25 05 29 25 76.1707 120.014 24.6 550442
2010 03 30 16 54 33 76.3872 92.8746 38.5 508622
2010 04 05 10 05 34 90.0893 125.105 28.1 550443
2010 04 11 22 08 09 52.9925 356.5236 619.6 553188
2010 04 13 23 49 33 56.8072 96.7466 13.8 508820
2010 04 24 07 40 59 91.8988 128.112 38.7 550444
2010 05 05 16 28 57 94.1395 101.105 26.3 509087
2010 05 09 05 59 32 86.2672 96.0278 42.3 509134
2010 05 31 10 16 02 83.0626 123.962 34.3 553189
2010 05 31 19 51 34 78.7891 93.6519 131.6 550928
2010 06 12 19 26 36 82.1494 91.9546 31.4 509523
2010 06 16 03 16 17 92.2032 136.587 22.1 550230
2010 07 23 22 08 01 83.2887 123.488 610.2 510016
2010 07 23 22 51 02 83.5768 123.58 584.7 510022
2010 07 23 23 14 57 83.2597 123.327 633.7 510027
2010 07 29 07 31 38 83.4417 123.36 615.8 510108
2010 09 17 19 20 59 53.4648 70.9695 215.4 510751
2010 09 26 12 12 33 95.2995 133.898 20.4 510837
2010 09 29 17 10 47 94.9188 133.807 18.3 510883
2010 10 04 13 28 32 65.7825 125.249 32.8 551209
2010 10 25 14 42 07 93.5248 100.104 20 511191
2010 10 25 19 37 30 93.0065 100.37 22.6 553190
2010 11 10 04 05 22 135.5992 96.3646 15.3 551220
2010 12 15 11 29 28 97.2664 128.794 140.4 511818
2010 12 20 18 41 42 61.6319 59.15 14.5 550837
2011 01 18 20 23 24 61.3169 63.9948 79.9 512610
2011 02 04 13 53 42 65.3906 94.7347 86.5 512855
2011 02 10 14 39 11 85.8703 123.062 532.8 551436
2011 02 10 14 41 58 85.9536 123.034 531.2 551436
2011 03 06 14 32 25 146.3864 332.9747 92 513227
2011 03 06 14 32 27 146.41 333.32 101.2 553192
2011 03 10 17 08 32 96.8567 116.73 518.6 550944
2011 03 20 08 26 10 70.9253 121.307 39.9 553180
2011 03 24 13 55 10 69.3702 99.9178 12.8 550845
2011 04 01 13 29 04 54.2683 26.5466 75.5 550945
2011 04 03 20 06 40 99.7342 107.769 31.9 550947
2011 05 14 21 07 11 53.5743 70.7231 207.6 516197
2011 07 19 19 35 38 49.8438 71.5011 19.5 551088
2011 08 30 06 57 37 96.3592 126.75 467.2 517955
2011 09 03 04 48 55 146.5611 333.0769 96.3 518020
2011 09 05 17 55 10 86.9747 97.9991 106.6 553194
2011 09 18 12 40 37 62.1961 88.1536 29.6 518230
2011 10 13 03 16 23 99.3634 114.555 63.2 550956
2011 10 23 10 41 18 51.2706 43.4465 7.6 518671
2011 11 14 04 05 05 90.953 126.88 24.4 550615
2011 11 30 00 26 53 74.5705 119.098 21.1 519198
2011 12 11 09 54 46 146.049 331.7865 130.6 550967
2011 12 13 07 51 57 89.9527 123.063 167.4 550665
2012 01 10 18 36 56 87.5693 93.2081 20.9 519785
2012 01 15 13 40 18 150.701 304.1421 17.3 553208
2012 02 06 03 49 10 80.0806 123.217 17.5 520221
2012 02 06 10 10 18 80.1004 123.175 12.6 520226
2012 04 11 08 38 36 87.7624 93.0144 26.3 521291
2012 04 11 10 43 02 89.2325 92.4284 21.6 521308
2012 04 14 10 56 15 147.5759 294.6279 8.4 521454
2012 04 15 05 57 30 87.419 90.3359 25 521481
2012 04 17 19 03 42 149.1876 343.1923 13.6 553177
2012 05 20 02 03 51 45.127 11.2227 17.7 522040
2012 06 16 22 18 40 74.4577 119.604 44.9 522454
2012 06 23 04 34 41 86.9978 97.9116 101.9 553181
2012 06 29 21 07 27 46.5665 84.6125 17.1 522641
2012 08 11 12 34 28 51.6202 46.7958 18.9 523255
2012 08 12 10 46 59 54.3474 82.5417 14 523270
2012 08 31 12 47 31 79.1893 126.826 44.4 523494
2012 09 03 18 23 04 100.677 113.965 34.8 523642
2012 09 14 04 51 32 93.3008 100.67 23.3 523871
2012 10 08 11 43 31 94.5414 129.235 29.6 524192
2012 10 17 04 42 25 85.8209 124.561 338.4 524317
2012 12 10 16 53 01 96.4969 129.868 161.5 525254
2012 12 11 06 18 23 89.4394 126.224 43.8 525266
2012 12 17 09 16 20 90.6936 123.884 46.4 525356
2013 01 28 16 38 37 47.4176 79.7217 14.3 525963
2013 04 09 11 52 41 61.5537 51.629 12.8 527405
2013 04 16 10 44 11 62.0296 62.136 63.1 527535
2013 04 20 00 02 43 59.7312 103.02 18 553182
2013 06 02 05 42 58 66.1682 121.059 17 528376
2013 06 13 16 47 13 99.9513 107.302 20.6 528532
2013 06 15 16 10 45 55.5493 25.044 21.5 528549
2013 07 02 07 37 00 85.3093 96.5824 25.4 528755
2013 07 15 14 03 34 151.0527 334.7726 19.9 553183
2013 07 21 23 45 51 55.4953 104.261 5.1 529026
2013 07 26 21 32 50 148.0352 335.72 17 553176
2013 08 12 00 53 40 97.1167 129.791 104.8 529319
2013 09 06 11 33 53 69.8138 122.334 189.4 529722
2013 09 24 11 29 40 63.0891 65.5315 15.5 529974
2013 09 28 07 33 55 62.8383 65.6192 18.7 530039
2013 10 04 17 26 13 128.707 78.5007 11 530134
2013 10 12 13 11 41 54.4723 23.3718 46.9 530236
2013 11 03 11 03 39 85.3585 123.4 556.8 530630
2013 11 16 03 34 27 150.3079 312.801 24 530792
2013 11 17 09 04 49 150.3783 313.4124 7.9 530832
2013 11 19 13 32 40 87.2847 128.447 56.1 530912
2013 12 01 01 24 12 97.0288 128.415 25.9 553386
2014 02 03 03 08 30 51.7448 20.4368 14.5 532035
2014 02 12 09 19 46 54.1233 82.5807 4.1 532175
2014 03 21 13 41 00 82.3196 94.2252 19.3 532745
2014 05 05 11 08 41 70.3848 99.7038 15.2 533793
2014 05 18 01 02 24 85.7599 92.7377 32.9 533999
2014 06 14 11 10 57 100.1131 91.0383 23.1 553515
2014 06 29 07 52 48 145.4757 331.6044 15.1 534719
2014 07 14 07 59 46 84.2856 126.478 20 534985
2014 09 10 02 46 02 90.2248 125.026 39.9 535864
2014 11 15 02 31 32 88.166 126.463 47.8 536993
2014 11 21 10 10 18 87.7293 127.031 45.2 537155
2014 11 26 14 33 32 88.0352 126.465 47.7 537244
2014 12 02 05 11 27 83.8428 123.126 614 537349
2014 12 06 22 05 07 96.11 130.483 116 537420
2014 12 21 11 33 59 87.949 126.544 71 537660
2015 02 27 13 44 57 97.358 122.491 559.1 538719
2015 03 17 22 12 21 88.3284 126.434 55.7 538997
2015 04 16 18 07 40 54.8048 26.8373 22.6 553528
2015 04 20 01 42 46 65.9426 122.432 28.1 539507
2015 04 25 06 11 15 61.8698 84.7168 13.4 539594
2015 04 25 06 45 17 61.8397 84.8433 14.7 539604
2015 04 26 07 08 56 62.2635 85.9788 13.4 539668
2015 05 12 07 05 10 62.1986 86.126 12.3 539984
2015 05 24 04 53 15 106.8146 345.7385 11.7 540236
2015 06 17 12 51 32 125.3709 342.191 27.1 540638
2015 07 03 01 07 29 52.5297 78.1205 19 540849
2015 09 16 07 40 47 88.1159 126.429 41.55 542074
2015 09 16 07 40 47 88.12 126.43 41.5 542074
2015 09 24 15 53 19 90.6212 131.262 18 542369
2015 09 24 15 53 19 90.62 131.26 18 542369
2015 10 26 09 09 24 53.4756 70.3676 231 542863
2015 11 04 03 44 11 98.3381 124.875 20 542989
2015 11 17 07 10 05 51.33 20.6 11 543269
2015 11 21 09 06 00 97.1484 129.938 82 543344
2015 12 04 22 24 56 137.6165 85.0913 35 543591
2015 12 07 07 49 53 51.7893 72.7797 22 553258
2015 12 09 10 21 47 94.1064 129.508 21 543671
2015 12 25 19 14 35 53.5065 71.1263 206 543913
2016 01 03 23 05 16 65.1964 93.6505 55 544017
2016 01 03 23 05 16 65.17 93.66 55 544017
2016 01 11 16 37 53 86.1034 126.857 13 544153
2016 01 25 04 21 52 54.3507 356.3182 12 544342
2016 02 05 19 57 13 67.0613 120.593 23 544520
2016 02 12 10 02 16 99.6338 119.401 28 544610
2016 02 17 17 26 00 89.1549 129.073 10 544694
2016 03 02 12 49 46 94.9521 94.3299 24 544905
2016 04 10 10 28 42 53.5275 71.1311 212 545480
2016 05 28 09 46 57 146.2409 333.0647 78 546353
2016 06 01 22 55 54 92.0967 100.665 50 546440
2016 06 05 16 25 29 94.587 125.626 429.62 546499
2016 06 07 19 14 57 88.7211 126.371 31 546534
2016 08 19 07 32 17 145.2793 328.126 10 547766
2016 08 23 19 39 43 97.2805 122.425 532.4 547880
2016 08 24 10 34 53 69.0776 94.5687 82 547904
2016 10 30 06 40 14 47.1453 13.0884 10 548956
2016 12 05 01 12 51 97.3158 123.38 526 549587
2016 12 06 22 03 31 84.7166 96.1678 13 549607
2017 01 10 06 13 42 85.5366 122.575 612.71 553394
2017 02 07 22 03 54 64.7989 63.2577 24.05 553265
2017 04 05 06 09 03 54.2001 60.4364 13 553268
2017 04 28 20 23 03 84.4954 125.072 26 553403
2017 05 03 04 47 11 50.5004 71.4519 10 553217
2017 06 12 12 28 27 51.0846 26.3713 12 553270
2017 08 08 23 27 43 45.6986 82.8268 20 553274
2017 08 13 03 08 03 93.7682 101.623 31 553219
2017 10 24 10 47 44 97.2364 123.04 549.19 553425
2017 11 17 22 34 17 60.1673 94.9776 8 553212
2017 12 01 02 32 44 59.2569 57.3138 9 553229
2017 12 12 08 43 10 59.2804 57.2705 10 553230
2017 12 12 21 41 19 59.1774 57.2861 8 553231
2017 12 13 18 03 40 144.2177 2.1681 10 553232
2017 12 15 16 47 48 97.4921 108.174 90 553233
2018 01 11 18 26 14 71.6371 96.0776 9 553234
2018 01 23 06 34 44 97.1958 105.918 43.91 553237
2018 01 31 07 06 44 53.4568 70.8155 191.19 553238
2018 03 25 20 14 35 96.6247 129.814 169 553449
2018 05 05 06 19 03 75.4292 123.919 18 553456
2018 05 09 10 41 29 53.0084 71.3833 116 553242
2018 07 28 17 07 07 97.1221 122.747 577.48 553351
2018 07 28 22 47 34 98.2395 116.508 14 553352
2018 08 17 15 34 45 97.4263 119.834 529 553355
2018 08 19 04 10 21 98.3298 116.598 21.41 553327
2018 08 19 14 56 18 98.3303 116.631 25.21 553356
2018 09 08 07 16 47 82.7631 126.478 10 553686
2018 09 28 10 02 38 90.1781 119.84 10 553359
2018 10 10 18 44 53 97.453 114.455 9 553360
2018 10 25 22 54 47 52.4852 20.5635 14 553247
2018 10 29 06 54 10 147.4045 293.5914 10 553362
2018 11 25 16 37 30 55.6536 45.7432 18 553250
2018 12 11 02 26 32 148.5981 333.5344 164.66 553368
2019 01 06 17 27 08 87.7586 126.736 60 553340
2019 03 08 15 06 07 79.616 126.006 30 553905
2019 03 24 04 37 33 88.3383 126.38 45 553937
2019 04 05 16 14 02 145.9206 332.144 58.6 553907
2019 04 09 17 53 49 148.6064 334.7441 44.83 553940
2019 04 12 11 40 48 91.8518 122.553 17.48 553909
2019 04 22 09 11 07 75.0764 120.497 20 553911
2019 04 29 14 19 43 79.1351 57.2283 10 553941
2019 06 24 02 53 31 96.4078 129.169 212 553942
2019 07 07 15 08 30 89.4874 126.189 35 553943
2019 07 14 05 39 16 108.2237 120.357 10 553914
2019 07 26 23 37 55 69.1564 121.976 10 553928
2019 08 02 12 03 21 97.2668 104.825 52.76 553944
2019 09 19 07 06 29 96.0708 111.842 610 553916
2019 09 29 02 02 47 84.3071 126.549 73 553918
2019 10 23 16 08 06 91.0987 346.1633 10 553920
2019 10 31 01 11 05 83.0921 125.183 10 553930
2019 12 20 11 39 36 53.455 70.4485 212 553924
2020 01 07 06 05 17 87.6666 96.347 20.34 553934
2020 01 19 16 58 15 90.1108 123.778 121.87 553945
2020 01 24 17 54 59 51.6102 39.0814 11.91 553935
2008 08 11 23 38 35 90.9785 338.2025 16.2 553946
2008 08 22 07 47 39 107.8435 65.4242 15.8 550891
2009 07 12 06 12 41 105.0411 289.4646 198.7 550727
2009 08 10 19 55 33 75.9478 92.8685 30.7 550971
2009 09 12 20 06 24 79.2841 292.0868 19.6 505365
2009 09 21 08 52 58 62.6307 91.4597 16.1 505455
2009 10 29 17 44 16 53.6178 70.7684 213.9 551019
2010 01 05 04 55 36 148.464 345.1405 10 507018
2010 01 17 11 59 53 147.6927 293.9623 10 553939
2010 02 05 06 58 56 137.9345 99.5103 16 550980
2010 02 27 06 34 06 126.1485 287.0673 28.1 550507
2010 02 27 07 37 13 126.94 287.1854 39.7 507715
2010 02 27 08 01 10 127.84 284.7895 35 507725
2010 02 27 08 25 20 124.8047 287.5505 34.2 507729
2010 03 03 17 44 16 126.5647 286.7074 27 508101
2010 03 04 22 39 18 112.2651 291.5421 108.4 508136
2010 03 11 14 55 14 124.2937 288.198 24.4 508294
2010 03 26 14 51 58 118.0601 289.0878 41.4 553947
2010 03 30 16 54 33 76.3872 92.8746 38.5 508622
2010 06 12 19 26 48 82.1494 91.9546 31.4 509523
2011 10 23 10 41 20 51.2706 43.4465 7.6 518671
2011 10 28 18 54 22 104.5572 283.8793 29 518760
2011 11 22 18 48 15 105.3083 294.8366 560.3 519114
2012 01 10 18 36 58 87.5693 93.2081 20.9 519785
2012 01 15 14 21 30 150.8685 303.9666 23 553209
2012 04 11 08 38 29 87.7624 93.0144 26.3 521291
2012 04 11 10 43 05 89.2325 92.4284 21.6 521308
2012 04 14 10 56 17 147.5759 294.6279 8.4 521454
2012 04 17 03 50 00 122.6374 288.4359 29.7 521513
2012 06 02 07 52 43 112.1017 296.3426 539.4 553200
2012 06 07 04 04 54 126.0516 289.1453 5.8 553201
2012 06 10 12 44 14 53.6153 28.9676 32 522378
2012 08 11 12 23 16 51.5977 46.838 8.7 523253
2012 11 14 19 01 58 119.1789 288.6137 61.5 553205
2013 06 24 22 03 56 79.3095 317.3313 17.5 528673
2013 07 02 07 36 53 85.3093 96.5824 25.4 528755
2013 07 26 21 32 58 148.0352 335.72 17 553176
2013 08 17 16 32 24 124.8867 54.1278 10.9 529414
2013 09 25 16 42 32 105.9001 285.3988 38.2 530007
2013 10 29 10 37 52 151.7154 154.829 10 530548
2013 10 30 02 51 36 125.4018 286.8485 11.9 530560
2013 11 13 23 45 43 150.3091 312.7128 10 530766
2015 02 02 10 49 46 122.6484 292.8499 172.7 538333
2015 02 13 18 58 54 37.4903 327.9791 16.9 553526
2015 03 18 18 27 26 126.1112 286.311 9.7 553527
2015 03 23 04 51 36 108.3544 290.8117 127.1 539087
2015 04 16 18 07 30 54.8048 26.8373 22.6 553528
2015 04 25 06 11 18 61.8698 84.7168 13.4 539594
2015 04 25 06 45 09 61.8397 84.8433 14.7 539604
2015 04 26 07 08 58 62.2635 85.9788 13.4 539668
2015 05 12 07 05 06 62.1986 86.126 12.3 539984
2015 05 15 20 26 52 92.566 102.223 158.5 540083
2015 05 24 04 53 19 106.8146 345.7385 11.7 540236
2015 06 10 13 52 01 112.4098 291.5481 121.8 540537
2015 06 20 02 10 05 126.3349 286.3326 17.4 540661
2015 11 07 07 31 36 120.8796 288.5481 46 543042
2015 11 11 02 46 17 119.5097 287.9415 10 553257
2015 11 24 22 45 33 100.5372 289.0563 606.21 543408
2015 11 24 22 50 48 100.0598 288.9816 620.56 543409
2015 11 26 05 45 06 99.1825 288.7426 602.75 543439
2015 11 27 21 00 09 114.828 289.3991 34 543465
2015 12 04 22 24 51 137.6165 85.0913 35 543591
2015 12 07 07 50 02 51.7893 72.7797 22 553258
2016 01 14 03 25 21 109.7597 296.6712 582.56 544187
2016 11 25 14 24 21 50.77 74.0208 17 549447
2016 12 06 22 03 30 84.7166 96.1678 13 549607
2016 12 25 14 22 20 133.4053 286.0597 38 550061
2017 04 05 06 09 06 54.2001 60.4364 13 553268
2017 04 15 08 19 29 113.2706 292.2345 155 553269
2017 04 23 02 36 05 123.0361 287.9937 21 553215
2017 04 24 21 38 27 123.0291 287.9548 28 553216
2017 06 12 12 28 27 51.0846 26.3713 12 553270
2017 07 18 02 05 13 106.4206 286.3704 44.92 553271
2017 07 27 17 53 17 76.604 310.6741 10 553273
2017 10 10 06 32 09 108.5212 290.3589 82.43 553225
2017 11 12 18 18 01 55.0948 45.9563 19 553227
2017 11 30 06 32 49 91.0802 336.5677 10 553228
2017 12 01 02 32 39 59.2569 57.3138 9 553229
2017 12 13 18 03 39 144.2177 2.1681 10 553232
2018 01 14 09 18 31 105.7589 285.2905 39 553235
2018 01 21 01 06 38 108.8524 290.5436 116 553236
2018 01 28 16 02 48 143.0623 9.6842 10 553221
2018 04 02 13 40 34 110.6588 296.9942 559 553240
2018 05 09 10 41 43 53.0084 71.3833 116 553242
2018 08 14 03 29 51 148.1107 334.7412 35 553243
2018 09 18 07 27 35 127.811 49.782 10 553224
2018 10 25 22 54 48 52.4852 20.5635 14 553247
2018 10 29 06 54 19 147.4045 293.5914 10 553362
2018 11 15 20 02 22 146.7065 334.454 15 553249
2019 01 20 01 32 50 120.071 288.5798 54.82 553372
2019 03 01 08 50 39 104.7016 289.865 267 553948
2019 03 15 05 03 39 107.8744 294.0928 359 553949
2019 08 01 18 27 53 124.2367 287.6921 25 553950
2019 08 02 12 03 24 97.2668 104.825 52.76 553944
2019 10 23 16 08 12 91.0987 346.1633 10 553920
