2012 11 13 04 31 30 135.669 282.916 35 524800
2012 10 21 20 28 18 77.307 271.795 51.5 524375
2013 07 02 13 55 42 85.381 96.684 32.4 528763
2014 02 12 09 24 43 54.108 82.49 10 532176
2012 11 11 18 19 44 66.802 95.799 19.8 524769
2013 06 16 02 51 36 146.356 332.392 98.5 528570
2013 09 07 00 13 29 75.333 267.909 74.1 553544
2013 09 24 07 22 53 82.642 59.549 19.4 529973
2013 09 24 17 20 14 62.887 65.546 16.1 553472
2013 10 21 02 27 11 54.731 76.963 28.9 553293
2013 11 25 07 21 18 143.891 306.049 10 531011
2013 12 02 12 18 47 143.403 25.364 10 531103
2014 01 11 13 10 49 75.326 267.895 74.5 553951
2012 11 07 22 42 43 76.136 267.763 7.8 524698
2013 05 10 19 56 06 118.967 346.817 13.8 527907
2013 05 11 03 09 51 63.404 57.92 12.2 527918
2013 08 25 16 07 16 123.365 57.059 14 529501
2013 08 31 00 04 17 61.77 99.341 10.1 529577
2013 09 24 13 01 39 62.691 65.674 11.3 529981
2013 10 02 01 06 38 78.754 57.598 16.3 530095
2013 11 17 09 11 00 150.43 314.822 10 530833
2013 11 22 06 51 27 55.581 45.57 21.7 530954
2012 10 05 18 22 54 77.047 268.266 23.2 524161
2012 11 03 12 58 12 82.872 325.952 9.9 553304
2012 11 04 06 37 36 105.981 287.975 122.4 524628
2012 11 06 06 17 28 80.033 57.182 15.3 524668
2012 11 07 06 26 32 51.523 46.614 6 524683
2012 11 07 16 35 49 75.969 267.934 38.7 553203
2013 01 21 22 22 54 85.038 95.921 24.6 525877
2013 02 18 03 40 49 84.474 326.993 12.4 553379
2013 05 14 19 18 18 89.213 92.425 26.8 527980
2013 05 18 10 57 49 63.335 57.803 12.6 528055
2013 05 20 09 49 08 135.006 279.276 35 553952
2012 10 08 01 50 25 111.797 291.621 122.9 524187
2012 10 11 17 22 09 122.876 289.414 82 524236
2012 10 14 10 13 40 48.28 46.314 24 524270
2012 10 21 01 25 22 23.725 341.287 7.4 524362
2012 10 24 00 45 33 79.926 274.629 22.3 553202
2012 11 10 14 57 50 98.936 284.912 128.6 524739
2012 11 11 22 14 59 75.93 267.669 18.6 524772
2012 11 14 19 02 05 119.178 288.614 61.5 553205
2012 11 15 09 20 21 71.801 259.476 57.9 524840
2012 11 21 21 36 22 123.966 287.86 17.4 524940
2012 11 22 13 07 11 112.7 296.374 535.3 524950
2012 11 28 03 09 48 94.598 283.873 122.2 525028
2012 12 05 17 08 13 56.495 59.605 13 525127
2012 12 13 23 03 39 9.2 121.745 14.8 525303
2012 12 22 16 41 46 67.533 94.715 141.2 525435
2012 12 23 13 31 40 47.56 41.057 12.9 525447
2012 12 27 00 37 07 125.787 286.681 10 525494
2012 12 29 17 50 52 54.335 70.563 117.8 525544
2012 12 30 12 21 21 75.526 267.0 32.5 553953
2013 01 05 17 42 20 110.003 66.442 4.5 553318
2013 01 08 14 16 09 50.332 25.537 11.1 525686
2013 01 09 01 41 53 64.678 95.008 92.6 553511
2013 01 10 13 47 05 85.258 95.098 51.7 525739
2013 01 20 23 32 22 36.084 324.787 13.6 525867
2013 01 28 16 38 53 47.418 79.721 14.3 525963
2013 01 30 20 15 43 118.109 289.112 46.1 553207
2013 02 09 14 16 06 88.966 282.538 144.2 526478
2013 02 10 19 54 33 123.46 288.007 44.8 553308
2013 02 22 12 01 58 117.905 296.866 585.6 526749
2013 03 19 03 29 02 148.981 335.431 52 527097
2013 03 25 23 02 12 75.41 269.523 193.7 527186
2013 04 02 14 34 56 130.393 45.185 14.3 527292
2013 04 09 11 52 50 61.554 51.629 12.8 527405
2013 04 10 01 58 28 61.582 51.724 14.8 527434
2013 04 16 10 44 19 62.03 62.136 63.1 527535
2013 04 17 03 15 52 61.877 62.337 59.9 553380
2013 04 20 05 11 57 144.905 1.122 10 527650
2013 04 24 09 25 30 55.488 70.21 67.5 527730
2013 04 30 06 25 24 52.412 335.041 19.7 527794
2013 05 01 06 57 15 56.895 75.721 27.4 553381
2013 05 11 02 08 11 63.342 57.843 15.1 527912
2013 05 12 00 07 03 63.295 57.778 24 527941
2013 05 12 07 30 00 76.514 268.457 22.4 527944
2013 05 12 10 54 49 63.274 57.783 14.4 527948
2013 05 16 05 57 00 147.581 352.982 10 553382
2013 05 18 04 05 42 143.12 22.098 10 553383
2013 05 18 10 03 17 63.313 57.82 8.8 528054
2013 05 21 23 02 43 103.869 287.583 84.5 528211
2013 05 26 06 08 15 50.051 67.435 15.5 528288
2013 05 27 03 36 29 75.35 53.815 3.1 528300
2013 05 27 09 41 14 80.639 277.346 15.9 528307
2013 06 07 20 13 14 133.85 343.7 10 528464
2013 06 08 12 25 07 112.609 293.239 206.5 528479
2013 06 15 16 11 02 55.55 25.044 21.5 528549
2013 06 15 17 34 29 78.259 272.955 41.4 528559
2013 06 16 05 19 00 71.835 260.85 55 528571
2013 06 16 21 39 06 55.576 25.186 25 528583
2013 06 17 11 21 42 126.551 52.389 10 528593
2013 06 24 22 04 14 79.31 317.332 17.5 528673
2013 07 02 07 37 05 85.31 96.582 25.4 528755
2013 07 02 20 04 55 113.928 293.344 208.2 528767
2013 07 03 19 21 46 88.451 30.889 15.7 528781
2013 07 08 02 52 44 76.728 270.765 77.2 528828
2013 07 08 15 30 28 73.277 40.844 7.7 528834
2013 07 10 14 32 12 109.341 290.7 111.7 528860
2013 07 15 14 03 41 151.052 334.773 19.9 553183
2013 07 17 02 37 43 105.666 288.255 13 528946
2013 07 21 23 45 55 55.496 104.26 5.1 529026
2013 07 22 07 01 41 136.094 34.861 3.2 529033
2013 07 26 21 33 00 148.035 335.72 17 553176
2013 08 11 21 23 43 59.959 97.97 23 553470
2013 08 12 09 49 31 95.411 278.021 12.8 529326
2013 08 13 15 43 15 84.282 281.875 18.6 529340
2013 08 17 16 32 31 124.886 54.127 10.9 529414
2013 08 21 12 38 29 73.143 260.482 18.9 529460
2013 08 23 08 34 06 112.292 291.359 103 529475
2013 09 05 04 01 36 74.749 314.787 10.4 529693
2013 09 05 12 29 16 79.355 273.899 33 529705
2013 09 06 02 28 10 137.018 33.303 10 553471
2013 09 20 23 34 14 142.223 14.496 10 529927
2013 09 24 11 29 48 63.09 65.531 15.5 529974
2013 09 25 16 42 43 105.9 285.399 38.2 530007
2013 09 26 06 46 03 75.674 266.528 10.1 530017
2013 09 28 07 34 07 62.839 65.619 18.7 530039
2013 09 29 23 23 16 127.437 286.405 23 530068
2013 09 30 08 16 10 40.514 331.449 17 530073
2013 10 04 17 26 14 128.707 78.5 11 530134
2013 10 12 02 10 28 79.165 297.698 82.1 530232
2013 10 12 13 11 53 54.473 23.371 46.9 530236
2013 10 22 05 40 42 84.948 95.843 30.2 530448
2013 10 24 17 57 37 75.766 93.114 26.8 530473
2013 10 25 21 51 57 146.323 332.587 112 530504
2013 10 30 02 29 11 125.431 286.85 12.8 530559
2013 10 30 02 51 49 125.401 286.849 11.9 530560
2013 10 31 23 03 58 120.313 288.499 19.8 530584
2013 11 13 23 45 48 150.309 312.713 10 530766
2013 11 16 03 34 34 150.307 312.801 24 530792
2013 11 16 08 35 06 150.347 313.624 13.7 530810
2013 11 16 09 35 46 150.356 313.48 10 530811
2013 11 17 09 04 56 150.378 313.413 7.9 530832
2013 11 17 12 11 36 150.543 315.643 10 530855
2013 11 22 17 21 00 84.576 92.818 26.9 530961
2013 11 22 18 30 59 55.623 45.702 18.9 530962
2013 11 23 23 30 43 53.393 86.809 10 530981
2013 11 24 18 05 41 55.841 45.68 12.1 553385
2013 11 25 06 27 09 144.052 304.923 10 553276
2013 11 25 20 06 55 102.705 283.742 76.7 531018
2013 11 28 13 51 36 60.654 51.36 13.4 531054
2013 12 17 12 30 00 115.588 289.491 65 531302
2013 12 28 15 21 06 53.951 31.318 59.5 553388
2014 01 04 00 11 50 110.674 289.358 25.6 531587
2014 01 05 03 36 38 85.391 283.314 32.8 531601
2014 01 08 04 22 11 110.76 289.38 28.3 531640
2014 01 13 04 01 04 71.008 293.132 30.9 531704
2014 01 26 13 55 43 51.809 20.507 13.8 531898
2014 01 27 16 42 37 109.234 296.057 599.3 531924
2014 01 29 10 01 50 108.553 290.576 116.7 531956
2014 02 01 03 58 45 146.933 332.655 142.9 531990
2014 02 03 03 08 46 51.745 20.436 14.5 532035
2014 02 08 19 50 34 150.424 314.669 10 532125
2014 02 10 12 06 46 49.732 48.761 62.9 532158
2014 02 12 09 19 48 54.124 82.58 4.1 532175
2014 02 12 11 43 10 112.327 291.273 96 532182
2014 02 18 09 27 14 75.404 301.029 28.3 532249
2014 02 18 23 35 58 104.205 284.338 58.8 532261
2014 03 02 09 37 54 77.412 272.296 70.4 532411
2014 03 02 22 17 17 75.756 267.008 33.1 532427
2014 03 04 10 51 14 123.617 288.013 17 532448
2014 03 09 20 29 54 88.483 280.441 25.9 532528
2014 03 11 02 44 06 150.843 339.882 10 553513
2014 03 14 20 32 09 143.559 25.342 10 532614
2014 03 15 08 59 20 104.101 283.648 10 532623
2014 03 15 23 51 32 95.671 279.065 26.5 532639
2014 03 16 21 16 28 109.905 289.385 9.4 532652
2014 03 17 05 11 33 110.06 289.172 5.3 553377
2014 03 18 21 26 46 109.957 289.217 7.5 532706
2014 03 19 20 17 44 150.737 334.462 19 532725
2014 03 21 13 41 09 82.32 94.225 19.3 532745
2014 03 22 12 59 57 109.822 289.056 4.4 532786
2014 03 22 13 29 59 109.69 289.109 17.1 532788
2014 03 23 18 20 01 109.703 289.219 13.9 532817
2014 03 24 15 45 30 109.549 289.285 12.7 532831
