2014 01 23 00 52 15 97.134 120.294 590 531840
2014 01 25 05 14 20 98.044 109.222 87.8 553512
2014 02 10 18 06 20 98.228 124.582 33.1 532162
2014 04 01 23 57 56 109.962 288.983 10.8 553747
2014 04 18 19 05 04 152.818 155.759 10 533435
2014 05 11 12 35 17 137.994 99.77 10 533894
2014 06 29 14 20 40 145.459 331.79 30.9 534742
2014 06 29 14 32 49 145.418 331.776 11.9 534744
2014 06 30 01 46 23 89.961 342.676 14.3 553516
2014 07 02 05 53 29 152.301 155.186 10 534796
2014 07 02 05 53 34 152.31 154.99 12 553517
2014 07 09 17 58 11 152.114 164.919 10 553954
2014 11 03 08 48 29 131.824 80.043 7.4 553474
2014 12 22 07 19 41 144.105 213.906 14 553955
2015 05 29 08 40 13 137.481 100.072 11 540318
2015 11 08 09 34 57 89.214 98.89 69 543065
2016 01 14 12 15 29 143.26 159.752 10 553956
2016 02 21 09 12 08 53.525 70.86 176.74 544774
2016 06 21 16 26 34 67.342 314.86 10 546768
2016 07 24 14 10 51 89.085 331.03 10 547319
2016 07 31 23 40 01 98.194 117.814 21 547453
2016 09 08 21 46 20 144.613 158.712 10 548182
2017 01 09 11 28 36 91.705 100.366 42.35 553563
2017 03 07 15 45 39 96.261 102.187 10 553486
2017 04 20 22 04 14 126.307 261.597 10 553724
2017 04 29 10 02 12 99.685 111.859 10 553490
2017 05 24 09 10 14 92.789 122.118 10 553322
2017 05 29 14 35 21 91.287 120.433 12 553406
2017 06 10 05 42 14 144.348 213.323 10 553957
2017 07 04 16 05 58 125.504 286.665 13 553781
2017 10 06 17 41 23 125.31 344.448 10 553958
2017 12 01 05 20 28 138.778 106.825 10 553600
2018 04 21 19 44 17 138.946 123.591 10 553454
2018 05 14 18 14 47 145.915 332.944 10 553458
2018 06 12 23 08 28 92.019 98.587 9 553462
2018 07 21 20 56 19 138.225 99.644 10 553325
2018 10 21 01 40 37 119.535 60.752 10 553862
2014 01 05 03 36 38 85.391 283.314 32.8 531601
2014 01 13 04 01 04 71.008 293.132 30.9 531704
2014 01 26 13 55 43 51.809 20.507 13.8 531898
2014 01 26 13 57 19 51.785 20.542 11 531898
2014 01 27 16 42 37 109.234 296.057 599.3 531924
2014 02 12 09 24 43 54.108 82.49 10 532176
2014 03 02 09 37 54 77.412 272.296 70.4 532411
2014 03 02 22 17 17 75.756 267.008 33.1 532427
2014 03 09 20 29 54 88.483 280.441 25.9 532528
2014 03 14 20 32 09 143.559 25.342 10 532614
2014 03 15 23 51 32 95.671 279.065 26.5 532639
2014 03 18 21 26 46 109.957 289.217 7.5 532706
2014 03 22 13 29 59 109.69 289.109 17.1 532788
2014 03 24 11 26 37 109.846 289.254 9.8 532823
2014 04 02 16 13 26 82.149 277.667 24.6 532999
2014 04 10 23 27 45 77.566 273.67 12.6 533172
2014 04 11 20 29 13 78.281 273.986 142.3 533219
2014 04 18 14 27 24 72.679 259.007 24.4 533427
2014 04 19 20 54 43 110.013 289.061 14.9 553748
2014 05 08 17 00 15 72.852 259.189 24.9 533841
2014 05 10 07 36 00 72.943 259.068 23.3 533868
2014 05 13 06 35 24 82.855 277.76 13.1 533921
2014 05 16 11 01 43 72.982 299.606 25.2 553473
2014 05 17 09 11 06 109.943 289.171 10.8 533987
2014 05 21 10 06 13 72.894 265.015 123.1 534044
2014 05 28 21 15 05 71.887 291.642 99.7 534157
2014 06 16 06 39 31 88.352 280.616 7.3 534462
2014 06 19 19 54 05 109.81 289.168 14.9 534510
2014 06 20 20 22 27 109.77 289.032 14.2 534535
2014 06 29 07 52 56 145.475 331.605 15.1 534719
2014 07 04 21 08 45 54.922 325.096 10 553518
2014 07 07 11 23 54 75.276 267.539 53 534879
2014 07 27 01 28 41 66.14 314.41 13.7 535168
2014 07 29 10 46 13 72.19 264.499 99 535206
2014 08 03 21 02 46 93.897 279.219 57.7 535286
2014 08 05 10 22 33 116.989 26.704 5 535309
2014 08 29 03 45 04 53.221 23.761 87 535667
2014 09 01 11 41 09 25.315 342.514 2.2 535725
2014 09 07 07 08 01 25.455 342.727 10 535828
2014 09 21 10 51 47 25.475 342.627 2.6 536050
2014 09 25 02 31 57 62.72 65.777 51.1 536108
2014 10 04 19 16 35 72.557 265.226 144.5 536267
2014 10 07 10 22 32 25.508 342.632 10 536313
2014 10 08 03 04 07 59.702 318.087 2.8 536324
2014 10 14 03 51 37 77.411 271.928 63.9 536453
2014 10 15 11 16 34 25.331 342.352 4.5 536477
2014 10 20 19 33 21 89.25 282.07 3.1 536584
2014 11 10 11 38 59 111.581 291.453 106.1 536918
2014 11 17 16 52 47 136.407 33.701 12.2 537073
2014 11 29 13 05 07 84.198 61.275 2.4 537303
2014 12 06 17 21 49 82.018 277.267 15 537419
2014 12 07 12 11 31 76.254 268.618 28 537433
2014 12 07 21 16 31 76.026 269.025 0 553754
2014 12 08 08 54 52 82.06 277.314 20 537452
2015 01 07 05 07 06 83.892 277.343 7.9 553756
2015 01 12 07 57 27 74.518 266.67 89 537997
2015 02 01 20 02 21 139.372 351.78 10 538317
2015 02 05 04 40 53 84.751 277.409 10 538366
2015 02 13 18 48 17 37.36 328.036 12.1 538474
2015 02 13 18 59 13 37.491 327.98 16.9 553526
2015 02 22 12 56 24 87.257 283.554 154.8 538620
2015 02 22 14 23 13 71.441 253.057 10 538622
2015 03 01 08 30 06 76.48 269.063 44.8 538754
2015 03 10 20 55 44 83.204 286.963 162 538883
2015 03 27 21 59 38 91.244 282.346 190.5 539153
2015 04 26 23 35 26 98.407 279.995 10 553309
2015 04 28 18 56 53 72.941 264.964 113.1 553310
2015 05 10 00 50 16 75.266 265.887 3.5 539932
2015 05 26 23 51 29 148.686 334.831 28 540285
2015 06 29 09 09 16 105.99 285.818 35 540796
2015 08 07 01 25 01 92.142 28.932 8.8 541398
2015 08 14 18 03 03 68.986 314.177 15.5 553533
2015 09 08 08 03 53 75.663 265.863 5 553311
2015 09 16 23 09 26 121.574 288.329 35 542094
2015 09 19 13 08 57 120.525 287.802 10 553477
2015 10 17 11 33 08 115.47 295.52 17 542725
2015 10 23 04 04 18 135.81 37.17 10 542824
2015 10 23 04 04 18 135.814 37.171 10 542824
2015 11 07 07 04 31 119.464 287.699 13 543041
2015 11 07 07 31 43 120.879 288.549 46 543042
2015 11 07 10 53 44 120.722 288.61 42 543048
2015 11 08 08 13 37 107.319 290.572 159.86 543064
2015 11 08 16 47 02 83.157 94.648 10 543097
2015 11 16 00 39 33 72.161 278.179 6.71 543249
2015 11 28 05 44 40 120.368 287.849 10 543470
2015 12 07 22 53 35 75.781 269.11 84 543656
2015 12 17 19 49 53 74.2 266.371 85 543811
2015 12 23 16 55 09 144.175 358.506 10 553536
2015 12 28 06 55 29 75.343 298.655 150 543948
2016 01 12 09 45 11 121.338 58.191 10 544165
2016 03 14 23 25 39 142.613 18.798 10 545071
2016 03 18 16 11 00 51.977 72.411 10 553714
2016 03 19 10 24 45 78.133 271.233 10 545135
2016 03 19 11 26 33 72.004 299.299 26 545137
2016 04 15 14 11 26 76.6 267.633 22.41 545594
2016 04 16 23 58 36 89.619 280.079 20.59 545660
2016 04 17 07 14 00 90.385 279.799 23.95 545671
2016 04 17 09 23 41 90.234 279.306 10 545675
2016 04 19 22 22 25 89.422 279.976 11 545734
2016 04 20 08 33 47 89.361 279.79 14 545747
2016 04 22 03 03 41 90.292 279.497 10 545775
2016 04 22 03 20 13 90.281 279.497 10.29 545776
2016 04 23 01 24 33 89.388 279.748 10 545793
2016 04 25 07 07 08 75.521 266.85 16 553716
2016 04 27 12 51 19 75.483 266.912 16 553959
2016 05 08 07 34 00 73.59 262.159 22 546048
2016 05 18 07 57 02 89.574 280.211 16 546223
2016 05 18 16 46 43 89.506 280.384 29.95 546230
2016 06 10 03 25 22 77.169 273.037 10 546564
2016 06 27 20 50 34 73.45 262.167 19 546891
2016 07 08 04 28 43 90.407 279.193 7.1 547041
2016 07 11 02 01 09 89.413 280.365 17 547093
2016 07 11 02 11 04 89.419 280.362 21 547094
2016 07 15 18 02 49 54.792 324.776 16.01 553757
2016 07 23 08 51 58 75.111 256.475 10 547297
2016 08 15 02 59 00 105.656 287.983 20 553758
2016 09 03 12 02 44 53.575 263.071 5.557 548093
2016 09 09 00 03 44 121.377 294.175 157.56 548186
2016 09 10 10 08 20 95.573 283.047 121 548213
2016 09 10 12 27 33 91.035 31.618 40 548215
2016 09 14 01 58 31 82.627 283.832 18 548252
2016 09 15 05 57 24 77.56 273.358 10 548278
2016 09 22 20 06 11 111.552 33.411 10 548401
2016 10 15 20 14 49 50.194 20.646 22 548748
2016 10 20 00 09 26 76.689 315.123 10 548807
2016 10 31 00 20 11 86.577 285.511 33 548968
2016 11 24 18 43 48 78.041 271.165 10.34 549430
2016 12 06 21 42 21 78.931 299.096 34.83 553760
2017 01 02 13 13 48 94.895 283.633 106 553481
2017 01 08 23 47 14 15.609 267.596 31 553719
2017 01 11 22 06 58 110.16 46.646 7.26 553720
2017 01 17 09 08 01 70.134 283.394 10 553721
2017 01 18 10 25 25 47.416 13.197 10 553396
2017 01 31 14 22 38 89.298 280.324 10 553960
2017 02 03 19 54 22 74.917 299.471 39.27 553344
2017 02 06 13 02 45 86.551 285.329 37.95 553722
2017 04 03 17 40 18 112.678 25.155 29 553763
2017 04 17 05 23 15 72.525 298.862 21.11 553764
2017 05 12 10 41 26 77.09 269.944 10 553769
2017 10 12 18 59 09 120.993 294.382 165.65 553803
2017 10 14 00 20 57 73.754 265.19 51.31 553804
2017 10 23 08 32 32 142.343 16.781 10 553424
2017 10 28 16 16 06 3.108 52.849 10 553427
2017 10 28 19 11 02 3.078 55.2 10 553428
2017 11 05 15 00 24 78.329 298.822 47.22 553728
2017 11 13 02 28 23 80.486 275.514 19.36 553730
2017 11 18 04 23 46 92.967 280.292 35 553731
2017 12 03 11 19 05 90.489 279.69 16 553806
2018 01 10 02 51 31 72.526 276.481 10 553810
2018 01 16 15 03 53 79.072 273.654 22 553811
2018 01 27 21 45 12 82.718 280.324 9.8 553814
2018 01 31 16 37 05 82.76 280.358 7 553816
2018 02 16 23 39 39 73.612 262.022 25.98 553818
2018 02 19 06 57 01 73.501 262.421 40.17 553820
2018 03 08 08 49 46 106.762 35.427 17 553821
2018 03 08 14 15 18 133.968 278.185 10 553667
2018 03 23 07 40 29 77.348 315.431 10 553447
2018 04 02 23 23 17 76.894 271.314 50 553961
2018 04 19 21 09 17 132.779 42.187 10 553222
2018 05 23 05 44 43 82.602 323.787 10 553459
2018 06 06 18 51 34 148.356 334.239 31 553461
2018 06 25 05 14 48 53.222 21.407 30.35 553736
2018 07 10 16 05 09 121.608 58.153 10 553834
2018 07 19 13 31 53 72.053 262.264 49.75 553837
2018 08 07 13 57 09 15.355 8.454 10 553839
2018 08 09 16 53 39 123.351 2.483 10 553840
2018 08 17 23 22 24 81.231 276.847 15 553844
2018 08 18 19 39 07 81.199 282.75 10 553845
2018 08 22 13 27 48 79.341 297.072 108 553846
2018 08 22 20 26 29 142.733 27.9 10 553847
2018 09 01 06 13 45 118.979 74.558 10 553848
2018 09 07 01 47 23 81.955 282.397 10 553852
2018 09 07 02 12 04 92.345 281.105 93.53 553853
2018 09 18 07 27 41 127.811 49.782 10 553224
2018 10 07 00 11 51 69.966 286.988 24 553860
2018 10 28 22 23 54 77.052 269.616 24.69 553867
2018 10 30 02 59 58 52.469 20.44 10 553742
2018 10 30 15 12 00 52.488 20.507 11 553743
2018 11 09 01 49 40 18.374 348.75 10 553868
2018 11 25 03 40 50 76.819 278.907 10 553873
2019 01 18 21 27 01 93.304 283.149 103 553542
2019 01 21 11 57 17 74.431 265.273 10 553877
2019 01 22 19 01 43 133.115 42.324 13 553543
2014 01 04 00 11 50 110.674 289.358 25.6 531587
2014 01 08 04 22 11 110.76 289.38 28.3 531640
2014 01 29 10 01 50 108.553 290.576 116.7 531956
2014 02 01 03 58 45 146.933 332.655 142.9 531990
2014 02 03 03 08 46 51.745 20.436 14.5 532035
2014 02 03 22 36 40 97.243 128.224 24.4 532046
2014 02 08 19 50 34 150.424 314.669 10 532125
2014 02 10 12 06 46 49.732 48.761 62.9 532158
2014 02 12 09 19 48 54.124 82.58 4.1 532175
2014 02 12 11 43 10 112.327 291.273 96 532182
2014 02 18 09 27 14 75.404 301.029 28.3 532249
2014 02 18 23 35 58 104.205 284.338 58.8 532261
2014 03 04 10 51 14 123.617 288.013 17 532448
2014 03 11 02 44 06 150.843 339.882 10 553513
2014 03 13 17 12 32 150.791 340.286 10 532590
2014 03 14 13 38 09 82.311 94.225 29.7 532608
2014 03 15 08 59 20 104.101 283.648 10 532623
2014 03 16 21 16 28 109.905 289.385 9.4 532652
2014 03 17 05 11 33 110.06 289.172 5.3 553377
2014 03 17 13 24 49 143.199 327.552 10 532687
2014 03 19 20 17 44 150.737 334.462 19 532725
2014 03 21 13 41 09 82.32 94.225 19.3 532745
2014 03 21 14 11 15 82.439 94.256 17.7 532748
2014 03 22 12 59 57 109.822 289.056 4.4 532786
2014 03 23 18 20 01 109.703 289.219 13.9 532817
2014 03 24 15 45 30 109.549 289.285 12.7 532831
2014 03 27 23 50 51 119.142 291.172 3.7 532887
2014 03 29 07 46 49 90.871 338.176 10 532906
2014 03 31 12 53 05 109.472 290.967 111.6 553746
2014 04 01 23 13 05 136.802 349.396 10 532954
2014 04 01 23 46 47 109.619 289.213 17.1 532955
2014 04 02 04 46 19 110.081 289.274 16.1 553375
2014 04 03 01 58 29 110.364 289.5 10.6 533010
2014 04 03 02 43 14 110.588 289.51 12 533012
2014 04 03 05 26 13 110.749 289.46 13 533026
2014 04 03 05 51 43 110.74 289.589 21.3 533029
2014 04 04 01 37 51 110.607 289.467 19.3 533056
2014 04 04 20 08 06 52.747 23.773 111.1 533070
2014 04 05 02 22 39 122.712 288.611 40.1 533079
2014 04 07 13 43 21 110.122 289.151 10.6 533121
2014 04 08 10 14 31 110.546 289.136 4.8 533134
2014 04 11 00 01 43 110.695 289.339 10.4 533175
2014 04 15 03 57 01 143.609 8.709 10 533357
2014 04 17 15 06 50 152.875 156.026 10 553962
2014 04 18 07 46 57 117.733 297.189 610.4 533424
2014 04 30 15 52 42 91.211 346.46 13.9 533701
2014 05 01 14 35 38 88.035 97.954 50.3 533712
2014 05 05 11 08 45 70.385 99.703 15.2 533793
2014 05 10 02 42 11 98.166 117.534 232.8 533865
2014 05 13 14 40 55 146.945 334.798 19.7 533931
2014 05 14 03 38 22 112.736 293.417 223.3 533940
2014 05 16 17 08 32 113.472 291.385 104.7 533978
2014 05 18 01 02 31 85.76 92.737 32.9 533999
2014 05 21 16 21 54 71.76 88.064 45.1 534049
2014 05 23 20 49 23 65.083 97.908 13.5 534078
2014 05 24 09 25 03 49.724 25.369 8.2 534090
2014 05 24 11 49 26 89.316 333.712 10 534093
2014 05 30 01 20 15 65.011 97.898 10.1 534177
2014 06 01 10 07 13 88.019 89.767 23.6 534244
2014 06 13 19 30 31 136.109 346.049 13.4 534430
2014 06 14 03 58 41 53.548 70.73 204.8 534436
2014 06 14 11 11 03 100.113 91.038 23.1 553515
2014 07 12 17 49 17 145.416 332.03 6 534955
2014 07 12 18 20 37 145.341 332.082 10 534956
2014 07 13 20 54 14 110.258 289.653 33.1 534979
2014 07 14 05 05 03 98.818 111.252 52.5 534983
2014 07 19 14 14 02 78.291 57.957 10 535067
2014 07 23 21 39 08 110.226 291.323 118.7 535118
2014 07 30 01 32 10 63.62 53.516 12.5 535215
2014 07 31 13 40 59 77.612 95.192 12 535232
2014 08 01 04 11 17 53.111 3.21 15 535243
2014 08 02 14 02 18 145.568 331.55 10 535255
2014 08 13 10 07 28 89.163 333.314 10 535416
2014 08 18 02 32 04 57.289 47.638 10 535475
2014 08 18 05 25 52 57.248 47.739 14.1 535482
2014 08 18 18 08 22 57.418 47.703 5 535494
2014 08 20 10 14 16 57.407 47.772 14.1 535528
2014 08 23 04 45 32 110.08 291.07 102 553522
2014 08 23 22 32 23 122.695 288.559 32 535593
2014 08 24 23 21 41 104.52 286.465 70 535618
2014 08 24 23 21 43 104.589 286.55 74.4 535618
2014 08 25 14 31 37 106.126 286.887 62 535629
2014 08 30 15 29 50 46.269 331.457 10 535688
2014 09 22 16 01 42 146.037 332.171 116.8 553523
2014 09 24 11 16 13 113.784 293.412 204.5 536099
2014 09 26 04 21 24 77.485 95.167 20.7 536125
2014 09 30 16 45 57 88.462 67.688 13.1 536178
2014 10 07 13 49 41 66.657 100.5 12.8 536316
2014 10 15 13 35 54 57.455 47.856 8.1 536479
2014 10 26 10 45 32 100.565 285.928 127.3 536687
2014 10 30 12 11 36 96.962 117.515 549.2 536742
2014 11 07 00 20 48 85.164 95.058 51.5 536849
2014 11 18 03 25 41 82.542 94.263 24.5 537085
2014 11 20 18 14 37 66.471 93.521 48.9 537144
2014 11 22 08 55 26 59.686 101.803 2 537173
2014 11 22 19 14 17 44.144 27.151 35 537182
2014 12 01 22 47 27 88.44 67.713 14 537343
2014 12 06 10 20 01 66.643 100.533 10 537416
2014 12 11 13 53 29 146.751 334.576 10 537501
2014 12 17 06 10 05 93.829 100.143 10 537589
2014 12 19 14 41 44 83.124 94.624 37 537626
2014 12 19 19 49 30 73.805 298.191 118.1 537630
2014 12 29 17 41 50 146.85 334.712 33 553524
2015 01 02 08 21 56 83.502 60.437 10 537841
2015 01 08 14 56 31 151.776 161.273 10 537939
2015 01 17 18 41 43 112.236 296.871 560.7 538075
2015 01 19 17 19 47 85.373 119.775 21.3 538110
2015 01 27 00 53 21 88.711 97.253 27.9 538217
2015 02 02 10 49 48 122.648 292.85 172.7 538333
2015 02 11 13 01 15 113.509 293.223 198.8 538442
2015 02 11 18 57 20 113.065 293.338 203.6 553525
2015 02 11 21 29 24 155.608 180.49 10 538450
2015 02 16 22 00 54 145.518 331.771 18.1 538527
2015 02 27 13 45 05 97.358 122.49 559.1 538719
2015 03 03 10 37 31 90.719 98.754 33.5 538783
2015 03 06 08 22 20 131.316 80.614 13.1 538824
2015 03 18 18 27 28 126.111 286.311 9.7 553527
2015 03 23 04 51 37 108.354 290.812 127.1 539087
2015 03 28 16 36 53 112.178 291.466 107.8 539160
2015 03 30 10 34 53 129.471 78.072 10 539202
2015 04 10 16 23 05 103.823 65.834 18.3 539378
2015 04 16 18 07 43 54.805 26.837 22.6 553528
2015 04 20 09 05 33 95.604 102.586 21.8 539512
2015 04 25 06 11 26 61.87 84.716 13.4 539594
2015 04 25 06 45 21 61.84 84.843 14.7 539604
2015 04 25 09 17 02 61.652 87.287 9.3 539632
2015 04 26 07 09 09 62.264 85.978 13.4 539668
2015 04 30 10 19 09 150.38 333.017 19 553530
2015 05 08 03 12 20 88.477 97.839 45.5 539912
2015 05 12 07 05 18 62.199 86.126 12.3 539984
2015 05 12 07 36 53 62.476 86.141 13.8 539990
2015 05 15 20 26 55 92.566 102.223 158.5 540083
2015 05 18 04 02 45 131.532 80.247 10.2 540118
2015 05 24 04 53 23 106.814 345.739 11.7 540236
2015 05 24 21 06 42 149.622 333.718 49.7 540249
2015 05 26 10 32 01 112.001 291.563 120 553531
2015 05 26 23 27 00 148.681 334.903 51.3 540283
2015 05 26 23 41 38 148.799 334.759 18 540284
2015 06 10 13 52 08 112.409 291.549 121.8 540537
2015 06 17 12 51 35 125.37 342.191 27.1 540638
2015 06 20 02 10 07 126.334 286.333 17.4 540661
2015 06 20 05 32 08 149.638 333.456 53.6 540664
2015 06 29 22 07 47 53.361 71.382 188.3 540800
2015 07 01 18 24 41 150.445 324.687 10 540832
2015 07 03 01 07 46 52.53 78.12 19 540849
2015 07 03 03 16 35 78.666 94.951 17.1 540858
2015 07 16 15 16 32 76.2 301.43 19.4 541050
2015 07 24 21 44 42 98.12 109.007 88.6 541173
2015 07 26 07 05 09 99.185 112.689 71.6 541189
2015 08 10 10 05 25 53.516 71.253 226 541466
2015 08 12 00 14 39 121.702 288.461 30.4 541494
2015 08 17 16 16 59 76.261 51.735 11.4 541585
2015 08 23 23 10 04 119.713 288.66 34.7 541667
2015 08 26 13 51 37 147.545 334.159 47.3 553534
2015 09 16 22 54 32 121.572 288.326 22.44 542090
2015 09 16 23 03 56 121.75 288.258 19.1 542092
2015 09 16 23 16 09 121.6 288.082 35 542095
2015 09 16 23 18 41 121.562 288.574 28.41 542096
2015 09 16 23 38 01 121.784 287.978 12.46 542103
2015 09 17 01 33 02 121.736 287.974 9.29 542123
2015 09 17 01 41 05 121.104 288.35 42.32 553252
2015 09 17 03 55 15 121.424 288.313 27 542140
2015 09 17 04 10 27 121.52 288.19 23 542145
2015 09 17 04 10 27 121.517 288.196 23 542145
2015 09 17 04 26 38 121.416 288.02 17.62 542147
2015 09 17 05 44 39 121.801 287.87 10 542154
2015 09 17 12 14 34 122.914 288.394 10 553475
2015 09 17 12 14 35 122.91 288.4 10 553475
2015 09 17 13 32 26 122.143 287.623 10 553312
2015 09 17 14 19 15 120.91 288.018 10 542181
2015 09 17 20 40 31 119.961 288.115 5.69 542194
2015 09 18 09 10 44 122.368 287.771 8 542215
2015 09 18 15 59 42 74.724 314.012 10 553253
2015 09 19 05 06 47 119.641 287.923 6 553254
2015 09 19 09 07 09 121.1 288.41 28 553476
2015 09 19 09 07 09 121.099 288.41 28 553476
2015 09 19 12 52 20 122.33 287.93 18 553255
2015 09 19 12 52 20 122.333 287.938 18 553255
2015 09 21 05 39 34 121.58 288.26 30 542298
2015 09 21 05 39 34 121.575 288.257 30 542298
2015 09 21 17 40 00 121.727 288.621 35 542307
2015 09 21 18 36 53 121.045 288.18 26.95 553478
2015 09 21 19 56 08 121.78 288.36 28.4 542313
2015 09 21 19 56 08 121.781 288.36 28.36 542313
2015 09 22 07 13 00 121.44 288.74 58 542332
2015 09 22 07 13 00 121.444 288.735 58 542332
2015 09 26 02 51 18 120.814 288.679 46 542397
2015 09 28 15 28 05 113.8 293.4 219 542450
2015 09 28 15 28 05 113.802 293.388 219 542450
2015 09 30 16 06 52 146.194 332.285 101 542483
2015 10 03 06 03 42 127.455 286.324 14.53 542515
2015 10 03 06 26 55 120.301 288.449 38 542516
2015 10 05 16 33 26 120.303 288.469 34 542556
2015 10 09 18 27 36 121.732 288.268 35 542613
2015 10 12 03 15 19 121.184 288.178 21 542640
2015 10 17 11 33 08 115.467 295.517 17 542725
2015 10 20 20 33 12 147.43 294.11 9.1 553535
2015 10 26 09 09 32 53.541 70.684 206.94 542863
2015 10 26 09 09 42 53.476 70.367 231 542863
2015 11 01 15 16 17 113.246 291.584 111 542949
2015 11 04 03 44 15 98.338 124.875 20 542989
2015 11 11 01 54 38 119.506 287.994 12 553256
2015 11 11 02 46 19 119.509 287.942 10 553257
2015 11 11 11 45 23 98.941 110.218 83.02 543172
2015 11 13 06 04 17 119.849 295.502 27 543200
2015 11 17 07 10 07 51.33 20.6 11 543269
2015 11 17 17 29 36 49.624 73.203 18 543281
2015 11 21 23 05 30 120.575 288.233 27 543353
2015 11 22 18 16 04 53.566 71.423 102 543371
2015 11 24 20 45 02 90.098 342.166 10 543403
2015 11 24 22 45 38 100.537 289.057 606.21 543408
2015 11 24 22 50 54 100.059 288.982 620.56 543409
2015 11 26 05 45 18 99.182 288.743 602.75 543439
2015 11 27 21 00 22 114.828 289.4 34 543465
2015 11 29 18 52 49 113.559 295.348 11 543498
2015 11 29 18 56 21 113.477 295.414 10 543499
2015 11 30 20 19 05 98.791 67.696 10 543510
2015 12 04 22 25 00 137.616 85.091 35 543591
2015 12 07 07 50 05 51.79 72.779 22 553258
2015 12 08 12 56 07 120.809 288.249 25 543663
2015 12 10 00 09 32 125.883 286.724 10 543715
2015 12 10 12 05 14 148.88 336.094 10 543723
2015 12 19 19 25 05 120.605 288.695 48.34 543836
2015 12 25 19 14 47 53.507 71.126 206 543913
2016 01 01 02 00 39 140.557 139.448 10 543991
2016 01 03 23 05 22 65.17 93.66 55 544017
2016 01 03 23 05 22 65.197 93.65 55 544017
2016 01 08 01 12 01 120.663 288.36 24.17 544081
2016 01 12 20 04 59 53.408 70.948 239 544170
2016 01 14 03 25 28 109.759 296.672 582.56 544187
2016 01 20 17 13 13 52.325 101.65 9 544283
2016 01 22 20 51 47 61.684 55.309 26.81 544311
2016 01 25 04 22 02 54.351 356.319 12 544342
2016 02 10 00 33 05 120.572 288.417 29 544583
2016 02 12 10 02 24 99.633 119.401 28 544610
2016 02 18 01 07 14 146.212 332.378 119.26 544698
2016 02 22 06 37 03 120.462 287.937 10.15 544786
2016 02 23 18 08 46 153.032 144.996 10 553320
2016 03 02 12 49 48 94.952 94.329 24 544905
2016 03 03 00 10 50 94.794 94.41 10 544911
2016 03 14 07 26 40 146.428 332.992 84 545059
2016 03 26 03 24 24 92.65 68.025 10 553393
2016 04 06 14 45 29 98.203 107.385 29 553259
2016 04 10 02 14 34 94.148 102.211 41 545474
2016 04 10 10 28 58 53.528 71.131 212 545480
2016 04 13 13 55 17 66.906 94.865 136 553260
2016 04 14 23 15 07 97.459 128.123 136.78 545581
2016 04 19 05 25 39 145.728 332.77 14 545711
2016 04 20 10 51 42 76.8 304.114 28 545751
2016 05 02 04 21 24 95.026 104.627 117 545952
2016 05 05 07 01 47 76.229 51.768 10 545995
2016 05 20 18 14 04 115.565 129.884 10 546256
2016 05 28 09 46 59 146.24 333.065 78 546353
2016 06 01 22 56 00 92.096 100.665 50 546440
2016 06 05 05 51 11 119.342 288.141 28 546490
2016 06 05 16 25 33 94.587 125.626 429.62 546499
2016 06 06 13 16 02 120.043 288.537 28.31 553343
2016 06 09 04 13 08 101.248 116.266 19 546550
2016 06 10 09 26 53 97.458 346.4 10 546574
2016 06 18 17 29 46 114.146 292.848 186 546698
2016 06 23 03 05 39 150.672 317.088 10 546792
2016 06 26 11 17 11 50.521 73.338 13 546856
2016 06 28 21 38 04 50.526 73.341 13.59 546911
2016 07 19 05 18 40 120.252 288.028 8.01 547236
2016 07 25 08 58 30 139.484 126.265 10 547332
2016 07 25 17 26 50 116.104 289.493 72 553261
2016 07 31 11 33 20 146.255 332.451 98.16 547445
2016 08 01 07 42 51 113.964 82.556 10 547464
2016 08 02 07 32 29 148.724 334.393 35.04 547486
2016 08 04 14 15 13 112.308 293.974 270 553262
2016 08 05 12 34 15 113.945 82.433 10 547530
2016 08 19 07 32 22 145.279 328.126 10 547766
2016 08 19 17 33 40 145.208 327.927 4.34 547799
2016 08 19 20 37 16 145.203 327.88 13.89 547802
2016 08 21 03 45 23 145.277 328.246 10 547837
2016 08 23 19 39 44 97.28 122.425 532.4 547880
2016 08 23 19 40 46 97.208 122.541 514.33 547881
2016 08 24 01 36 32 47.277 13.187 4.44 547889
2016 08 24 02 33 29 47.167 13.131 4.95 547891
2016 08 24 10 34 54 69.078 94.568 82 547904
2016 08 24 13 48 44 92.956 100.054 17.15 547908
2016 08 29 04 29 57 90.047 342.171 10 547979
2016 08 30 08 09 09 124.898 287.471 19.17 547997
2016 08 30 15 46 02 145.301 329.636 10 548000
2016 09 02 01 57 50 145.329 329.083 8 548053
2016 09 22 16 07 27 149.472 332.512 8 548392
2016 09 23 23 11 20 44.273 26.609 92 548438
2016 10 17 07 14 49 57.094 94.879 23.32 548781
2016 10 18 22 08 14 74.783 298.509 146 548799
2016 10 19 00 26 01 94.862 108.162 614 548800
2016 10 26 17 10 37 47.143 13.022 10 548898
2016 10 26 19 18 08 47.066 13.043 10 548901
2016 10 27 20 32 55 123.764 287.467 14.8 548915
2016 10 28 20 02 48 50.687 13.536 448.48 548929
2016 10 30 06 40 19 47.146 13.088 10 548956
2016 11 04 16 20 43 125.103 289.004 90.79 553263
2016 11 08 04 55 44 126.58 286.365 17.3 549078
2016 11 13 14 01 01 118.87 292.545 109.15 549173
2016 11 20 20 57 43 121.642 291.236 115.79 549319
2016 11 25 14 24 30 50.77 74.02 17 549447
2016 12 01 22 40 26 105.294 289.178 10 549543
2016 12 05 01 13 04 97.315 123.38 526 549587
2016 12 06 22 03 33 84.717 96.167 13 549607
2016 12 08 05 15 04 46.185 86.303 13.7 549623
2016 12 18 13 30 11 99.966 289.031 622.53 553264
2016 12 21 00 17 14 97.508 127.92 152 549985
2016 12 25 14 22 27 133.405 286.06 38 550061
2016 12 25 14 32 13 133.481 285.523 14.93 550062
2016 12 27 23 20 56 44.281 26.523 97 550109
2016 12 29 22 30 19 99.027 118.663 79 553480
2017 01 03 21 19 07 133.343 285.535 9.08 553718
2017 01 06 06 30 35 112.319 292.205 172 553482
2017 01 11 21 58 18 112.821 290.197 72 553483
2017 02 07 22 03 55 64.799 63.257 24.05 553265
2017 02 18 12 10 17 113.861 293.341 222 553266
2017 02 21 14 09 04 109.281 296.096 595.98 553267
2017 03 02 11 07 27 52.421 38.44 10 553485
2017 03 09 11 14 26 150.146 150.296 10 553321
2017 03 14 02 51 16 83.871 92.316 10 553214
2017 03 16 18 39 26 101.539 114.573 10 553399
2017 03 21 23 10 25 98.508 115.326 111.83 553400
2017 04 04 13 53 18 145.616 329.999 19.22 553464
2017 04 05 06 09 12 54.201 60.436 13 553268
2017 04 15 08 19 43 113.27 292.235 155 553269
2017 04 16 09 44 05 97.348 83.161 10 553468
2017 04 18 17 49 55 92.711 284.697 14 553345
2017 04 23 02 36 07 123.036 287.994 21 553215
2017 04 23 19 40 10 123.008 287.887 20 553487
2017 04 24 21 38 30 123.029 287.955 28 553216
2017 04 28 15 30 06 123.231 288.025 22 553488
2017 04 28 16 05 57 123.13 288.214 28 553489
2017 05 02 15 10 22 101.728 346.081 10 553491
2017 05 03 04 47 13 50.501 71.451 10 553217
2017 05 05 05 09 35 50.534 71.433 10 553492
2017 05 06 00 16 09 150.829 321.945 10 553469
2017 05 10 23 23 37 146.427 334.218 17.39 553211
2017 05 11 15 41 13 146.564 334.135 21.84 553768
2017 05 14 19 44 23 110.928 291.266 124.45 553493
2017 05 29 14 57 53 127.341 288.343 80.7 553494
2017 05 30 11 29 51 148.644 333.869 78.18 553495
2017 06 03 19 17 33 152.579 155.834 10 553496
2017 06 12 02 43 26 121.502 288.253 27 553497
2017 06 12 12 28 39 51.085 26.371 12 553270
2017 06 24 16 09 14 105.414 286.615 97 553779
2017 07 09 05 57 01 146.069 332.481 54.06 553783
2017 07 18 02 05 19 106.42 286.371 44.92 553271
2017 07 19 12 16 23 107.415 66.483 10 553218
2017 07 20 22 31 11 53.076 27.413 7 553272
2017 07 27 17 53 24 76.604 310.675 10 553273
2017 08 01 06 13 53 118.555 291.295 85.07 553323
2017 08 08 23 27 53 45.699 82.826 20 553274
2017 08 13 03 08 10 93.768 101.622 31 553219
2017 08 18 02 59 21 91.09 346.337 10 553275
2017 08 31 17 06 55 91.159 99.688 43.14 553417
2017 09 04 08 07 35 147.788 334.422 35 553220
2017 09 15 18 48 02 145.443 331.639 9 553421
2017 09 18 05 28 03 108.526 347.284 10 553792
2017 09 18 13 46 57 121.815 287.903 17 553793
2017 10 05 08 11 36 112.379 291.483 110.18 553800
2017 10 06 02 03 48 89.045 334.492 10 553801
2017 10 10 06 32 20 108.521 290.359 82.43 553225
2017 10 10 18 53 27 144.258 8.605 9 553226
2017 10 24 10 47 47 97.236 123.04 549.19 553425
2017 11 10 12 01 33 131.466 275.811 10 553729
2017 11 11 00 36 14 101.742 345.886 10 553223
2017 11 12 18 18 17 55.095 45.956 19 553227
2017 11 17 22 34 19 60.168 94.977 8 553212
2017 11 29 06 29 05 104.474 283.686 10 553805
2017 11 30 06 32 50 91.08 336.568 10 553228
2017 12 01 02 32 46 59.257 57.313 9 553229
2017 12 11 19 00 56 109.708 288.94 10 553807
2017 12 12 08 43 17 59.281 57.27 10 553230
2017 12 12 21 41 31 59.178 57.286 8 553231
2017 12 13 18 03 42 144.217 2.168 10 553232
2017 12 15 16 47 58 97.492 108.174 90 553233
2017 12 28 03 54 51 114.886 289.782 46.73 553808
2018 01 07 06 47 14 65.246 94.909 23.77 553433
2018 01 11 06 59 30 56.287 45.723 10 553434
2018 01 11 18 26 24 71.638 96.077 9 553234
2018 01 14 09 18 45 105.758 285.291 39 553235
2018 01 21 01 06 42 108.852 290.544 116 553236
2018 01 23 06 34 54 97.195 105.918 43.91 553237
2018 01 23 23 09 09 95.777 347.457 10 553435
2018 01 25 01 15 58 81.736 91.78 10 553436
2018 01 28 16 03 03 143.062 9.684 10 553221
2018 01 30 14 23 52 105.849 285.391 34 553815
2018 01 31 07 07 00 53.457 70.815 191.19 553238
2018 02 08 21 19 24 127.438 286.021 4.3 553817
2018 02 27 17 29 22 150.249 150.779 10 553210
2018 03 10 14 27 52 146.334 332.134 11.86 553822
2018 03 10 21 45 36 91.423 344.791 10 553445
2018 03 17 05 50 09 137.664 346.499 10 553446
2018 03 24 19 58 33 135.778 96.069 10 553239
2018 03 25 08 58 11 97.309 128.502 149.36 553448
2018 03 25 14 28 35 116.792 296.631 577.24 553824
2018 04 02 13 40 34 110.658 296.995 559 553240
2018 04 05 11 12 10 110.381 289.395 34.93 553825
2018 04 09 00 20 55 147.658 332.125 245 553452
2018 04 10 10 19 34 120.986 288.444 76.08 553241
2018 04 19 06 34 46 61.669 51.612 10 553453
2018 05 09 10 41 45 53.009 71.383 116 553242
2018 06 21 16 08 03 114.267 292.949 189 553831
2018 07 15 01 57 19 75.938 51.736 10 553835
2018 07 15 01 59 09 75.825 51.653 10 553835
2018 07 15 13 09 16 76.152 51.717 10 553836
2018 07 20 10 24 57 118.068 296.746 587.8 553347
2018 07 22 10 07 27 55.409 46.165 12 553348
2018 07 22 20 39 17 59.567 57.451 10 553349
2018 07 23 10 36 00 90.349 340.766 10 553326
2018 07 25 19 45 05 146.062 332.32 124.63 553350
2018 07 28 17 07 23 97.122 122.747 577.48 553351
2018 07 28 22 47 38 98.239 116.508 14 553352
2018 08 05 11 46 38 98.259 116.436 31 553353
2018 08 09 05 25 31 98.315 116.232 10 553354
2018 08 14 03 29 53 148.11 334.742 35 553243
2018 08 17 15 35 01 97.426 119.834 529 553355
2018 08 19 04 10 23 98.329 116.598 21.41 553327
2018 08 19 14 56 28 98.33 116.631 25.21 553356
2018 08 19 15 16 35 98.351 116.556 10 553357
2018 08 21 21 31 47 79.221 297.093 146.18 553244
2018 08 24 09 04 06 101.042 289.184 609.48 553245
2018 08 24 10 49 27 79.428 91.72 10 553329
2018 08 25 18 33 15 98.424 116.929 9.21 553683
2018 08 25 22 13 25 55.389 46.242 10 553246
2018 08 27 20 09 21 151.794 301.952 49 553330
2018 09 03 20 35 50 148.016 334.75 28.49 553849
2018 09 07 02 39 17 118.892 290.047 92.4 553358
2018 09 07 06 23 38 61.677 59.32 10 553331
2018 09 28 06 21 54 116.492 67.589 10 553857
2018 09 28 07 06 39 116.518 67.622 10 553858
2018 09 28 10 02 43 90.178 119.84 10 553359
2018 09 28 10 25 04 91.062 119.96 10 553692
2018 10 05 14 59 44 95.691 348.475 10 553859
2018 10 07 00 10 04 82.34 322.292 10 553332
2018 10 10 18 44 55 97.453 114.455 9 553360
2018 10 25 22 54 52 52.486 20.563 14 553247
2018 10 28 00 38 11 44.343 26.397 151 553361
2018 10 29 06 54 21 147.404 293.592 10 553362
2018 10 29 20 17 22 147.549 293.696 10 553363
2018 10 29 21 07 13 147.541 293.837 10 553741
2018 11 01 19 30 20 148.074 334.795 29 553364
2018 11 01 22 19 51 109.588 290.708 102 553365
2018 11 09 07 39 16 132.596 343.844 10 553333
2018 11 09 07 54 52 132.713 343.98 10 553366
2018 11 11 14 03 59 74.435 310.129 10 553248
2018 11 15 20 02 22 146.706 334.454 15 553249
2018 11 17 13 17 59 74.461 310.093 10 553871
2018 11 23 10 51 59 146.261 333.015 82.85 553367
2018 11 25 16 37 32 55.654 45.743 18 553250
2018 11 27 12 03 28 91.029 346.337 10 553334
2018 11 27 19 34 45 74.422 310.157 10 553875
2018 11 29 20 21 44 89.776 96.997 9.44 553335
2018 12 01 13 27 21 97.384 128.706 136 553336
2018 12 06 01 02 46 98.391 116.006 12 553337
2018 12 11 02 26 32 148.598 333.535 164.66 553368
2018 12 16 14 26 19 113.322 112.497 10 553369
2018 12 23 19 32 22 59.593 87.62 10 553338
2018 12 30 08 39 12 92.657 102.348 168.3 553370
2019 01 05 19 25 38 98.148 288.417 571.18 553371
2019 01 06 13 41 59 55.875 45.673 14 553339
2019 01 20 01 32 51 120.073 288.577 53.04 553372
2019 01 22 05 10 03 100.466 119.03 27.01 553373
2019 01 23 11 39 01 100.306 118.928 15.29 553374
