2007 11 14 15 40 49 112.3208 290.2197 33.6 496527
2007 11 15 15 03 09 112.8981 289.5852 31.4 496551
2007 11 15 15 06 00 112.7389 289.9227 35.0 551113
2007 11 16 03 13 00 92.3388 282.2063 123.6 550855
2007 11 18 05 40 09 112.6479 293.7345 216.4 496597
2007 11 20 17 55 51 112.8806 289.4857 13.7 496634
2007 11 29 19 00 19 75.0054 298.7764 147.3 496752
2007 12 13 05 20 24 113.1885 289.5823 41.7 496915
2007 12 13 07 23 40 113.2335 289.4724 30.6 550863
2007 12 16 08 09 19 112.8877 289.8711 57.0 496957
2008 01 05 11 01 05 38.7424 229.241 10.0 497226
2008 01 05 11 44 48 38.8541 229.457 10.0 554331
2008 01 09 08 26 47 57.5958 85.2551 27.7 497275
2008 01 09 14 40 00 38.356 228.83 10.0 497281
2008 01 10 01 37 20 46.1648 233.091 10.0 554332
2008 02 04 17 01 31 110.1855 290.0524 42.8 554333
2008 02 08 09 38 12 79.2749 318.098 4.1 497646
2008 02 12 12 50 19 73.5685 265.7573 85.7 551334
2008 02 16 14 45 12 111.3193 291.6372 131.8 550472
2008 02 21 02 46 18 12.9388 18.5685 10.5 550476
2008 02 21 14 16 05 48.8997 245.124 10.0 551273
2008 03 20 22 32 56 54.4507 81.5063 10.0 551155
2008 03 24 20 39 07 110.0782 291.0274 120.8 551157
2008 04 15 03 03 05 76.3601 269.2704 35.0 498481
2008 04 24 12 14 50 91.1526 336.4757 10.0 498622
2008 05 12 06 28 00 58.9364 103.372 7.6 550881
2008 05 12 11 11 02 58.7616 103.627 11.5 498952
2008 05 23 19 35 34 82.6407 325.109 10.0 550883
2008 05 25 08 21 49 57.3969 105.377 14.0 499196
2008 05 29 15 46 00 26.0436 339.0125 10.0 553046
2008 06 22 23 56 29 22.2987 141.181 22.2 499631
2008 06 27 11 40 15 79.004 91.841 27.6 499672
2008 06 28 12 54 47 79.1326 91.7274 27.9 499703
2008 07 05 02 12 06 36.0538 152.863 646.1 499789
2008 07 08 09 13 07 105.9861 288.2518 122.6 550887
2008 08 05 09 49 17 57.1895 105.503 10.8 500169
2008 08 10 08 20 32 78.9759 91.825 29.1 550744
2008 08 11 23 38 38 90.9785 338.2025 16.2000009766 554334
2008 08 21 12 24 32 64.7923 97.7239 10.0 500366
2008 08 22 07 47 41 107.8435 65.4242 15.8 500377
2008 08 25 13 22 01 58.9388 83.6521 25.5 554335
2008 08 26 21 00 36 97.6632 285.6308 153.9 500436
2008 08 27 01 35 31 38.3432 104.144 10.0 551356
2008 08 28 15 22 23 90.0245 342.5605 4.5 500464
2008 08 30 08 30 49 63.6912 101.895 2.4 500488
2008 09 03 11 25 14 116.83 296.8067 570.6 500549
2008 09 10 11 00 35 63.2277 55.8332 12.0 500632
2008 09 10 13 08 13 81.8735 321.3198 3.1 500636
2008 09 24 02 33 05 72.4791 254.545 10.0 500793
2008 09 25 01 47 08 59.1595 83.5855 10.0 500803
2008 10 05 15 52 50 50.4418 73.7911 29.0 550902
2008 10 05 22 56 28 56.1349 69.4868 0.9 550904
2008 10 06 08 30 45 60.1555 90.3787 6.4 550905
2008 10 11 10 40 13 70.8065 295.174 25.7 501027
2008 10 12 20 55 41 110.1808 295.0179 357.8 550909
2008 10 16 19 41 33 75.459 267.6655 83.5 501081
2008 10 28 23 09 56 59.4072 67.3746 18.8 501217
2008 10 29 11 32 41 59.5027 67.5633 2.9 501224
2008 11 10 01 21 57 52.3801 95.8853 0.1 501385
2008 11 19 06 11 21 81.6738 277.0978 44.6 501517
2008 11 22 18 49 41 91.1892 345.9806 8.0 553098
2008 11 24 09 02 59 35.7799 154.293 505.3 501578
2009 01 08 19 21 34 79.7848 275.7841 10.7 502190
2009 03 06 10 50 29 9.6857 358.0363 14.2 502990
2009 03 12 23 23 33 84.482 277.2835 10.7 551295
2009 03 30 07 13 06 33.5977 207.231 17.0 503305
2009 04 17 02 08 06 109.5806 289.4976 28.7 503568
2009 05 10 01 16 04 88.6612 274.7069 6.0 551266
2009 05 28 08 24 48 73.1922 273.757 29.0 504022
2009 05 28 08 24 55 69.72 273.4 10.0 554336
2009 06 06 20 33 28 66.1698 313.7838 14.6 550918
2009 06 16 20 05 57 144.404 5.8693 16.0 504250
2009 07 04 06 49 35 80.2477 280.9779 48.6 554337
2009 07 07 19 11 44 14.6572 287.3087 15.2 504487
2009 07 12 06 12 48 105.0411 289.4646 198.7 550727
2009 08 03 18 40 49 60.5657 246.244 10.0 504823
2009 08 10 19 55 38 75.9478 92.8685 30.7 504892
2009 08 20 06 35 05 17.7911 0.9513 9.5 505072
2009 08 28 01 52 07 52.3322 95.7622 12.1 552775
2009 09 07 22 41 37 47.4171 43.4523 14.6 505312
2009 09 12 20 06 25 79.2841 292.0868 19.6 505365
2009 09 21 08 53 05 62.6307 91.4597 16.1 505455
2009 10 12 03 15 47 107.1827 66.6858 14.1 505963
2009 10 22 19 51 28 53.4813 71.0121 188.6 553185
2009 10 29 17 44 32 53.6178 70.7684 213.9 506217
2009 11 13 03 05 55 109.469 289.5819 36.0 551028
2009 11 14 19 44 29 112.9595 293.4137 214.3 551030
2009 11 17 15 30 46 38.0378 228.402 8.7 506425
2009 12 09 16 00 41 90.7227 338.8616 10.0 506703
2009 12 10 02 30 50 36.6013 152.798 653.2 506708
2010 01 10 00 27 41 49.3346 235.533 20.6 507076
2010 01 12 21 53 09 71.6177 287.412 15.0 507104
2010 02 27 15 45 38 114.7957 294.5381 31.8 550688
2010 03 04 22 39 24 112.2651 291.5421 108.4 508136
2010 03 08 02 32 34 51.2116 40.044 12.2 508208
2010 03 26 14 52 05 118.0601 289.0878 41.4 554338
2010 03 30 16 54 47 76.3872 92.8746 38.5 552744
2010 04 04 22 40 43 57.7236 244.737 5.2 508685
2010 04 13 23 49 37 56.8072 96.7466 13.8 508820
2010 04 14 01 25 15 56.8506 96.4895 12.2 551058
2010 04 30 23 11 43 29.5292 182.149 13.3 509025
2010 04 30 23 16 27 29.533 182.393 16.0 509026
2010 05 06 02 42 46 108.0961 289.4135 46.8 553550
2010 05 19 04 15 39 95.1255 282.5031 129.0 509236
2010 05 23 22 46 49 104.0 285.5681 102.6 553551
2010 05 24 16 18 29 98.1152 288.3588 582.1 550927
2010 05 31 19 51 45 78.7891 93.6519 131.6 550928
2010 06 01 03 26 16 80.6792 275.8102 28.4 509385
2010 06 12 19 26 49 82.1494 91.9546 31.4 509523
2010 06 30 07 22 27 73.7099 262.0415 27.8 550514
2010 07 12 00 11 20 112.2789 291.6841 109.4 509853
2010 08 12 11 54 15 91.2779 282.6306 206.5 510310
2010 08 16 03 30 53 107.8076 65.6026 14.7 510398
2010 09 17 19 21 13 53.4648 70.9695 215.4 510751
2010 10 21 17 53 13 65.2122 250.826 13.9 511143
2010 12 20 18 42 00 61.6319 59.15 14.5 511886
2011 01 01 09 56 58 116.8513 296.7627 584.3 512345
2011 01 18 20 23 23 61.3169 63.9948 79.9 550843
2011 01 24 02 45 30 51.5982 72.8467 101.9 512688
2011 01 27 08 38 29 61.849 59.052 18.5 512724
2011 01 29 06 55 26 19.1316 353.0912 6.4 550705
2011 02 04 13 53 46 65.3906 94.7347 86.5 512855
2011 02 11 20 05 27 126.4604 286.8448 12.8 512958
2011 02 25 13 07 26 72.1786 264.8292 130.600007812 550714
2011 03 06 12 31 55 108.2064 290.4994 114.5 551065
2011 03 06 14 32 35 146.3864 332.9747 92.0 513227
2011 03 06 14 32 42 146.41 333.32 101.2 553191
2011 03 24 13 55 12 69.3702 99.9178 12.8 550845
2011 04 07 13 11 23 72.7349 265.8561 165.1 515365
2011 05 13 22 47 54 79.8886 275.8111 76.8 516183
2011 05 14 21 07 22 53.5743 70.7231 207.6 551071
2011 05 15 13 08 15 89.5416 334.3912 18.9 516209
2011 06 20 16 35 57 111.771 291.6166 126.2 516819
2011 07 16 19 59 12 35.2284 198.684 40.9 517334
2011 07 19 19 35 44 49.8438 71.5011 19.5 551088
2011 08 10 23 45 42 97.1029 347.1941 11.7 517677
2011 08 24 17 46 11 97.6203 285.462 149.3 517876
2011 09 02 13 47 09 118.4135 296.864 592.7 551097
2011 09 03 04 48 58 146.5611 333.0769 96.3 518020
2011 09 09 19 41 33 40.6114 232.935 15.4 553196
2011 09 18 12 40 49 62.1961 88.1536 29.6 518230
2011 10 14 06 10 13 35.9264 123.814 13.9 551442
2011 10 23 10 41 22 51.2706 43.4465 7.6 518671
2011 10 23 20 45 33 51.4107 43.1165 10.1 550958
2011 10 28 18 54 33 104.5572 283.8793 29.0 518760
2011 11 07 22 35 23 78.3082 274.2162 177.2 518915
2011 11 17 01 57 03 91.7479 278.2943 19.6 519021
2011 11 22 18 48 15 105.3083 294.8366 560.3 519114
2011 12 07 22 23 07 117.9324 288.8656 13.8 519310
2011 12 11 01 47 24 72.0976 260.0702 65.4 519351
2011 12 11 09 54 55 146.049 331.7865 130.600007812 550967
2011 12 27 15 21 56 38.1651 95.9643 12.8 551440
2012 01 21 18 47 11 75.067 266.8578 63.5 551369
2012 01 30 05 10 53 104.2139 284.3416 34.2 520094
2012 02 26 06 17 18 38.1992 95.9804 13.0 520525
2012 03 05 07 46 03 118.2579 296.7084 551.9 520700
2012 03 20 18 02 46 73.5266 261.6306 19.4 520986
2012 03 25 22 37 06 125.2035 287.8732 28.2 553199
2012 04 02 17 36 42 73.6271 261.5385 16.2999990234 521195
2012 04 11 22 41 43 46.4487 232.371 16.4 521362
2012 04 11 22 55 10 71.7958 257.124 27.6 521364
2012 04 12 07 15 47 61.1614 246.873 10.0 521380
2012 04 17 03 50 12 122.6374 288.4359 29.7 521513
2012 05 01 22 43 33 75.5456 266.9573 28.7 553200
2012 05 14 10 00 36 107.7968 290.2074 108.7 521959
2012 05 24 22 47 44 16.9721 5.5053 8.2 553179
2012 05 28 05 07 18 118.021 296.8866 591.1 553201
2012 06 02 07 52 53 112.1017 296.3426 539.4 553202
2012 06 04 00 45 13 84.7056 277.3678 15.0 522270
2012 06 04 03 15 22 84.5497 277.4369 9.5 522271
2012 06 07 04 05 03 126.0516 289.1453 5.8 553203
2012 06 07 16 03 15 105.9117 287.5277 106.7 522329
2012 06 24 03 15 01 32.4988 163.415 16.0 522562
2012 06 29 21 07 29 46.5665 84.6125 17.1 522641
2012 07 26 05 33 31 107.5507 66.2905 16.2000009766 523026
2012 08 02 09 38 31 98.454 285.7274 148.8 523107
2012 08 11 12 23 15 51.5977 46.838 8.7 523253
2012 08 11 12 34 32 51.6202 46.7958 18.9 523255
2012 08 12 10 47 03 54.3474 82.5417 14.0 523270
2012 08 30 13 43 22 18.5536 348.9659 11.1 553181
2012 09 05 14 42 05 79.9758 274.6116 20.7 523691
2012 09 25 23 45 24 65.2258 249.816 8.10000048828 524027
2012 09 30 16 31 27 88.0921 283.6284 155.2 524079
2012 10 24 00 45 32 79.9255 274.6284 22.3 553205
2012 10 28 03 04 03 37.3223 227.828 7.4 524471
2012 10 28 18 54 20 37.4616 227.341 5.1 524515
2012 10 30 02 48 59 37.855 227.889 9.5 524556
2012 11 07 16 35 44 75.9682 267.9331 38.7 553206
2012 11 08 02 01 49 40.8739 231.459 11.0 553207
2012 11 10 14 57 49 98.9367 284.9116 128.600007812 524739
2012 11 12 20 42 16 32.443 217.14 19.0 524794
2012 11 14 19 02 03 119.1789 288.6137 61.5 553208
2012 11 15 09 20 15 71.8005 259.475 57.9 524840
2013 01 05 08 58 17 34.7653 225.199 3.1 525642
2013 01 28 16 38 53 47.4176 79.7217 14.3 525963
2013 01 30 20 15 43 118.1096 289.1117 46.1 553210
2013 02 09 14 16 04 88.9655 282.538 144.2 526478
2013 02 14 13 13 52 22.4827 142.702 8.9 526587
2013 02 22 12 01 57 117.9052 296.8651 585.6 526749
2013 03 25 23 02 11 75.4095 269.5228 193.7 527186
2013 04 09 11 52 48 61.5537 51.629 12.8 527405
2013 04 16 10 44 17 62.0296 62.136 63.1 527535
2013 04 20 00 02 45 59.7312 103.02 18.0 553182
2013 04 22 01 16 26 71.9588 257.802 31.5 527690
2013 05 11 02 08 09 63.3417 57.8438 15.1 527912
2013 05 24 05 44 44 35.185 153.391 607.0 528250
2013 06 15 17 34 26 78.2582 272.9543 41.4 528559
2013 06 24 22 04 06 79.3095 317.3313 17.5 528673
2013 07 17 02 37 43 105.6661 288.2542 13.0 528946
2013 07 21 23 45 55 55.4953 104.261 5.1 529026
2013 07 22 07 01 42 136.0946 34.8615 3.2 529033
2013 07 26 21 32 57 148.0352 335.72 17.0 553184
2013 08 12 09 49 30 95.4117 278.021 12.8 529326
2013 08 13 15 43 12 84.282 281.8749 18.6 529340
2013 08 17 16 32 26 124.8867 54.1278 10.9 529414
2013 08 21 12 38 22 73.1428 260.4812 18.9 529460
2013 09 03 20 19 03 38.9021 229.577 2.5 554339
2013 09 04 00 23 06 38.8289 229.733 10.0 529664
2013 09 05 04 01 29 74.7482 314.7861 10.4 529693
2013 09 07 00 13 29 75.3322 267.9089 74.1 553552
2013 09 24 11 29 47 63.0891 65.5315 15.5 529974
2013 09 25 16 42 38 105.9001 285.3988 38.2 530007
2013 09 28 07 34 05 62.8383 65.6192 18.7 530039
2013 10 01 03 38 15 36.8632 152.896 578.4 553321
2013 10 12 02 10 22 79.1642 297.6975 82.1 530232
2013 10 31 23 03 54 120.3139 288.4981 19.8 530584
2013 11 12 07 03 50 35.3231 162.143 60.5 553328
2014 01 13 04 00 57 71.0078 293.1315 30.9 531704
