2014 01 26 13 55 43 51.809 20.507 13.8 531898
2014 02 03 22 36 40 97.243 128.224 24.4 532046
2014 02 10 18 06 20 98.228 124.582 33.1 532162
2014 02 17 05 56 00 71.518 120.455 28.6 532237
2014 03 02 20 11 22 62.577 127.327 118.9 532425
2014 03 13 17 06 51 56.378 131.807 83.4 532589
2014 03 14 20 32 09 143.559 25.342 10 532614
2014 03 15 09 37 28 94.004 100.373 25.1 553514
2014 03 19 12 19 26 66.014 122.321 24.2 532714
2014 03 19 20 17 44 150.737 334.462 19 532725
2014 03 21 14 11 15 82.439 94.256 17.7 532748
2014 03 21 14 25 10 82.537 94.212 16.6 532752
2014 04 15 03 57 01 143.609 8.709 10 533357
2014 04 17 04 38 18 85.487 122.993 578.9 533396
2014 04 21 20 45 24 72.649 120.029 30.2 533565
2014 05 05 11 08 45 70.385 99.703 15.2 533793
2014 05 10 02 42 11 98.166 117.534 232.8 533865
2014 05 15 10 16 44 80.651 122.035 30.1 533960
2014 05 17 21 28 19 146.265 332.45 112 533996
2014 05 21 00 21 13 66.279 121.468 18.4 534038
2014 05 22 08 37 58 145.424 331.567 22.1 534058
2014 05 24 09 25 03 49.724 25.369 8.2 534090
2014 05 30 01 20 15 65.011 97.898 10.1 534177
2014 06 01 10 07 13 88.019 89.767 23.6 534244
2014 06 29 14 32 49 145.418 331.776 11.9 534744
2014 06 30 01 46 23 89.961 342.676 14.3 553516
2014 07 09 17 58 15 151.946 165.021 37 534916
2014 07 12 17 49 17 145.416 332.03 6 534955
2014 07 14 05 05 03 98.818 111.252 52.5 534983
2014 07 14 05 05 07 99.09 111.31 60.8 553519
2014 07 14 07 59 57 84.286 126.477 20 534985
2014 07 14 08 00 02 84.28 126.51 50 534985
2014 07 19 14 14 02 78.291 57.957 10 535067
2014 07 30 01 32 10 63.62 53.516 12.5 535215
2014 08 02 14 02 18 145.568 331.55 10 535255
2014 08 03 08 30 14 62.783 103.458 28 535273
2014 08 06 11 45 22 97.274 128.036 10 535321
2014 08 06 11 45 28 97.13 127.92 19.5 553521
2014 10 20 07 58 53 152.001 161.283 10 553641
2014 11 07 03 33 55 96.027 148.263 53.4 553643
2014 11 26 14 49 51 88.094 126.481 40.1 537247
2014 12 06 22 05 10 96.11 130.482 116 537420
2014 12 21 00 25 20 78.549 125.939 12 537650
2014 12 21 11 34 14 87.949 126.544 71 537660
2014 12 21 13 40 41 87.945 126.576 48.5 537664
2014 12 31 01 37 33 94.437 144.002 123 537800
2015 01 12 20 25 14 95.61 133.85 24.9 538006
2015 02 02 15 13 41 76.12 124.565 28.2 538335
2015 02 19 10 24 04 143.304 159.721 10 538574
2015 03 01 03 32 36 89.969 124.412 89.9 538750
2015 03 29 07 50 54 88.307 126.49 45.5 539175
2015 04 01 09 35 58 96.944 132.52 29.3 539238
2015 06 15 21 04 25 85.839 125.88 152.8 540612
2015 07 03 03 16 35 78.666 94.951 17.1 540858
2015 07 27 21 41 20 92.713 138.542 47.8 541240
2015 08 17 16 16 59 76.261 51.735 11.4 541585
2015 09 03 13 24 00 87.94 126.68 53 541822
2015 09 03 13 24 00 87.945 126.681 53 541822
2015 09 24 15 53 27 90.62 131.26 18 542369
2015 09 24 15 53 27 90.621 131.262 18 542369
2015 10 23 00 27 39 60.36 70.33 11 542819
2015 11 21 09 06 13 97.148 129.937 82 543344
2016 01 14 12 15 29 143.26 159.752 10 553956
2016 01 14 13 14 49 80.314 126.309 35 544200
2016 01 31 17 39 00 153.286 169.152 10 544446
2016 02 15 19 28 04 139.046 164.482 10 553970
2016 02 27 21 29 43 141.789 139.595 10 544852
2016 02 28 09 06 25 84.725 125.332 175.44 544862
2016 03 16 13 09 52 85.275 125.148 10 545092
2016 04 06 20 35 14 96.029 130.429 118 545419
2016 04 14 23 15 07 97.459 128.123 136.78 545581
2016 04 27 15 17 14 65.77 121.8 13 545878
2016 05 12 04 29 55 65.317 122.053 9 546112
2016 06 19 18 20 50 69.828 121.378 16 546731
2016 09 23 22 53 10 83.429 126.491 65 548437
2016 09 24 11 04 29 91.953 140.597 8 548458
2016 10 09 14 46 26 88.217 127.43 128 548675
2016 10 17 06 14 58 96.052 148.861 35 553971
2016 11 17 16 56 44 96.276 130.485 109.84 549265
2017 03 01 06 59 40 96.325 130.028 130.99 553566
2017 03 05 00 08 17 80.17 125.496 10.2 553567
2017 03 25 14 57 26 93.047 136.863 27.09 553972
2017 04 08 07 07 56 76.3 120.93 11.95 553569
2017 04 09 00 14 30 142.176 139.664 10 553973
2017 04 10 10 38 48 84.311 127.197 13 553466
2017 05 09 01 54 14 65.551 126.318 10 553574
2017 05 24 09 10 14 92.789 122.118 10 553322
2017 06 02 23 48 17 94.739 145.136 193.51 553974
2017 07 26 10 32 57 63.103 130.183 12 553413
2017 11 07 21 26 38 94.243 143.484 110.57 553647
2017 11 29 23 53 50 96.736 129.781 157 553432
2017 11 30 06 32 50 91.08 336.568 10 553228
2017 12 01 02 49 59 96.113 147.628 39.53 553975
2017 12 08 00 22 54 79.884 140.219 12.79 553650
2017 12 13 18 03 42 144.217 2.168 10 553232
2018 01 18 17 48 39 96.39 132.813 26.95 553605
2018 02 25 17 44 44 96.052 142.77 24.43 553659
2018 02 26 13 34 53 92.762 126.727 9.91 553443
2018 03 02 02 20 12 96.135 130.278 135 553444
2018 04 17 02 52 35 93.513 131.299 10 553672
2018 07 03 09 59 54 84.116 125.231 99.55 553678
2018 09 08 07 16 49 82.764 126.478 10 553686
2018 10 10 02 02 59 96.149 147.456 36.19 553976
2018 10 20 09 47 52 96.515 128.271 358.83 553977
2018 10 29 20 17 22 147.549 293.696 10 553363
2018 12 03 14 00 07 97.361 128.747 131 553706
2018 12 28 03 03 33 91.452 134.085 41 553708
2018 12 29 03 39 09 84.102 126.92 60.21 553709
2014 08 10 13 33 19 84.1 127.08 75 535365
2014 08 13 10 07 28 89.163 333.314 10 535416
2014 08 20 10 14 16 57.407 47.772 14.1 535528
2014 08 29 03 45 04 53.221 23.761 87 535667
2014 08 30 15 29 50 46.269 331.457 10 535688
2014 09 07 07 08 01 25.455 342.727 10 535828
2014 09 10 02 46 08 90.224 125.026 39.9 535864
2014 09 10 05 16 54 90.195 125.102 40.5 535866
2014 09 21 10 51 47 25.475 342.627 2.6 536050
2014 09 22 16 01 42 146.037 332.171 116.8 553523
2014 09 25 02 31 57 62.72 65.777 51.1 536108
2014 09 26 04 21 24 77.485 95.167 20.7 536125
2014 09 29 13 43 02 25.538 342.519 10 536164
2014 09 30 16 45 57 88.462 67.688 13.1 536178
2014 10 03 08 05 44 78.626 122.147 18.3 536232
2014 10 07 10 22 32 25.508 342.632 10 536313
2014 10 07 13 49 41 66.657 100.5 12.8 536316
2014 10 08 03 04 07 59.702 318.087 2.8 536324
2014 10 15 13 35 54 57.455 47.856 8.1 536479
2014 10 22 00 15 17 62.539 128.535 46.5 536604
2014 10 30 12 11 36 96.962 117.515 549.2 536742
2014 11 03 08 23 55 85.35 327.247 10 536810
2014 11 03 08 48 29 131.824 80.043 7.4 553474
2014 11 15 02 31 42 88.166 126.462 47.8 536993
2014 11 15 02 34 59 88.35 126.252 47 536994
2014 11 15 03 08 05 90.194 123.978 99.9 536996
2014 11 15 09 47 59 88.18 126.513 45.3 537011
2014 11 17 16 52 47 136.407 33.701 12.2 537073
2014 11 18 03 25 41 82.542 94.263 24.5 537085
2014 11 18 04 47 19 88.121 126.394 48.8 537086
2014 11 20 18 14 37 66.471 93.521 48.9 537144
2014 11 21 03 29 13 69.394 120.139 19.1 537150
2014 11 21 10 10 20 87.73 127.03 45.2 537155
2014 11 22 08 55 26 59.686 101.803 2 537173
2014 11 22 19 14 17 44.144 27.151 35 537182
2014 11 25 15 19 08 59.832 101.782 6.3 537226
2014 11 26 14 33 45 88.036 126.465 47.7 537244
2014 11 29 13 05 07 84.198 61.275 2.4 537303
2014 12 01 22 47 27 88.44 67.713 14 537343
2014 12 02 05 11 31 83.843 123.126 614 537349
2014 12 03 00 27 04 92.932 122.423 10 537361
2014 12 03 00 27 06 92.79 122.336 34 537361
2014 12 05 18 43 46 66.664 100.473 11 537404
2014 12 06 10 20 01 66.643 100.533 10 537416
2014 12 09 03 09 22 88.463 126.232 40.7 537469
2014 12 10 21 03 39 64.46 122.45 256 537491
2014 12 11 13 53 29 146.751 334.576 10 537501
2014 12 17 06 10 05 93.829 100.143 10 537589
2014 12 19 14 41 44 83.124 94.624 37 537626
2014 12 19 19 49 30 73.805 298.191 118.1 537630
2014 12 29 09 29 37 81.366 121.521 8 537767
2014 12 31 09 26 25 76.233 120.715 134.5 537808
2015 01 02 08 21 56 83.502 60.437 10 537841
2015 01 10 02 05 46 95.694 68.373 14.6 537956
2015 01 10 19 32 02 75.256 120.162 78.4 537969
2015 01 19 17 19 47 85.373 119.775 21.3 538110
2015 01 27 00 53 21 88.711 97.253 27.9 538217
2015 02 01 20 02 21 139.372 351.78 10 538317
2015 02 13 18 48 17 37.36 328.036 12.1 538474
2015 02 13 18 59 13 37.491 327.98 16.9 553526
2015 02 13 20 06 32 67.39 121.444 30.5 538481
2015 02 25 01 31 44 83.951 119.888 27.5 538671
2015 03 03 10 37 31 90.719 98.754 33.5 538783
2015 03 06 08 22 20 131.316 80.614 13.1 538824
2015 03 17 22 12 30 88.329 126.433 55.7 538997
2015 03 23 10 13 51 66.287 121.715 40.4 539089
2015 03 28 22 28 51 89.627 121.999 128.8 539169
2015 04 10 16 23 05 103.823 65.834 18.3 539378
2015 04 15 07 39 27 50.266 106.388 8.2 539442
2015 04 16 18 07 43 54.805 26.837 22.6 553528
2015 04 17 02 05 41 54.886 26.741 17.9 553529
2015 04 20 01 42 58 65.943 122.431 28.1 539507
2015 04 20 09 05 33 95.604 102.586 21.8 539512
2015 04 20 11 45 13 65.937 122.487 30.6 553391
2015 04 20 12 00 00 66.019 122.52 31.4 539515
2015 04 30 10 19 09 150.38 333.017 19 553530
2015 05 18 04 02 45 131.532 80.247 10.2 540118
2015 05 24 21 06 42 149.622 333.718 49.7 540249
2015 05 26 23 27 00 148.681 334.903 51.3 540283
2015 05 26 23 41 38 148.799 334.759 18 540284
2015 05 26 23 51 29 148.686 334.831 28 540285
2015 06 04 23 15 45 83.957 116.665 18.1 540435
2015 06 05 14 54 00 127.204 78.045 9 553532
2015 06 15 17 40 58 99.528 125.071 34.7 540610
2015 06 20 05 32 08 149.638 333.456 53.6 540664
2015 06 29 22 07 47 53.361 71.382 188.3 540800
2015 07 03 06 43 22 79.862 125.977 50.8 540861
2015 07 23 03 56 52 90.723 338.869 10 541143
2015 07 24 21 44 42 98.12 109.007 88.6 541173
2015 07 26 07 05 09 99.185 112.689 71.6 541189
2015 08 13 10 39 54 127.022 77.953 15.4 553251
2015 08 13 11 28 16 126.942 78.312 15 541508
2015 08 14 18 03 03 68.986 314.177 15.5 553533
2015 08 26 13 51 37 147.545 334.159 47.3 553534
2015 09 02 01 18 29 85.59 124.63 296 541803
2015 09 02 01 18 29 85.587 124.631 296 541803
2015 09 16 07 40 58 88.12 126.43 41.5 542074
2015 09 16 07 40 58 88.116 126.428 41.55 542074
2015 09 18 15 59 42 74.724 314.012 10 553253
2015 09 30 16 06 52 146.194 332.285 101 542483
2015 10 10 08 56 05 150.716 339.151 10 542617
2015 10 17 11 33 08 115.467 295.517 17 542725
2015 10 19 13 50 41 76.135 120.617 106 542763
2015 10 23 00 27 39 60.363 70.326 11 542819
2015 10 23 01 40 06 144.225 6.165 11 542822
2015 10 23 04 04 18 135.81 37.17 10 542824
2015 10 23 04 04 18 135.814 37.171 10 542824
2015 11 01 15 16 17 113.246 291.584 111 542949
2015 11 01 21 09 40 67.246 121.656 7 542951
2015 11 04 03 44 15 98.338 124.875 20 542989
2015 11 08 10 42 01 83.122 94.545 8 543069
2015 11 09 08 12 46 83.593 94.801 10 543126
2015 11 11 23 36 19 97.249 128.93 126 543187
2015 11 17 17 29 36 49.624 73.203 18 543281
2015 11 24 20 45 02 90.098 342.166 10 543403
2015 11 25 18 57 41 88.57 126.29 33.16 543426
2015 11 30 20 19 05 98.791 67.696 10 543510
2015 12 09 10 21 48 94.106 129.507 21 543671
2015 12 19 15 03 36 98.368 107.022 27 543834
2015 12 20 18 47 36 86.355 117.635 14 543851
2015 12 23 16 55 09 144.175 358.506 10 553536
2015 12 24 23 10 58 97.218 128.977 119 553537
2015 12 28 06 55 29 75.343 298.655 150 543948
2016 01 02 04 22 19 45.194 129.94 585.47 544001
2016 01 11 16 38 05 86.104 126.856 13 544153
2016 01 12 20 04 59 53.408 70.948 239 544170
2016 01 20 17 13 13 52.325 101.65 9 544283
2016 01 22 20 51 47 61.684 55.309 26.81 544311
2016 01 25 04 22 02 54.351 356.319 12 544342
2016 01 27 15 11 17 88.969 331.858 10 553554
2016 02 02 14 19 23 64.424 123.449 196 544472
2016 02 05 19 57 27 67.062 120.592 23 544520
2016 02 12 10 02 24 99.633 119.401 28 544610
2016 02 17 17 26 02 89.155 129.072 10 544694
2016 02 21 09 12 08 53.525 70.86 176.74 544774
2016 03 03 00 10 50 94.794 94.41 10 544911
2016 03 14 07 03 17 60.112 128.956 210.5 553556
2016 03 14 23 25 39 142.613 18.798 10 545071
2016 03 19 11 26 33 72.004 299.299 26 545137
2016 03 21 14 48 51 62.233 66.096 10 545167
2016 03 26 03 24 24 92.65 68.025 10 553393
2016 03 28 19 07 08 146.253 332.36 29.71 545257
2016 03 29 09 18 11 87.613 126.101 55 545266
2016 04 06 14 45 29 98.203 107.385 29 553259
2016 04 13 18 21 52 82.209 122.023 17 545542
2016 04 14 15 03 47 57.303 130.72 8 545563
2016 04 15 16 25 06 57.21 130.754 10 545597
2016 04 24 08 37 59 149.307 332.973 10 545811
2016 05 12 03 17 15 65.305 121.983 8 553559
2016 05 13 07 01 10 59.341 66.387 10 546131
2016 05 20 18 14 04 115.565 129.884 10 546256
2016 05 27 03 44 29 63.008 130.137 10 546332
2016 05 31 05 23 47 64.439 122.545 246.4 546411
2016 06 05 16 25 33 94.587 125.626 429.62 546499
2016 06 07 19 15 15 88.722 126.371 31 546534
2016 06 10 09 26 53 97.458 346.4 10 546574
2016 06 13 04 21 43 62.99 130.199 10 553644
2016 06 18 17 29 46 114.146 292.848 186 546698
2016 06 21 16 26 34 67.342 314.86 10 546768
2016 06 28 21 38 04 50.526 73.341 13.59 546911
2016 07 15 18 02 49 54.792 324.776 16.01 553757
2016 07 23 07 41 44 96.759 101.217 9 547294
2016 07 24 14 10 51 89.085 331.03 10 547319
2016 07 31 23 40 01 98.194 117.814 21 547453
2016 08 02 07 32 29 148.724 334.393 35.04 547486
2016 08 19 17 33 40 145.208 327.927 4.34 547799
2016 08 19 20 37 16 145.203 327.88 13.89 547802
2016 08 23 19 39 44 97.28 122.425 532.4 547880
2016 08 24 02 33 29 47.167 13.131 4.95 547891
2016 08 24 13 48 44 92.956 100.054 17.15 547908
2016 09 01 20 04 17 89.447 98.614 35 548047
2016 09 02 01 57 50 145.329 329.083 8 548053
2016 09 16 18 38 05 119.155 60.915 10 548297
2016 09 17 02 30 56 94.434 102.753 59.05 548305
2016 09 22 16 07 27 149.472 332.512 8 548392
2016 09 26 05 19 58 62.536 128.578 38 548495
2016 10 06 15 51 59 67.373 121.434 14 548643
2016 10 15 20 14 49 50.194 20.646 22 548748
2016 10 17 07 14 49 57.094 94.879 23.32 548781
2016 10 20 00 09 26 76.689 315.123 10 548807
2016 10 26 17 10 37 47.143 13.022 10 548898
2016 10 27 08 17 49 88.672 125.793 56.14 548910
2016 11 07 21 31 28 98.108 104.839 33 549070
2016 11 16 15 10 10 99.027 113.245 85 553538
2016 12 05 01 13 04 97.315 123.38 526 549587
2016 12 08 05 15 04 46.185 86.303 13.7 549623
2016 12 19 20 44 40 79.841 125.822 59.87 549947
2016 12 20 10 04 39 52.843 84.967 10 553561
2016 12 21 00 17 14 97.508 127.92 152 549985
2016 12 27 23 20 56 44.281 26.523 97 550109
2017 01 03 09 09 02 65.984 92.006 36.15 553562
2017 01 09 11 28 36 91.705 100.366 42.35 553563
2017 01 10 06 13 47 85.537 122.575 612.71 553394
2017 01 13 16 39 25 89.969 125.066 46.01 553395
2017 01 16 12 42 10 86.696 98.476 6 553484
2017 01 18 10 25 25 47.416 13.197 10 553396
2017 02 10 14 03 43 80.093 125.451 15 553397
2017 03 02 11 07 27 52.421 38.44 10 553485
2017 03 07 15 45 39 96.261 102.187 10 553486
2017 03 14 02 51 16 83.871 92.316 10 553214
2017 03 14 05 55 21 89.324 121.155 79.23 553398
2017 03 16 18 39 26 101.539 114.573 10 553399
2017 03 31 11 21 00 89.666 120.622 93.04 553401
2017 03 31 17 25 23 37.326 327.682 10 553402
2017 04 04 13 53 18 145.616 329.999 19.22 553464
2017 04 10 00 43 54 76.99 125.375 10 553465
2017 04 11 14 42 16 84.294 127.094 12 553467
2017 04 16 09 44 05 97.348 83.161 10 553468
2017 04 28 20 23 17 84.496 125.071 26 553403
2017 04 29 10 02 12 99.685 111.859 10 553490
2017 04 29 12 32 33 59.194 131.419 27 553573
2017 05 02 15 10 22 101.728 346.081 10 553491
2017 05 03 04 47 13 50.501 71.451 10 553217
2017 05 06 00 16 09 150.829 321.945 10 553469
2017 05 11 01 09 43 146.397 334.217 10 553767
2017 05 11 15 41 13 146.564 334.135 21.84 553768
2017 05 13 18 01 00 52.228 57.195 16.37 553404
2017 05 20 01 06 14 80.616 123.958 533 553405
2017 05 29 14 35 21 91.287 120.433 12 553406
2017 06 11 23 15 06 98.307 106.268 7 553407
2017 06 30 01 34 58 56.252 321.453 10 553408
2017 07 06 08 03 57 78.889 124.619 6.96 553409
2017 07 09 05 57 01 146.069 332.481 54.06 553783
2017 07 15 12 12 21 89.588 121.991 113 553411
2017 07 19 12 16 23 107.415 66.483 10 553218
2017 07 23 07 55 55 89.707 120.2 55.8 553412
2017 07 27 17 53 24 76.604 310.675 10 553273
2017 08 08 13 19 49 56.808 103.855 9 553414
2017 08 08 23 27 53 45.699 82.826 20 553274
2017 08 11 05 28 25 76.002 120.678 172 553415
2017 08 13 03 08 10 93.768 101.622 31 553219
2017 08 16 12 51 25 61.327 127.9 198 553582
2017 08 18 02 59 21 91.09 346.337 10 553275
2017 08 18 21 00 49 96.257 128.049 13.7 553583
2017 08 31 17 06 55 91.159 99.688 43.14 553417
2017 09 01 11 07 37 32.952 325.974 10 553418
2017 09 03 03 30 01 48.666 129.03 0 553419
2017 09 10 21 40 21 32.873 326.324 10 553420
2017 09 15 18 48 02 145.443 331.639 9 553421
2017 09 20 23 59 24 96.111 113.024 588 553422
2017 10 03 20 39 04 76.542 310.668 10 553423
2017 10 06 02 03 48 89.045 334.492 10 553801
2017 10 10 18 53 27 144.258 8.605 9 553226
2017 10 11 00 08 26 144.258 8.336 10 553802
2017 10 19 09 02 01 61.68 131.201 10 553645
2017 10 23 08 32 32 142.343 16.781 10 553424
2017 10 24 10 47 47 97.236 123.04 549.19 553425
2017 10 28 16 13 54 3.11 54.495 10 553426
2017 10 28 16 16 06 3.108 52.849 10 553427
2017 10 28 19 11 02 3.078 55.2 10 553428
2017 10 30 22 37 18 98.601 118.984 110.17 553429
2017 11 15 02 02 25 149.031 342.9 10 553430
2017 11 17 22 34 19 60.168 94.977 8 553212
2017 11 23 18 02 35 62.862 130.358 11 553598
2017 11 28 13 15 45 17.401 3.274 10 553431
2018 01 11 06 59 30 56.287 45.723 10 553434
2018 01 11 18 26 24 71.638 96.077 9 553234
2018 01 23 23 09 09 95.777 347.457 10 553435
2018 01 28 16 03 03 143.062 9.684 10 553221
2018 01 31 07 07 00 53.457 70.815 191.19 553238
2018 02 02 00 20 42 90.247 125.182 38 553437
2018 02 04 13 56 41 65.843 121.707 12 553438
2018 02 06 15 50 43 65.865 121.658 17 553439
2018 02 07 15 21 31 65.927 121.738 15 553658
2018 02 08 02 29 14 10.193 2.03 10 553440
2018 02 13 02 39 53 77.636 93.131 69.37 553441
2018 02 15 08 27 22 90.068 342.159 10 553442
2018 03 17 05 50 09 137.664 346.499 10 553446
2018 03 23 07 40 29 77.348 315.431 10 553447
2018 03 25 08 58 11 97.309 128.502 149.36 553448
2018 03 25 20 14 47 96.624 129.813 169 553449
2018 03 29 22 54 12 51.277 69.978 5 553450
2018 04 15 19 30 43 88.592 126.875 34 553671
2018 04 19 06 34 46 61.669 51.612 10 553453
2018 04 19 21 09 17 132.779 42.187 10 553222
2018 04 29 22 23 05 129.264 46.119 10 553455
2018 05 05 06 19 05 75.43 123.919 18 553456
2018 05 10 18 02 28 83.131 123.762 535 553457
2018 05 14 18 14 47 145.915 332.944 10 553458
2018 06 06 18 51 34 148.356 334.239 31 553461
2018 06 25 05 14 48 53.222 21.407 30.35 553736
2018 07 23 10 36 00 90.349 340.766 10 553326
2018 08 03 18 50 53 90.914 338.022 10 553838
2018 08 05 12 49 55 98.358 116.14 31.26 553621
2018 08 07 13 57 09 15.355 8.454 10 553839
2018 08 09 05 25 31 98.315 116.232 10 553354
2018 08 09 16 53 39 123.351 2.483 10 553840
2018 08 19 15 16 35 98.351 116.556 10 553357
2018 08 19 15 28 58 98.391 116.556 10 553328
2018 08 22 13 27 48 79.341 297.072 108 553846
2018 08 22 20 26 29 142.733 27.9 10 553847
2018 08 24 10 49 27 79.428 91.72 10 553329
2018 08 25 18 33 15 98.424 116.929 9.21 553683
2018 08 25 22 13 25 55.389 46.242 10 553246
2018 08 27 20 09 21 151.794 301.952 49 553330
2018 08 28 07 08 11 100.885 124.118 14 553684
2018 08 31 14 40 27 76.443 120.842 116.3 553626
2018 09 01 06 13 45 118.979 74.558 10 553848
2018 09 03 20 35 50 148.016 334.75 28.49 553849
2018 09 07 06 23 38 61.677 59.32 10 553331
2018 09 08 02 31 30 66.668 101.577 8 553854
2018 09 18 07 27 41 127.811 49.782 10 553224
2018 09 27 10 25 47 148.194 350.418 10 553856
2018 09 28 06 21 54 116.492 67.589 10 553857
2018 09 28 06 59 59 90.399 119.77 5.19 553690
2018 09 28 07 06 39 116.518 67.622 10 553858
2018 09 28 10 02 43 90.178 119.84 10 553359
2018 09 28 10 25 04 91.062 119.96 10 553692
2018 09 28 13 35 30 89.942 119.682 10 553694
2018 10 01 23 59 42 100.557 120.241 29 553978
2018 10 02 00 16 45 100.471 120.145 26 553695
2018 10 05 14 59 44 95.691 348.475 10 553859
2018 10 07 00 10 04 82.34 322.292 10 553332
2018 10 21 01 40 37 119.535 60.752 10 553862
2018 10 23 04 34 58 65.91 122.615 34.19 553700
2018 10 23 16 04 04 66.009 122.679 31 553979
2018 10 30 02 59 58 52.469 20.44 10 553742
2018 10 30 15 12 00 52.488 20.507 11 553743
2018 11 04 07 55 28 82.249 123.864 581 553701
2018 11 09 01 49 40 18.374 348.75 10 553868
2018 11 09 07 39 16 132.596 343.844 10 553333
2018 11 11 14 03 59 74.435 310.129 10 553248
2018 11 14 23 01 21 92.904 119.388 13.07 553702
2018 11 15 16 49 41 146.826 334.348 10 553870
2018 11 17 13 17 59 74.461 310.093 10 553871
2018 11 20 19 09 48 59.58 130.066 123 553704
2018 11 25 23 57 25 66.586 118.578 12.41 553705
2018 11 27 19 34 45 74.422 310.157 10 553875
2018 12 01 13 27 21 97.384 128.706 136 553336
2018 12 06 01 02 46 98.391 116.006 12 553337
2018 12 16 14 26 19 113.322 112.497 10 553369
2018 12 23 19 32 22 59.593 87.62 10 553338
2019 01 06 13 41 59 55.875 45.673 14 553339
2019 01 06 17 27 20 87.785 126.74 60 553340
2019 01 15 20 03 20 84.147 126.907 61.14 553710
2019 01 21 23 59 22 100.311 119.147 16.77 553341
2019 01 22 05 10 03 100.466 119.03 27.01 553373
2019 01 22 19 01 43 133.115 42.324 13 553543
2019 01 23 11 39 01 100.306 118.928 15.29 553374
2014 01 04 00 11 50 110.674 289.358 25.6 531587
2014 01 08 04 22 11 110.76 289.38 28.3 531640
2014 01 23 00 52 15 97.134 120.294 590 531840
2014 01 25 05 14 20 98.044 109.222 87.8 553512
2014 01 29 10 01 50 108.553 290.576 116.7 531956
2014 02 01 03 58 45 146.933 332.655 142.9 531990
2014 02 03 03 08 46 51.745 20.436 14.5 532035
2014 02 10 12 06 46 49.732 48.761 62.9 532158
2014 02 12 09 19 48 54.124 82.58 4.1 532175
2014 02 18 09 27 14 75.404 301.029 28.3 532249
2014 03 04 10 51 14 123.617 288.013 17 532448
2014 03 11 02 44 06 150.843 339.882 10 553513
2014 03 15 23 51 32 95.671 279.065 26.5 532639
2014 03 16 21 16 28 109.905 289.385 9.4 532652
2014 03 17 05 11 33 110.06 289.172 5.3 553377
2014 03 17 13 24 49 143.199 327.552 10 532687
2014 03 18 21 26 46 109.957 289.217 7.5 532706
2014 03 21 13 41 09 82.32 94.225 19.3 532745
2014 03 23 18 20 01 109.703 289.219 13.9 532817
2014 04 01 23 46 47 109.619 289.213 17.1 532955
2014 04 02 04 46 19 110.081 289.274 16.1 553375
2014 04 03 02 43 14 110.588 289.51 12 533012
2014 04 03 05 26 13 110.749 289.46 13 533026
2014 04 03 05 51 43 110.74 289.589 21.3 533029
2014 04 04 01 37 51 110.607 289.467 19.3 533056
2014 04 04 20 08 06 52.747 23.773 111.1 533070
2014 04 05 02 22 39 122.712 288.611 40.1 533079
2014 04 07 13 43 21 110.122 289.151 10.6 533121
2014 04 08 10 14 31 110.546 289.136 4.8 533134
2014 04 11 00 01 43 110.695 289.339 10.4 533175
2014 04 17 15 06 50 152.875 156.026 10 553962
2014 04 18 07 46 57 117.733 297.189 610.4 533424
2014 05 16 11 01 43 72.982 299.606 25.2 553473
2014 05 17 12 13 28 144.39 213.358 8.6 533991
2014 05 18 01 02 31 85.76 92.737 32.9 533999
2014 05 28 21 15 05 71.887 291.642 99.7 534157
2014 06 03 04 39 57 145.038 230.443 10 553980
2014 06 14 11 11 03 100.113 91.038 23.1 553515
2014 06 29 07 52 56 145.475 331.605 15.1 534719
2014 07 09 17 58 11 152.114 164.919 10 553954
2014 07 31 13 40 59 77.612 95.192 12 535232
2014 08 18 02 32 04 57.289 47.638 10 535475
2014 08 18 05 25 52 57.248 47.739 14.1 535482
2014 08 18 18 08 22 57.418 47.703 5 535494
2014 08 23 04 45 32 110.08 291.07 102 553522
2014 08 23 22 32 23 122.695 288.559 32 535593
2014 08 24 23 21 41 104.52 286.465 70 535618
2014 08 24 23 21 43 104.589 286.55 74.4 535618
2014 09 24 11 16 13 113.784 293.412 204.5 536099
2014 10 21 23 01 18 153.462 170.011 10 553642
2014 11 07 00 20 48 85.164 95.058 51.5 536849
2014 12 22 07 19 41 144.105 213.906 14 553955
2014 12 29 17 41 50 146.85 334.712 33 553524
2015 02 02 10 49 48 122.648 292.85 172.7 538333
2015 02 08 15 09 08 92.491 119.447 29.5 538406
2015 02 11 18 57 20 113.065 293.338 203.6 553525
2015 02 16 22 00 54 145.518 331.771 18.1 538527
2015 02 27 13 45 05 97.358 122.49 559.1 538719
2015 03 23 04 51 37 108.354 290.812 127.1 539087
2015 03 28 16 36 53 112.178 291.466 107.8 539160
2015 03 30 10 34 53 129.471 78.072 10 539202
2015 04 25 06 11 26 61.87 84.716 13.4 539594
2015 04 25 06 45 21 61.84 84.843 14.7 539604
2015 04 25 09 17 02 61.652 87.287 9.3 539632
2015 04 26 07 09 09 62.264 85.978 13.4 539668
2015 05 08 03 12 20 88.477 97.839 45.5 539912
2015 05 12 07 05 18 62.199 86.126 12.3 539984
2015 05 12 07 36 53 62.476 86.141 13.8 539990
2015 05 15 20 26 55 92.566 102.223 158.5 540083
2015 05 19 15 25 23 144.385 227.735 17.8 540150
2015 05 24 04 53 23 106.814 345.739 11.7 540236
2015 06 10 13 52 08 112.409 291.549 121.8 540537
2015 06 17 12 51 35 125.37 342.191 27.1 540638
2015 06 20 02 10 07 126.334 286.333 17.4 540661
2015 07 03 01 07 46 52.53 78.12 19 540849
2015 07 16 15 16 32 76.2 301.43 19.4 541050
2015 08 10 10 05 25 53.516 71.253 226 541466
2015 09 16 22 54 32 121.572 288.326 22.44 542090
2015 09 16 23 18 41 121.562 288.574 28.41 542096
2015 09 16 23 38 01 121.784 287.978 12.46 542103
2015 09 17 04 10 27 121.52 288.19 23 542145
2015 09 17 04 10 27 121.517 288.196 23 542145
2015 09 19 05 06 47 119.641 287.923 6 553254
2015 09 19 09 07 09 121.1 288.41 28 553476
2015 09 19 09 07 09 121.099 288.41 28 553476
2015 09 19 12 52 20 122.33 287.93 18 553255
2015 09 19 12 52 20 122.333 287.938 18 553255
2015 09 21 17 40 00 121.727 288.621 35 542307
2015 09 22 07 13 00 121.44 288.74 58 542332
2015 09 22 07 13 00 121.444 288.735 58 542332
2015 09 26 02 51 18 120.814 288.679 46 542397
2015 10 03 06 26 55 120.301 288.449 38 542516
2015 10 05 16 33 26 120.303 288.469 34 542556
2015 10 11 00 58 27 144.485 224.292 10 542624
2015 10 17 11 33 08 115.47 295.52 17 542725
2015 10 26 09 09 32 53.541 70.684 206.94 542863
2015 10 26 09 09 42 53.476 70.367 231 542863
2015 11 03 21 25 02 98.282 124.906 10.27 542985
2015 11 07 07 04 31 119.464 287.699 13 543041
2015 11 07 07 31 43 120.879 288.549 46 543042
2015 11 07 10 53 44 120.722 288.61 42 543048
2015 11 08 08 13 37 107.319 290.572 159.86 543064
2015 11 08 09 34 57 89.214 98.89 69 543065
2015 11 08 16 47 02 83.157 94.648 10 543097
2015 11 11 01 54 38 119.506 287.994 12 553256
2015 11 11 02 46 19 119.509 287.942 10 553257
2015 11 11 11 45 23 98.941 110.218 83.02 543172
2015 11 13 06 04 17 119.849 295.502 27 543200
2015 11 17 07 10 07 51.33 20.6 11 543269
2015 11 22 18 16 04 53.566 71.423 102 543371
2015 11 24 22 45 38 100.537 289.057 606.21 543408
2015 11 24 22 50 54 100.059 288.982 620.56 543409
2015 11 26 05 45 18 99.182 288.743 602.75 543439
2015 11 27 21 00 22 114.828 289.4 34 543465
2015 11 29 18 52 49 113.559 295.348 11 543498
2015 12 04 22 25 00 137.616 85.091 35 543591
2015 12 07 07 50 05 51.79 72.779 22 553258
2015 12 07 07 51 11 121.398 288.738 49.53 543630
2015 12 10 12 05 14 148.88 336.094 10 543723
2015 12 19 19 25 05 120.605 288.695 48.34 543836
2015 12 25 19 14 47 53.507 71.126 206 543913
2016 01 01 02 00 39 140.557 139.448 10 543991
2016 01 03 23 05 22 65.17 93.66 55 544017
2016 01 03 23 05 22 65.197 93.65 55 544017
2016 01 05 09 34 14 144.29 223.74 10 544045
2016 01 08 01 12 01 120.663 288.36 24.17 544081
2016 01 12 09 45 11 121.338 58.191 10 544165
2016 01 14 03 25 28 109.759 296.672 582.56 544187
2016 02 10 00 33 05 120.572 288.417 29 544583
2016 02 18 01 07 14 146.212 332.378 119.26 544698
2016 02 23 18 08 46 153.032 144.996 10 553320
2016 03 02 12 49 48 94.952 94.329 24 544905
2016 03 14 07 26 40 146.428 332.992 84 545059
2016 04 10 02 14 34 94.148 102.211 41 545474
2016 04 10 10 28 58 53.528 71.131 212 545480
2016 04 13 13 55 17 66.906 94.865 136 553260
2016 04 19 05 25 39 145.728 332.77 14 545711
2016 05 02 04 21 24 95.026 104.627 117 545952
2016 05 28 09 46 59 146.24 333.065 78 546353
2016 06 01 22 56 00 92.096 100.665 50 546440
2016 06 09 04 13 08 101.248 116.266 19 546550
2016 06 26 11 17 11 50.521 73.338 13 546856
2016 07 25 08 58 30 139.484 126.265 10 547332
2016 07 25 17 26 50 116.104 289.493 72 553261
2016 07 31 11 33 20 146.255 332.451 98.16 547445
2016 08 01 07 42 51 113.964 82.556 10 547464
2016 08 04 14 15 13 112.308 293.974 270 553262
2016 08 05 12 34 15 113.945 82.433 10 547530
2016 08 19 07 32 22 145.279 328.126 10 547766
2016 08 21 03 45 23 145.277 328.246 10 547837
2016 08 23 19 40 46 97.208 122.541 514.33 547881
2016 08 24 01 36 32 47.277 13.187 4.44 547889
2016 08 24 10 34 54 69.078 94.568 82 547904
2016 08 29 04 29 57 90.047 342.171 10 547979
2016 08 30 08 09 09 124.898 287.471 19.17 547997
2016 08 30 15 46 02 145.301 329.636 10 548000
2016 09 08 21 46 20 144.613 158.712 10 548182
2016 09 10 10 08 20 95.573 283.047 121 548213
2016 09 23 23 11 20 44.273 26.609 92 548438
2016 10 18 22 08 14 74.783 298.509 146 548799
2016 10 19 00 26 01 94.862 108.162 614 548800
2016 10 26 19 18 08 47.066 13.043 10 548901
2016 10 28 20 02 48 50.687 13.536 448.48 548929
2016 10 30 06 40 19 47.146 13.088 10 548956
2016 11 04 16 20 43 125.103 289.004 90.79 553263
2016 11 08 04 55 44 126.58 286.365 17.3 549078
2016 11 20 20 57 43 121.642 291.236 115.79 549319
2016 11 25 14 24 30 50.77 74.02 17 549447
2016 12 01 22 40 26 105.294 289.178 10 549543
2016 12 06 22 03 33 84.717 96.167 13 549607
2016 12 25 14 22 27 133.405 286.06 38 550061
2016 12 29 22 30 19 99.027 118.663 79 553480
2017 01 06 06 30 35 112.319 292.205 172 553482
2017 02 07 22 03 55 64.799 63.257 24.05 553265
2017 02 18 12 10 17 113.861 293.341 222 553266
2017 02 21 14 09 04 109.281 296.096 595.98 553267
2017 03 09 11 14 26 150.146 150.296 10 553321
2017 03 21 23 10 25 98.508 115.326 111.83 553400
2017 04 05 06 09 12 54.201 60.436 13 553268
2017 04 15 08 19 43 113.27 292.235 155 553269
2017 04 18 17 49 55 92.711 284.697 14 553345
2017 04 23 02 36 07 123.036 287.994 21 553215
2017 04 24 21 38 30 123.029 287.955 28 553216
2017 04 28 16 05 57 123.13 288.214 28 553489
2017 05 05 05 09 35 50.534 71.433 10 553492
2017 05 10 23 23 37 146.427 334.218 17.39 553211
2017 05 14 19 44 23 110.928 291.266 124.45 553493
2017 05 29 14 57 53 127.341 288.343 80.7 553494
2017 05 30 11 29 51 148.644 333.869 78.18 553495
2017 06 03 19 17 33 152.579 155.834 10 553496
2017 06 12 12 28 39 51.085 26.371 12 553270
2017 07 20 22 31 11 53.076 27.413 7 553272
2017 09 04 08 07 35 147.788 334.422 35 553220
2017 09 18 05 28 03 108.526 347.284 10 553792
2017 09 18 13 46 57 121.815 287.903 17 553793
2017 10 10 06 32 20 108.521 290.359 82.43 553225
2017 11 10 12 01 33 131.466 275.811 10 553729
2017 11 11 00 36 14 101.742 345.886 10 553223
2017 11 12 18 18 17 55.095 45.956 19 553227
2017 12 01 02 32 46 59.257 57.313 9 553229
2017 12 12 08 43 17 59.281 57.27 10 553230
2017 12 12 21 41 31 59.178 57.286 8 553231
2017 12 15 16 47 58 97.492 108.174 90 553233
2018 01 07 06 47 14 65.246 94.909 23.77 553433
2018 01 14 09 18 45 105.758 285.291 39 553235
2018 01 21 01 06 42 108.852 290.544 116 553236
2018 01 23 06 34 54 97.195 105.918 43.91 553237
2018 01 25 01 15 58 81.736 91.78 10 553436
2018 02 08 21 19 24 127.438 286.021 4.3 553817
2018 02 27 17 29 22 150.249 150.779 10 553210
2018 03 10 14 27 52 146.334 332.134 11.86 553822
2018 03 10 21 45 36 91.423 344.791 10 553445
2018 03 24 19 58 33 135.778 96.069 10 553239
2018 04 02 13 40 34 110.658 296.995 559 553240
2018 04 09 00 20 55 147.658 332.125 245 553452
2018 04 21 19 44 17 138.946 123.591 10 553454
2018 05 09 10 41 45 53.009 71.383 116 553242
2018 06 12 23 08 28 92.019 98.587 9 553462
2018 06 12 23 46 11 91.946 98.686 10 553463
2018 07 10 10 26 21 121.594 58.349 10 553833
2018 07 10 16 05 09 121.608 58.153 10 553834
2018 07 20 10 24 57 118.068 296.746 587.8 553347
2018 07 22 10 07 27 55.409 46.165 12 553348
2018 07 22 20 39 17 59.567 57.451 10 553349
2018 07 25 19 45 05 146.062 332.32 124.63 553350
2018 07 28 17 07 23 97.122 122.747 577.48 553351
2018 07 28 22 47 38 98.239 116.508 14 553352
2018 08 05 11 46 38 98.259 116.436 31 553353
2018 08 14 03 29 53 148.11 334.742 35 553243
2018 08 17 15 35 01 97.426 119.834 529 553355
2018 08 19 04 10 23 98.329 116.598 21.41 553327
2018 08 19 14 56 28 98.33 116.631 25.21 553356
2018 08 21 21 31 47 79.221 297.093 146.18 553244
2018 08 24 09 04 06 101.042 289.184 609.48 553245
2018 09 13 11 38 04 145.877 236.789 10 553981
2018 09 28 10 50 25 90.754 119.947 10 553693
2018 10 10 18 44 55 97.453 114.455 9 553360
2018 10 25 22 54 52 52.486 20.563 14 553247
2018 10 28 00 38 11 44.343 26.397 151 553361
2018 10 29 06 54 21 147.404 293.592 10 553362
2018 11 01 19 30 20 148.074 334.795 29 553364
2018 11 09 07 54 52 132.713 343.98 10 553366
2018 11 15 20 02 22 146.706 334.454 15 553249
2018 11 15 23 09 01 146.236 237.956 10 553703
2018 11 23 10 51 59 146.261 333.015 82.85 553367
2018 11 25 16 37 32 55.654 45.743 18 553250
2018 11 27 12 03 28 91.029 346.337 10 553334
2018 11 29 20 21 44 89.776 96.997 9.44 553335
2018 12 11 02 26 32 148.598 333.535 164.66 553368
2018 12 30 08 39 12 92.657 102.348 168.3 553370
2019 01 05 19 25 38 98.148 288.417 571.18 553371
2019 01 20 01 32 51 120.073 288.577 53.04 553372
