2014 01 13 04 01 04 71.008 293.132 30.9 531704
2014 01 25 05 14 20 98.044 109.222 87.8 553335
2014 01 26 13 55 43 51.809 20.507 13.8 531898
2014 02 01 03 58 45 146.933 332.655 142.9 531990
2014 02 03 03 08 46 51.745 20.436 14.5 532035
2014 02 12 09 19 48 54.124 82.58 4.1 532175
2014 02 18 09 27 14 75.404 301.029 28.3 532249
2014 03 02 20 11 22 62.577 127.327 118.9 532425
2014 03 11 02 44 06 150.843 339.882 10.0 553336
2014 03 13 17 06 51 56.378 131.807 83.4 532589
2014 03 15 08 59 20 104.101 283.648 10.0 532623
2014 03 15 23 51 32 95.671 279.065 26.5 532639
2014 03 16 21 16 28 109.905 289.385 9.4 532652
2014 03 17 05 11 33 110.06 289.172 5.3 553338
2014 03 21 13 41 09 82.32 94.225 19.3 532745
2014 03 23 18 20 01 109.703 289.219 13.9 532817
2014 04 01 23 46 47 109.619 289.213 17.1 532955
2014 04 03 01 58 29 110.364 289.5 10.6 533010
2014 04 03 02 43 14 110.588 289.51 12.0 533012
2014 04 03 05 26 13 110.749 289.46 13.0 533026
2014 04 04 01 37 51 110.607 289.467 19.3 533056
2014 04 11 00 01 43 110.695 289.339 10.4 533175
2014 04 11 20 29 13 78.281 273.986 142.3 533219
2014 04 15 03 57 01 143.609 8.709 10.0 533357
2014 04 18 14 27 24 72.679 259.007 24.4 533427
2014 05 04 20 18 25 55.122 139.366 161.4 533778
2014 05 05 11 08 45 70.385 99.703 15.2 533793
2014 05 08 17 00 15 72.852 259.189 24.9 533841
2014 05 13 06 35 24 82.855 277.76 13.1 533921
2014 05 15 10 16 44 80.651 122.035 30.1 533960
2014 05 18 01 02 31 85.76 92.737 32.9 533999
2014 05 21 16 21 54 71.76 88.064 45.1 534049
2014 05 24 09 25 03 49.724 25.369 8.2 534090
2014 06 14 11 11 03 100.113 91.038 23.1 553345
2014 06 29 07 52 56 145.475 331.605 15.1 534719
2014 06 29 14 32 49 145.418 331.776 11.9 534744
2014 07 05 09 39 27 88.067 96.938 20.0 534852
2014 07 11 19 22 00 52.995 142.452 20.0 553351
2014 07 11 19 22 05 53.03 142.39 12.0 534940
2014 07 14 08 00 02 84.28 126.51 50.0 534985
2014 07 19 14 14 02 78.291 57.957 10.0 535067
2014 07 20 18 32 47 45.359 148.783 61.0 535086
2014 07 27 01 28 41 66.14 314.41 13.7 535168
2014 08 03 08 30 14 62.783 103.458 28.0 535273
2014 08 06 11 45 28 97.13 127.92 19.5 553355
2014 08 10 03 43 18 48.866 142.279 50.6 553356
2014 08 10 03 43 19 48.8 142.206 55.6 553356
2014 08 18 02 32 04 57.289 47.638 10.0 535475
2014 08 18 18 08 22 57.418 47.703 5.0 535494
2014 08 23 22 32 23 122.695 288.559 32.0 535593
2014 08 24 23 21 41 104.52 286.465 70.0 535618
2014 08 24 23 21 43 104.589 286.55 74.4 535618
2014 09 10 02 46 08 90.224 125.026 39.9 535864
2014 09 24 11 16 13 113.784 293.412 204.5 536099
2014 10 07 13 49 41 66.657 100.5 12.8 536316
2014 10 14 03 51 37 77.411 271.928 63.9 536453
2014 11 03 08 48 29 131.824 80.043 7.4 553363
2014 11 15 02 31 42 88.166 126.462 47.8 536993
2014 11 17 16 52 47 136.407 33.701 12.2 537073
2014 11 21 10 10 20 87.73 127.03 45.2 537155
2014 11 22 08 55 26 59.686 101.803 2.0 537173
2014 11 22 13 08 18 53.362 137.891 9.9 537176
2014 11 26 14 33 45 88.036 126.465 47.7 537244
2014 12 02 05 11 31 83.843 123.126 614.0 537349
2014 12 06 17 21 49 82.018 277.267 15.0 537419
2014 12 06 22 05 10 96.11 130.482 116.0 537420
2014 12 10 21 03 39 64.46 122.45 256.0 537491
2014 12 20 09 29 57 52.599 141.553 31.3 537639
2014 12 21 11 34 14 87.949 126.544 71.0 537660
2014 12 29 09 29 37 81.366 121.521 8.0 537767
2015 02 02 10 49 48 122.648 292.85 172.7 538333
2015 02 11 18 57 20 113.065 293.338 203.6 553365
2015 02 13 18 59 13 37.491 327.98 16.9 553366
2015 02 13 20 06 32 67.39 121.444 30.5 538481
2015 02 16 22 00 54 145.518 331.771 18.1 538527
2015 02 16 23 06 28 50.054 143.177 10.8 553367
2015 02 27 13 45 05 97.358 122.49 559.1 538719
2015 03 03 10 37 31 90.719 98.754 33.5 538783
2015 03 06 08 22 20 131.316 80.614 13.1 538824
2015 03 10 20 55 44 83.204 286.963 162.0 538883
2015 03 17 22 12 30 88.329 126.433 55.7 538997
2015 03 18 18 27 28 126.111 286.311 9.7 553370
2015 03 23 04 51 37 108.354 290.812 127.1 539087
2015 04 16 18 07 43 54.805 26.837 22.6 553371
2015 04 20 01 42 58 65.943 122.431 28.1 539507
2015 04 25 06 11 26 61.87 84.716 13.4 539594
2015 04 25 06 45 21 61.84 84.843 14.7 539604
2015 04 26 07 09 09 62.264 85.978 13.4 539668
2015 05 12 07 05 18 62.199 86.126 12.3 539984
2015 05 12 07 36 53 62.476 86.141 13.8 539990
2015 05 12 21 12 58 51.1 142.021 39.3 553379
2015 05 15 20 26 55 92.566 102.223 158.5 540083
2015 05 24 04 53 23 106.814 345.739 11.7 540236
2015 05 29 07 00 07 33.293 203.324 64.6 540317
2015 05 30 11 23 02 62.172 140.493 685.5 540338
2015 05 30 18 49 07 59.207 142.977 10.3 540348
2015 06 04 23 15 45 83.957 116.665 18.1 540435
2015 06 10 13 52 08 112.409 291.549 121.8 540537
2015 06 17 12 51 35 125.37 342.191 27.1 540638
2015 06 20 02 10 07 126.334 286.333 17.4 540661
2015 07 03 01 07 46 52.53 78.12 19.0 540849
2015 07 03 06 43 22 79.862 125.977 50.8 540861
2015 07 07 05 10 27 46.031 148.004 51.1 540912
2015 07 16 15 16 32 76.2 301.43 19.4 541050
2015 08 13 10 39 54 127.022 77.953 15.4 553212
2015 09 16 07 40 58 88.12 126.43 41.5 542074
2015 09 16 07 40 58 88.116 126.428 41.55 542074
2015 09 16 22 54 32 121.572 288.326 22.44 542090
2015 09 16 23 18 41 121.562 288.574 28.41 542096
2015 09 17 01 41 05 121.104 288.35 42.32 553213
2015 09 17 03 55 15 121.424 288.313 27.0 542140
2015 09 17 04 10 27 121.52 288.19 23.0 542145
2015 09 17 04 10 27 121.517 288.196 23.0 542145
2015 09 18 09 10 44 122.368 287.771 8.0 542215
2015 09 18 15 59 42 74.724 314.012 10.0 553214
2015 09 19 05 06 47 119.641 287.923 6.0 553215
2015 09 19 12 52 20 122.33 287.93 18.0 553216
2015 09 19 12 52 20 122.333 287.938 18.0 553216
2015 09 21 05 39 34 121.58 288.26 30.0 542298
2015 09 21 05 39 34 121.575 288.257 30.0 542298
2015 09 21 17 40 00 121.727 288.621 35.0 542307
2015 09 22 07 13 00 121.44 288.74 58.0 542332
2015 09 22 07 13 00 121.444 288.735 58.0 542332
2015 09 24 15 53 27 90.62 131.26 18.0 542369
2015 09 24 15 53 27 90.621 131.262 18.0 542369
2015 09 26 02 51 18 120.814 288.679 46.0 542397
2015 09 28 15 28 05 113.8 293.4 219.0 542450
2015 10 23 04 04 18 135.81 37.17 10.0 542824
2015 10 23 04 04 18 135.814 37.171 10.0 542824
2015 10 26 09 09 42 53.476 70.367 231.0 542863
2015 11 04 03 44 15 98.338 124.875 20.0 542989
2015 11 07 07 04 31 119.464 287.699 13.0 543041
2015 11 07 07 31 43 120.879 288.549 46.0 543042
2015 11 08 16 47 02 83.157 94.648 10.0 543097
2015 11 11 01 54 38 119.506 287.994 12.0 553217
2015 11 11 02 46 19 119.509 287.942 10.0 553218
2015 11 13 20 51 31 59.0 128.872 12.0 553392
2015 11 17 07 10 07 51.33 20.6 11.0 543269
2015 11 21 09 06 13 97.148 129.937 82.0 543344
2015 11 24 22 45 38 100.537 289.057 606.21 543408
2015 11 24 22 50 54 100.059 288.982 620.56 543409
2015 11 26 05 45 18 99.182 288.743 602.75 543439
2015 11 27 21 00 22 114.828 289.4 34.0 543465
2015 12 04 22 25 00 137.616 85.091 35.0 543591
2015 12 07 07 50 05 51.79 72.779 22.0 553219
2015 12 09 10 21 48 94.106 129.507 21.0 543671
2015 12 17 19 49 53 74.2 266.371 85.0 543811
2015 12 20 18 47 36 86.355 117.635 14.0 543851
2015 12 25 19 14 47 53.507 71.126 206.0 543913
2016 01 01 02 00 39 140.557 139.448 10.0 543991
2016 01 03 23 05 22 65.17 93.66 55.0 544017
2016 01 03 23 05 22 65.197 93.65 55.0 544017
2016 01 11 16 38 05 86.104 126.856 13.0 544153
2016 01 11 17 08 03 45.524 141.086 238.81 544155
2016 01 14 03 25 28 109.759 296.672 582.56 544187
2016 01 14 03 25 33 48.028 142.781 46.0 544188
2016 01 24 10 30 29 30.38 206.661 125.6 544330
2016 01 25 04 22 02 54.351 356.319 12.0 544342
2016 02 05 19 57 27 67.062 120.592 23.0 544520
2016 02 10 00 33 05 120.572 288.417 29.0 544583
2016 02 12 10 02 24 99.633 119.401 28.0 544610
2016 02 17 17 26 02 89.155 129.072 10.0 544694
2016 03 02 12 49 48 94.952 94.329 24.0 544905
2016 03 19 11 26 33 72.004 299.299 26.0 545137
2016 04 06 14 45 29 98.203 107.385 29.0 553220
2016 04 10 10 28 58 53.528 71.131 212.0 545480
2016 04 13 13 55 17 66.906 94.865 136.0 553221
2016 04 13 18 21 52 82.209 122.023 17.0 545542
2016 04 14 12 26 35 57.212 130.704 9.0 545551
2016 04 15 14 11 26 76.6 267.633 22.41 545594
2016 04 15 16 25 06 57.21 130.754 10.0 545597
2016 04 16 23 58 36 89.619 280.079 20.59 545660
2016 04 19 05 25 39 145.728 332.77 14.0 545711
2016 04 20 08 33 47 89.361 279.79 14.0 545747
2016 04 22 03 03 41 90.292 279.497 10.0 545775
2016 04 25 07 07 08 75.521 266.85 16.0 553585
2016 04 27 12 51 19 75.483 266.912 16.0 554326
2016 04 29 01 33 38 79.725 256.264 10.0 545904
2016 05 18 07 57 02 89.574 280.211 16.0 546223
2016 05 18 16 46 43 89.506 280.384 29.95 546230
2016 05 20 18 14 04 115.565 129.884 10.0 546256
2016 05 28 09 46 59 146.24 333.065 78.0 546353
2016 05 31 05 23 47 64.439 122.545 246.4 546411
2016 06 01 22 56 00 92.096 100.665 50.0 546440
2016 06 05 16 25 33 94.587 125.626 429.62 546499
2016 06 07 19 15 15 88.722 126.371 31.0 546534
2016 06 09 04 13 08 101.248 116.266 19.0 546550
2016 06 10 03 25 22 77.169 273.037 10.0 546564
2016 06 21 16 26 34 67.342 314.86 10.0 546768
2016 06 26 11 17 11 50.521 73.338 13.0 546856
2016 07 25 17 26 50 116.104 289.493 72.0 553222
2016 08 04 14 15 13 112.308 293.974 270.0 553223
2016 08 19 07 32 22 145.279 328.126 10.0 547766
2016 08 21 03 45 23 145.277 328.246 10.0 547837
2016 08 23 19 39 44 97.28 122.425 532.4 547880
2016 08 24 01 36 32 47.277 13.187 4.44 547889
2016 08 24 10 34 54 69.078 94.568 82.0 547904
2016 08 29 04 29 57 90.047 342.171 10.0 547979
2016 09 10 10 08 20 95.573 283.047 121.0 548213
2016 09 14 01 58 31 82.627 283.832 18.0 548252
2016 09 20 16 21 16 59.499 142.047 9.0 548360
2016 09 23 00 14 34 55.539 141.636 10.0 548404
2016 09 23 22 53 10 83.429 126.491 65.0 548437
2016 10 19 00 26 01 94.862 108.162 614.0 548800
2016 10 21 05 07 23 54.633 133.814 5.7 548826
2016 10 26 19 18 08 47.066 13.043 10.0 548901
2016 10 30 06 40 19 47.146 13.088 10.0 548956
2016 11 04 16 20 43 125.103 289.004 90.79 553224
2016 11 20 20 57 43 121.642 291.236 115.79 549319
2016 11 21 20 59 49 52.609 141.402 11.35 549345
2016 11 24 18 43 48 78.041 271.165 10.34 549430
2016 11 25 14 24 30 50.77 74.02 17.0 549447
2016 12 01 22 40 26 105.294 289.178 10.0 549543
2016 12 05 01 13 04 97.315 123.38 526.0 549587
2016 12 06 22 03 33 84.717 96.167 13.0 549607
2016 12 18 13 30 11 99.966 289.031 622.53 553225
2016 12 21 00 17 14 97.508 127.92 152.0 549985
2016 12 25 14 22 27 133.405 286.06 38.0 550061
2016 12 29 22 30 19 99.027 118.663 79.0 553399
2017 01 10 06 13 47 85.537 122.575 612.71 553403
2017 02 07 22 03 55 64.799 63.257 24.05 553226
2017 02 10 14 03 43 80.093 125.451 15.0 553409
2017 02 18 12 10 17 113.861 293.341 222.0 553227
2017 02 21 14 09 04 109.281 296.096 595.98 553228
2017 03 14 02 51 16 83.871 92.316 10.0 553229
2017 04 03 17 40 18 112.678 25.155 29.0 553609
2017 04 05 06 09 12 54.201 60.436 13.0 553230
2017 04 15 08 19 43 113.27 292.235 155.0 553231
2017 04 23 02 36 07 123.036 287.994 21.0 553232
2017 04 24 21 38 30 123.029 287.955 28.0 553233
2017 04 28 20 23 17 84.496 125.071 26.0 553427
2017 05 01 12 31 55 30.171 223.324 8.0 553617
2017 05 03 04 47 13 50.501 71.451 10.0 553234
2017 05 09 01 54 14 65.551 126.318 10.0 553619
2017 05 10 23 23 37 146.427 334.218 17.39 553235
2017 05 12 10 41 26 77.09 269.944 10.0 553622
2017 05 20 01 06 14 80.616 123.958 533.0 553434
2017 05 29 14 35 21 91.287 120.433 12.0 553436
2017 06 12 12 28 39 51.085 26.371 12.0 553236
2017 06 14 07 29 05 75.018 268.012 94.0 553630
2017 06 22 12 31 04 76.248 269.052 46.82 553632
2017 06 30 22 29 45 90.288 279.507 13.0 553636
2017 07 06 08 03 57 78.889 124.619 6.96 553443
2017 07 18 02 05 19 106.42 286.371 44.92 553237
2017 07 19 12 16 23 107.415 66.483 10.0 553238
2017 07 20 22 31 11 53.076 27.413 7.0 553239
2017 07 26 10 32 57 63.103 130.183 12.0 553447
2017 07 27 17 53 24 76.604 310.675 10.0 553240
2017 08 08 13 19 49 56.808 103.855 9.0 553449
2017 08 08 23 27 53 45.699 82.826 20.0 553241
2017 08 11 05 28 25 76.002 120.678 172.0 553450
2017 08 13 03 08 10 93.768 101.622 31.0 553242
2017 08 18 02 59 21 91.09 346.337 10.0 553243
2017 08 31 17 06 55 91.159 99.688 43.14 553244
2017 09 03 03 30 01 48.666 129.03 0.0 553453
2017 09 04 08 07 35 147.788 334.422 35.0 553245
2017 09 07 17 26 49 62.218 139.804 451.0 553652
2017 09 08 04 49 20 74.965 266.094 56.67 553653
2017 09 19 18 14 38 71.433 261.52 51.0 553663
2017 09 20 16 37 16 52.019 144.66 11.0 553664
2017 09 23 12 53 02 73.227 265.05 9.62 553666
2017 10 10 06 32 20 108.521 290.359 82.43 553246
2017 10 10 18 53 27 144.258 8.605 9.0 553247
2017 10 24 10 47 47 97.236 123.04 549.19 553459
2017 10 31 11 50 50 93.74 127.765 18.47 553679
2017 11 11 00 36 14 101.742 345.886 10.0 553248
2017 11 12 18 18 17 55.095 45.956 19.0 553249
2017 11 13 02 28 23 80.486 275.514 19.36 553687
2017 11 17 22 34 19 60.168 94.977 8.0 553250
2017 11 30 06 32 50 91.08 336.568 10.0 553251
2017 12 01 02 32 46 59.257 57.313 9.0 553252
2017 12 03 11 19 05 90.489 279.69 16.0 553697
2017 12 12 08 43 17 59.281 57.27 10.0 553253
2017 12 12 21 41 31 59.178 57.286 8.0 553254
2017 12 13 18 03 42 144.217 2.168 10.0 553255
2017 12 15 16 47 58 97.492 108.174 90.0 553256
2018 01 10 02 51 31 72.526 276.481 10.0 553709
2018 01 11 18 26 24 71.638 96.077 9.0 553257
2018 01 14 09 18 45 105.758 285.291 39.0 553258
2018 01 21 01 06 42 108.852 290.544 116.0 553259
2018 01 23 06 34 54 97.195 105.918 43.91 553260
2018 01 23 09 31 42 33.954 210.928 25.0 553715
2018 01 24 10 51 19 48.897 142.432 31.0 553717
2018 01 28 16 03 03 143.062 9.684 10.0 553261
2018 01 31 07 07 00 53.457 70.815 191.19 553262
2018 02 26 13 34 53 92.762 126.727 9.91 553478
2018 03 24 19 58 33 135.778 96.069 10.0 553264
2018 03 25 20 14 47 96.624 129.813 169.0 553484
2018 04 02 13 40 34 110.658 296.995 559.0 553265
2018 04 10 10 19 34 120.986 288.444 76.08 553266
2018 04 15 19 30 43 88.592 126.875 34.0 553753
2018 04 19 21 09 17 132.779 42.187 10.0 553267
2018 05 05 06 19 05 75.43 123.919 18.0 553491
2018 05 09 10 41 45 53.009 71.383 116.0 553268
2018 07 28 17 07 23 97.122 122.747 577.48 553506
2018 07 28 22 47 38 98.239 116.508 14.0 553507
2018 08 05 11 46 38 98.259 116.436 31.0 553508
2018 08 14 03 29 53 148.11 334.742 35.0 553270
2018 08 17 15 35 01 97.426 119.834 529.0 553510
2018 08 19 04 10 23 98.329 116.598 21.41 553511
2018 08 19 14 56 28 98.33 116.631 25.21 553512
2018 08 21 21 31 47 79.221 297.093 146.18 553271
2018 08 24 09 04 06 101.042 289.184 609.48 553272
2018 08 25 22 13 25 55.389 46.242 10.0 553273
2018 08 28 07 08 11 100.885 124.118 14.0 553806
2018 09 05 18 07 59 47.314 141.929 35.0 553814
2018 09 07 02 12 04 92.345 281.105 93.53 553816
2018 09 18 07 27 41 127.811 49.782 10.0 553274
2018 09 28 06 59 59 90.399 119.77 5.19 553827
2018 09 28 10 02 43 90.178 119.84 10.0 553519
2018 10 10 18 44 55 97.453 114.455 9.0 553521
2018 10 13 11 10 22 37.146 153.242 461.0 554352
2018 10 25 22 54 52 52.486 20.563 14.0 553275
2018 10 29 06 54 21 147.404 293.592 10.0 553523
2018 11 01 22 19 51 109.588 290.708 102.0 553526
2018 11 04 07 55 28 82.249 123.864 581.0 553851
2018 11 09 01 49 40 18.374 348.75 10.0 553852
2018 11 11 14 03 59 74.435 310.129 10.0 553276
2018 11 15 20 02 22 146.706 334.454 15.0 553277
2018 11 25 16 37 32 55.654 45.743 18.0 553278
2018 11 30 17 29 29 28.654 210.045 46.7 553865
2018 12 01 13 27 21 97.384 128.706 136.0 553532
2018 12 11 02 26 32 148.598 333.535 164.66 553534
2018 12 29 03 39 09 84.102 126.92 60.21 553875
2019 01 05 19 25 38 98.148 288.417 571.18 553538
2019 01 06 17 27 20 87.785 126.74 60.0 553540
2019 01 20 01 32 51 120.073 288.577 53.04 553541
2019 01 22 19 01 43 133.115 42.324 13.0 553549
