2014 01 13 04 01 04 71.008 293.132 30.9 531704
2014 02 01 03 58 45 146.933 332.655 142.9 531990
2014 02 12 09 19 48 54.124 82.58 4.1 532175
2014 02 18 09 27 14 75.404 301.029 28.3 532249
2014 03 10 05 18 13 49.277 234.914 6.1 532532
2014 03 15 08 59 20 104.101 283.648 10.0 532623
2014 03 16 21 16 28 109.905 289.385 9.4 532652
2014 03 22 12 59 57 109.822 289.056 4.4 532786
2014 04 01 23 46 47 109.619 289.213 17.1 532955
2014 04 03 02 43 14 110.588 289.51 12.0 533012
2014 04 10 23 27 45 77.566 273.67 12.6 533172
2014 04 11 20 29 13 78.281 273.986 142.3 533219
2014 04 15 03 57 01 143.609 8.709 10.0 533357
2014 04 18 14 27 24 72.679 259.007 24.4 533427
2014 04 24 03 10 11 40.352 232.348 9.8 533604
2014 05 08 17 00 15 72.852 259.189 24.9 533841
2014 05 10 07 36 00 72.943 259.068 23.3 533868
2014 07 07 11 23 54 75.276 267.539 53.0 534879
2014 07 20 18 32 47 45.359 148.783 61.0 535086
2014 08 18 02 32 04 57.289 47.638 10.0 535475
2014 09 24 11 16 13 113.784 293.412 204.5 536099
2014 09 25 17 51 17 28.014 208.085 106.9 536121
2014 12 06 17 21 49 82.018 277.267 15.0 537419
2014 12 08 08 54 52 82.06 277.314 20.0 537452
2015 02 11 18 57 20 113.065 293.338 203.6 553365
2015 03 23 04 51 37 108.354 290.812 127.1 539087
2015 04 25 06 11 26 61.87 84.716 13.4 539594
2015 04 25 06 45 21 61.84 84.843 14.7 539604
2015 04 26 07 09 09 62.264 85.978 13.4 539668
2015 05 12 07 05 18 62.199 86.126 12.3 539984
2017 11 12 18 18 17 55.095 45.956 19.0 553249
2017 11 13 02 28 23 80.486 275.514 19.36 553687
2017 11 17 22 34 19 60.168 94.977 8.0 553250
2017 12 01 02 32 46 59.257 57.313 9.0 553252
2017 12 03 11 19 05 90.489 279.69 16.0 553697
2017 12 12 08 43 17 59.281 57.27 10.0 553253
2017 12 12 21 41 31 59.178 57.286 8.0 553254
2018 01 10 02 51 31 72.526 276.481 10.0 553709
2018 01 14 09 18 45 105.758 285.291 39.0 553258
2018 01 23 09 31 42 33.954 210.928 25.0 553715
2018 02 16 23 39 39 73.612 262.022 25.98 553728
2018 04 02 13 40 34 110.658 296.995 559.0 553265
2018 08 12 14 58 54 20.439 214.701 2.2 553795
2018 08 14 03 29 53 148.11 334.742 35.0 553270
2018 08 17 23 22 24 81.231 276.847 15.0 553800
2018 08 21 21 31 47 79.221 297.093 146.18 553271
2018 08 24 09 04 06 101.042 289.184 609.48 553272
2018 08 25 22 13 25 55.389 46.242 10.0 553273
2018 09 18 07 27 41 127.811 49.782 10.0 553274
2018 10 13 11 10 22 37.146 153.242 461.0 554352
2018 11 11 14 03 59 74.435 310.129 10.0 553276
2018 11 25 16 37 32 55.654 45.743 18.0 553278
2018 11 30 17 29 29 28.654 210.045 46.7 553865
2018 12 11 02 26 32 148.598 333.535 164.66 553534
2018 12 20 17 01 55 34.901 164.699 16.56 553869
2019 01 05 19 25 38 98.148 288.417 571.18 553538
2019 01 20 01 32 51 120.073 288.577 53.04 553541
2019 01 22 19 01 43 133.115 42.324 13.0 553549
