2012 01 15 14 21 34 150.8685 303.9666 0.023 553209
2012 05 09 14 49 50 90.9879 346.4463 0.0088 553504
2011 11 21 03 15 42 65.0694 95.1664 0.1189 519095
2011 11 23 12 17 50 55.7179 25.0778 0.0112 519121
2012 01 12 14 11 08 142.0922 28.2421 0.01 550580
2012 07 29 02 21 12 67.0737 94.2784 0.0811 523062
2012 04 20 22 28 58 86.7463 93.7682 0.0184 521581
2011 11 30 19 42 37 82.2221 93.8231 0.0392 519211
2011 12 02 05 19 27 89.948 120.424 0.0857 519229
2012 01 15 13 40 17 150.8875 303.8854 0.01 519859
2012 01 15 13 40 21 150.701 304.1421 0.0173 553208
2012 02 11 02 58 21 127.3559 286.6727 0.0285 520299
2012 07 25 00 27 45 87.3745 96.1109 0.0286 523007
2012 11 11 18 19 44 66.8012 95.7996 0.0198 524769
2013 07 16 19 41 54 153.3294 297.4074 0.0133 528943
2013 07 21 23 45 55 55.4953 104.261 0.0051 529026
2013 07 26 21 33 00 148.0352 335.72 0.017 553176
2011 12 23 19 12 34 142.1914 27.9077 0.01 551388
2011 11 28 09 13 11 90.0 0.0 0 553983
2011 11 29 00 30 28 91.512 344.5038 0.0077 519183
2011 12 11 09 54 56 146.049 331.7865 0.1306 550967
2012 01 10 18 37 00 87.5693 93.2081 0.0209 519785
2012 01 20 20 32 54 98.5214 119.653 0.1384 519945
2012 03 25 22 37 06 125.2035 287.8732 0.0282 553198
2012 04 17 03 50 15 122.6374 288.4359 0.0297 521513
2012 04 25 07 42 24 80.9905 93.9099 0.016 553502
2012 04 29 08 09 06 87.312 94.4735 0.022 521739
2012 04 30 08 00 10 88.2917 89.5917 0.0146 521758
2012 05 23 22 59 54 140.4928 139.591 0.0191 522121
2012 06 01 05 07 01 167.1883 211.133 0.0078 553507
2012 08 18 09 41 55 91.3518 120.128 0.0279 523332
2012 09 07 03 19 43 62.5158 104.05 0.0145 553509
2012 10 18 01 27 16 144.3051 144.208 0.0113 524323
2012 11 11 10 54 43 67.3008 95.7655 0.0175 524762
2013 04 10 01 58 28 61.5816 51.7244 0.0148 527434
2013 05 02 19 40 52 87.2474 91.5409 0.0174 527822
2013 05 18 10 03 17 63.3123 57.8209 0.0088 528054
2013 05 18 10 57 49 63.3346 57.8031 0.0126 528055
2012 04 14 19 26 42 96.8563 105.349 0.0581 521467
2012 04 20 22 19 46 86.7697 93.7633 0.0216 521580
2012 08 12 10 47 07 54.3474 82.5417 0.014 523270
2012 11 07 06 26 32 51.5225 46.6148 0.006 524683
2012 02 04 21 50 51 76.9106 57.5871 0.0144 553500
2012 02 23 05 08 12 107.7691 346.7992 0.01 520467
2012 02 26 06 17 19 38.1992 95.9804 0.013 520525
2012 03 08 22 50 07 50.588 81.2585 0.0332 520762
2012 03 12 06 06 43 53.2448 73.1493 0.0298 520824
2012 04 11 08 38 37 87.7624 93.0144 0.0263 521291
2012 04 11 10 43 10 89.2325 92.4284 0.0216 521308
2012 04 14 10 56 18 147.5759 294.6279 0.0084 521454
2012 04 15 05 57 40 87.419 90.3359 0.025 521481
2012 04 16 02 17 52 92.6335 121.893 0.0279 521491
2012 04 17 19 03 57 149.1876 343.1923 0.0136 553177
2012 04 20 23 14 31 87.8258 93.3767 0.0327 521582
2012 04 21 01 19 28 125.3309 343.8872 0.012 521586
2012 05 07 04 40 28 48.4771 46.7652 0.0174 521862
2012 05 12 23 28 43 51.3441 70.3729 0.0131 521934
2012 05 13 01 19 10 93.3709 89.3661 0.0136 521936
2012 05 20 02 03 53 45.127 11.2227 0.0177 522040
2012 05 22 00 00 32 47.3795 23.0074 0.0108 553505
2012 06 10 12 44 16 53.6153 28.9676 0.032 522378
2012 06 23 04 34 53 86.9978 97.9116 0.1019 553181
2012 06 29 15 31 47 114.7381 350.3186 0.0142 522638
2012 06 29 21 07 32 46.5665 84.6125 0.0171 522641
2012 08 11 12 23 17 51.5977 46.838 0.0087 523253
2012 08 11 12 34 36 51.6202 46.7958 0.0189 523255
2012 08 30 12 18 42 140.3044 114.166 0.0057 523481
2012 09 03 18 23 08 100.677 113.965 0.0348 523642
2012 09 14 04 51 48 93.3008 100.67 0.0233 523871
2012 09 15 16 32 24 100.7365 113.935 0.0293 523888
2012 11 06 01 36 22 88.7001 122.248 0.0319 524663
2012 11 06 06 17 28 80.033 57.1825 0.0153 524668
2012 11 11 01 12 39 67.1092 95.848 0.0142 524746
2012 12 05 17 08 13 56.4948 59.6055 0.013 525127
2012 12 23 13 31 40 47.5593 41.0577 0.0129 525447
2012 12 29 17 50 52 54.3349 70.563 0.1178 525544
2013 01 08 14 16 09 50.3319 25.5372 0.0111 525686
2013 01 09 01 41 53 64.678 95.0088 0.0926 553511
2013 01 10 13 47 05 85.2573 95.0989 0.0517 525739
2013 01 18 12 42 51 59.0301 99.4687 0.0149 525838
2013 01 21 22 22 54 85.0375 95.9215 0.0246 525877
2013 01 28 16 38 53 47.4176 79.7217 0.0143 525963
2013 03 19 03 29 02 148.9815 335.4303 0.052 527097
2013 04 09 11 52 50 61.5537 51.629 0.0128 527405
2013 04 16 10 44 19 62.0296 62.136 0.0631 527535
2013 04 17 03 15 52 61.8767 62.3378 0.0599 553380
2013 04 20 00 02 47 59.7312 103.02 0.018 553182
2013 04 24 09 25 30 55.4878 70.2109 0.0675 527730
2013 04 30 06 25 24 52.4111 335.0406 0.0197 527794
2013 05 11 02 08 11 63.3417 57.8438 0.0151 527912
2013 05 12 00 07 03 63.2949 57.7788 0.024 527941
2013 05 12 10 54 49 63.2739 57.7834 0.0144 527948
2013 05 14 19 18 18 89.2128 92.4259 0.0268 527980
2013 05 16 05 57 00 147.5817 352.9817 0.01 553382
2013 05 18 04 05 42 143.1208 22.0981 0.01 553383
2013 05 26 06 08 15 50.0504 67.4358 0.0155 528288
2013 05 27 03 36 29 75.3492 53.8151 0.0031 528300
2013 06 07 20 13 14 133.8504 343.6993 0.01 528464
2013 06 13 16 47 25 99.9513 107.302 0.0206 528532
2013 06 15 16 11 02 55.5493 25.044 0.0215 528549
2013 06 16 21 39 06 55.5758 25.1864 0.025 528583
2013 06 24 22 04 14 79.3095 317.3313 0.0175 528673
2013 07 02 07 37 05 85.3093 96.5824 0.0254 528755
2013 07 02 13 55 42 85.3807 96.6844 0.0324 528763
2013 07 15 14 03 41 151.0527 334.7726 0.0199 553183
