2011 05 15 13 08 15 89.542 334.392 18.9 516209
2011 11 07 22 35 25 78.309 274.217 177.2 518915
2011 11 17 01 57 04 91.747 278.295 19.6 519021
2011 11 22 18 48 16 105.308 294.837 560.3 519114
2011 12 07 22 23 07 117.932 288.866 13.8 519310
2011 12 11 09 54 56 146.049 331.787 130.6 550967
2011 12 27 15 21 57 38.166 95.964 12.8 519571
2012 03 25 22 37 06 125.203 287.874 28.2 553198
2012 04 11 08 38 37 87.763 93.014 26.3 521291
2012 04 11 10 43 10 89.233 92.428 21.6 521308
2012 04 14 10 56 18 147.575 294.628 8.4 521454
2012 04 15 05 57 40 87.419 90.335 25 521481
2012 04 17 03 50 15 122.637 288.436 29.7 521513
2012 04 17 19 03 57 149.187 343.193 13.6 553177
2012 05 01 22 43 35 75.546 266.958 28.7 553196
2012 05 14 10 00 39 107.796 290.208 108.7 521959
2012 05 20 02 03 53 45.127 11.222 17.7 522040
2012 05 28 05 07 23 118.021 296.887 591.1 553199
2012 06 02 07 52 54 112.101 296.343 539.4 553200
2012 06 04 00 45 16 84.706 277.368 15 522270
2012 06 04 03 15 24 84.55 277.437 9.5 522271
2012 06 07 04 05 04 126.051 289.146 5.8 553201
2012 06 07 16 03 18 105.911 287.528 106.7 522329
2012 06 10 12 44 16 53.616 28.967 32 522378
2012 06 23 04 34 53 86.998 97.911 101.9 553181
2012 06 29 21 07 32 46.567 84.612 17.1 522641
2012 07 25 00 27 45 87.375 96.11 28.6 523007
2012 07 26 05 33 33 107.55 66.29 16.2 523026
2013 07 15 14 03 41 151.052 334.773 19.9 553183
2013 07 17 02 37 43 105.666 288.255 13 528946
2013 07 21 23 45 55 55.496 104.26 5.1 529026
2013 07 22 07 01 41 136.094 34.861 3.2 529033
2013 07 26 21 33 00 148.035 335.72 17 553176
2013 08 13 15 43 15 84.282 281.875 18.6 529340
2013 08 17 16 32 31 124.886 54.127 10.9 529414
2013 10 04 17 26 14 128.707 78.5 11 530134
