2013 10 24 19 25 10 148.259 347.198 10 530474
2013 10 29 10 37 56 151.715 154.829 10 530548
2013 10 30 02 51 49 125.401 286.849 11.9 530560
2013 10 31 23 03 58 120.313 288.499 19.8 530584
2015 10 23 04 04 18 135.81 37.17 10 542824
2015 10 23 04 04 18 135.814 37.171 10 542824
2018 07 15 13 09 16 76.152 51.717 10 553836
2018 02 27 17 29 22 150.249 150.779 10 553210
2018 03 24 19 58 33 135.778 96.069 10 553239
2018 04 02 13 40 34 110.658 296.995 559 553240
2018 04 10 10 19 34 120.986 288.444 76.08 553241
2018 05 09 10 41 45 53.009 71.383 116 553242
2015 02 13 18 59 13 37.491 327.98 16.9 553526
2015 05 15 20 26 55 92.566 102.223 158.5 540083
2013 11 25 06 27 34 143.971 305.036 10 531009
2014 07 02 05 53 29 152.301 155.186 10 534796
2014 08 24 23 21 41 104.52 286.465 70 535618
2014 08 24 23 21 43 104.589 286.55 74.4 535618
2015 11 24 22 50 54 100.059 288.982 620.56 543409
2015 11 26 05 45 18 99.182 288.743 602.75 543439
2017 07 18 02 05 19 106.42 286.371 44.92 553271
2018 01 14 09 18 45 105.758 285.291 39 553235
2015 11 24 22 45 38 100.537 289.057 606.21 543408
2016 03 19 11 26 33 72.004 299.299 26 545137
2016 12 18 13 30 11 99.966 289.031 622.53 553264
2014 02 18 09 27 14 75.404 301.029 28.3 532249
2014 07 05 09 39 27 88.067 96.938 20 534852
2015 07 16 15 16 32 76.2 301.43 19.4 541050
2015 10 23 01 40 06 144.225 6.165 11 542822
2016 12 01 22 40 26 105.294 289.178 10 549543
2014 03 11 02 44 06 150.843 339.882 10 553513
2014 07 27 01 28 41 66.14 314.41 13.7 535168
2014 08 03 08 30 14 62.783 103.458 28 535273
2014 11 22 08 55 26 59.686 101.803 2 537173
2015 11 07 07 04 31 119.464 287.699 13 543041
2016 04 06 14 45 29 98.203 107.385 29 553259
2016 06 21 16 26 34 67.342 314.86 10 546768
2016 08 21 03 45 23 145.277 328.246 10 547837
2016 08 24 01 36 32 47.277 13.187 4.44 547889
2016 08 29 04 29 57 90.047 342.171 10 547979
2016 10 19 00 26 01 94.862 108.162 614 548800
2016 10 26 19 18 08 47.066 13.043 10 548901
2016 11 20 20 57 43 121.642 291.236 115.79 549319
2016 12 06 22 03 33 84.717 96.167 13 549607
2016 12 29 22 30 19 99.027 118.663 79 553480
2017 02 07 22 03 55 64.799 63.257 24.05 553265
2017 03 14 02 51 16 83.871 92.316 10 553214
2017 10 08 20 48 58 151.743 154.552 10 553984
2013 12 01 06 29 58 87.983 96.848 21.6 531087
2014 03 16 21 16 28 109.905 289.385 9.4 532652
2014 03 17 05 11 33 110.06 289.172 5.3 553377
2014 03 22 12 59 57 109.822 289.056 4.4 532786
2014 04 01 23 46 47 109.619 289.213 17.1 532955
2014 04 03 01 58 29 110.364 289.5 10.6 533010
2014 04 03 02 43 14 110.588 289.51 12 533012
2014 04 03 05 26 13 110.749 289.46 13 533026
2014 04 04 01 37 51 110.607 289.467 19.3 533056
2014 05 05 11 08 45 70.385 99.703 15.2 533793
2014 05 21 16 21 54 71.76 88.064 45.1 534049
2014 07 19 14 14 02 78.291 57.957 10 535067
2015 02 02 10 49 48 122.648 292.85 172.7 538333
2015 02 11 18 57 20 113.065 293.338 203.6 553525
2015 02 16 22 00 54 145.518 331.771 18.1 538527
2015 03 03 10 37 31 90.719 98.754 33.5 538783
2015 03 06 08 22 20 131.316 80.614 13.1 538824
2015 03 18 18 27 28 126.111 286.311 9.7 553527
2015 03 23 04 51 37 108.354 290.812 127.1 539087
2015 07 03 01 07 46 52.53 78.12 19 540849
2015 08 13 10 39 54 127.022 77.953 15.4 553251
2016 01 25 04 22 02 54.351 356.319 12 544342
2017 08 31 17 06 55 91.159 99.688 43.14 553417
2018 01 23 06 34 54 97.195 105.918 43.91 553237
2018 01 28 16 03 03 143.062 9.684 10 553221
2013 11 16 03 34 34 150.307 312.801 24 530792
2013 11 17 09 04 56 150.378 313.413 7.9 530832
2014 01 25 05 14 20 98.044 109.222 87.8 553512
2014 01 26 13 55 43 51.809 20.507 13.8 531898
2014 02 01 03 58 45 146.933 332.655 142.9 531990
2014 02 03 03 08 46 51.745 20.436 14.5 532035
2014 02 12 09 19 48 54.124 82.58 4.1 532175
2014 03 21 13 41 09 82.32 94.225 19.3 532745
2014 03 23 18 20 01 109.703 289.219 13.9 532817
2014 04 11 00 01 43 110.695 289.339 10.4 533175
2014 04 15 03 57 01 143.609 8.709 10 533357
2014 04 17 15 06 50 152.875 156.026 10 553962
2014 05 18 01 02 31 85.76 92.737 32.9 533999
2014 05 24 09 25 03 49.724 25.369 8.2 534090
2014 06 14 11 11 03 100.113 91.038 23.1 553515
2014 06 29 07 52 56 145.475 331.605 15.1 534719
2014 06 29 14 32 49 145.418 331.776 11.9 534744
2014 07 02 05 53 34 152.31 154.99 12 553517
2014 08 18 02 32 04 57.289 47.638 10 535475
2014 08 18 18 08 22 57.418 47.703 5 535494
2014 08 23 22 32 23 122.695 288.559 32 535593
2014 09 24 11 16 13 113.784 293.412 204.5 536099
2014 10 07 13 49 41 66.657 100.5 12.8 536316
2014 11 03 08 48 29 131.824 80.043 7.4 553474
2015 04 16 18 07 43 54.805 26.837 22.6 553528
2015 04 25 06 11 26 61.87 84.716 13.4 539594
2015 04 25 06 45 21 61.84 84.843 14.7 539604
2015 04 26 07 09 09 62.264 85.978 13.4 539668
2015 05 12 07 05 18 62.199 86.126 12.3 539984
2015 05 12 07 36 53 62.476 86.141 13.8 539990
2015 05 24 04 53 23 106.814 345.739 11.7 540236
2015 06 10 13 52 08 112.409 291.549 121.8 540537
2015 06 17 12 51 35 125.37 342.191 27.1 540638
2015 06 20 02 10 07 126.334 286.333 17.4 540661
2015 09 16 22 54 32 121.572 288.326 22.44 542090
2015 09 16 23 18 41 121.562 288.574 28.41 542096
2015 09 17 01 41 05 121.104 288.35 42.32 553252
2015 09 17 03 55 15 121.424 288.313 27 542140
2015 09 17 04 10 27 121.52 288.19 23 542145
2015 09 17 04 10 27 121.517 288.196 23 542145
2015 09 18 09 10 44 122.368 287.771 8 542215
2015 09 18 15 59 42 74.724 314.012 10 553253
2015 09 19 05 06 47 119.641 287.923 6 553254
2015 09 19 12 52 20 122.33 287.93 18 553255
2015 09 19 12 52 20 122.333 287.938 18 553255
2015 09 21 05 39 34 121.58 288.26 30 542298
2015 09 21 05 39 34 121.575 288.257 30 542298
2015 09 21 17 40 00 121.727 288.621 35 542307
2015 09 22 07 13 00 121.44 288.74 58 542332
2015 09 22 07 13 00 121.444 288.735 58 542332
2015 09 26 02 51 18 120.814 288.679 46 542397
2015 09 28 15 28 05 113.8 293.4 219 542450
2015 10 26 09 09 42 53.476 70.367 231 542863
2015 11 07 07 31 43 120.879 288.549 46 543042
2015 11 08 16 47 02 83.157 94.648 10 543097
2015 11 11 01 54 38 119.506 287.994 12 553256
2015 11 11 02 46 19 119.509 287.942 10 553257
2015 11 17 07 10 07 51.33 20.6 11 543269
2015 11 27 21 00 22 114.828 289.4 34 543465
2015 12 04 22 25 00 137.616 85.091 35 543591
2015 12 07 07 50 05 51.79 72.779 22 553258
2015 12 25 19 14 47 53.507 71.126 206 543913
2016 01 01 02 00 39 140.557 139.448 10 543991
2016 01 03 23 05 22 65.17 93.66 55 544017
2016 01 03 23 05 22 65.197 93.65 55 544017
2016 01 14 03 25 28 109.759 296.672 582.56 544187
2016 02 10 00 33 05 120.572 288.417 29 544583
2016 02 12 10 02 24 99.633 119.401 28 544610
2016 02 27 21 29 43 141.789 139.595 10 544852
2016 03 02 12 49 48 94.952 94.329 24 544905
2016 04 10 10 28 58 53.528 71.131 212 545480
2016 04 13 13 55 17 66.906 94.865 136 553260
2016 04 19 05 25 39 145.728 332.77 14 545711
2016 05 28 09 46 59 146.24 333.065 78 546353
2016 06 01 22 56 00 92.096 100.665 50 546440
2016 06 09 04 13 08 101.248 116.266 19 546550
2016 06 26 11 17 11 50.521 73.338 13 546856
2016 07 25 17 26 50 116.104 289.493 72 553261
2016 08 04 14 15 13 112.308 293.974 270 553262
2016 08 19 07 32 22 145.279 328.126 10 547766
2016 08 24 10 34 54 69.078 94.568 82 547904
2016 10 30 06 40 19 47.146 13.088 10 548956
2016 11 04 16 20 43 125.103 289.004 90.79 553263
2016 11 25 14 24 30 50.77 74.02 17 549447
2016 12 25 14 22 27 133.405 286.06 38 550061
2017 02 18 12 10 17 113.861 293.341 222 553266
2017 02 21 14 09 04 109.281 296.096 595.98 553267
2017 04 05 06 09 12 54.201 60.436 13 553268
2017 04 15 08 19 43 113.27 292.235 155 553269
2017 04 23 02 36 07 123.036 287.994 21 553215
2017 04 24 21 38 30 123.029 287.955 28 553216
2017 05 03 04 47 13 50.501 71.451 10 553217
2017 05 10 23 23 37 146.427 334.218 17.39 553211
2017 06 12 12 28 39 51.085 26.371 12 553270
2017 07 19 12 16 23 107.415 66.483 10 553218
2017 07 20 22 31 11 53.076 27.413 7 553272
2017 07 27 17 53 24 76.604 310.675 10 553273
2017 08 08 23 27 53 45.699 82.826 20 553274
2017 08 13 03 08 10 93.768 101.622 31 553219
2017 08 18 02 59 21 91.09 346.337 10 553275
2017 09 04 08 07 35 147.788 334.422 35 553220
2017 10 10 06 32 20 108.521 290.359 82.43 553225
2017 10 10 18 53 27 144.258 8.605 9 553226
2017 11 11 00 36 14 101.742 345.886 10 553223
2017 11 12 18 18 17 55.095 45.956 19 553227
2017 11 17 22 34 19 60.168 94.977 8 553212
2017 11 30 06 32 50 91.08 336.568 10 553228
2017 12 01 02 32 46 59.257 57.313 9 553229
2017 12 12 08 43 17 59.281 57.27 10 553230
2017 12 12 21 41 31 59.178 57.286 8 553231
2017 12 13 18 03 42 144.217 2.168 10 553232
2017 12 15 16 47 58 97.492 108.174 90 553233
2018 01 11 18 26 24 71.638 96.077 9 553234
2018 01 21 01 06 42 108.852 290.544 116 553236
2018 01 31 07 07 00 53.457 70.815 191.19 553238
