2010 08 21 05 42 54 87.802 96.723 33.2 510452
2012 06 04 00 45 16 84.706 277.368 15 522270
2012 11 11 01 12 39 67.11 95.848 14.2 524746
2012 06 29 21 07 32 46.567 84.612 17.1 522641
2012 07 20 06 10 27 40.753 156.109 37.9 553185
2012 08 02 09 38 31 98.454 285.728 148.8 523107
2012 08 30 13 43 25 18.554 348.966 11.1 553178
2012 09 09 05 39 39 40.703 155.695 54 523773
2012 11 12 20 42 15 32.443 217.141 19 524794
2012 11 16 18 12 43 40.764 155.654 50.8 524862
2013 02 28 14 05 50 39.214 157.485 52.8 526847
2010 03 30 16 54 47 76.388 92.874 38.5 552744
2010 04 06 22 15 02 87.64 97.111 33.4 508706
2010 04 13 23 49 37 56.808 96.746 13.8 508820
2010 04 14 01 25 16 56.851 96.489 12.2 508826
2010 04 30 23 11 43 29.53 182.15 13.3 509025
2010 04 30 23 16 29 29.533 182.394 16 509026
2010 05 09 05 59 42 86.268 96.027 42.3 509134
2010 05 19 04 15 42 95.125 282.504 129 509236
2010 05 24 16 18 28 98.115 288.359 582.1 509297
2010 05 25 10 09 06 54.717 324.064 15.4 550452
2010 05 31 19 51 47 78.79 93.651 131.6 509381
2010 06 01 03 26 17 80.68 275.811 28.4 509385
2010 06 12 19 26 50 82.15 91.954 31.4 509523
2010 07 30 03 56 14 37.579 159.922 30.3 510120
2010 08 12 11 54 15 91.277 282.631 206.5 510310
2010 08 16 03 30 54 107.807 65.602 14.7 510398
2010 09 17 19 21 15 53.465 70.969 215.4 551205
2012 04 11 08 38 37 87.763 93.014 26.3 521291
2012 04 11 10 43 10 89.233 92.428 21.6 521308
2012 04 15 05 57 40 87.419 90.335 25 521481
2012 06 02 07 52 54 112.101 296.343 539.4 553200
2012 06 04 03 15 24 84.55 277.437 9.5 522271
2012 06 23 04 34 53 86.998 97.911 101.9 553181
2012 06 24 03 15 01 32.499 163.414 16 522562
2012 07 25 00 27 45 87.375 96.11 28.6 523007
2012 07 26 05 33 33 107.55 66.29 16.2 523026
2012 08 11 12 23 17 51.598 46.838 8.7 523253
2012 08 11 12 34 36 51.621 46.795 18.9 523255
2012 08 12 10 47 07 54.348 82.541 14 523270
2012 08 14 02 59 38 40.25 145.305 590.7 523282
2012 09 05 14 42 07 79.976 274.612 20.7 523691
2012 09 30 16 31 34 88.093 283.629 155.2 524079
2012 10 24 00 45 33 79.926 274.629 22.3 553202
2012 10 28 03 04 07 37.323 227.828 7.4 524471
2012 10 30 02 49 01 37.855 227.889 9.5 524556
2012 11 08 02 01 49 40.874 231.459 11 553204
2013 01 05 08 58 19 34.766 225.2 3.1 525642
2013 01 21 22 22 54 85.038 95.921 24.6 525877
2013 01 28 16 38 53 47.418 79.721 14.3 525963
2013 02 09 14 16 06 88.966 282.538 144.2 526478
2013 02 14 13 13 52 22.483 142.701 8.9 526587
2013 04 05 13 00 02 47.265 131.064 571.3 527339
2013 04 16 10 44 19 62.03 62.136 63.1 527535
2013 04 20 00 02 47 59.732 103.02 18 553182
2013 05 21 01 55 06 37.586 160.573 23.4 528158
2013 05 21 05 43 22 37.784 160.224 45.9 528176
2013 05 24 05 44 49 35.185 153.391 607 528250
2013 05 24 14 56 31 37.865 151.568 632 528265
2013 06 15 17 34 29 78.259 272.955 41.4 528559
2013 06 24 22 04 14 79.31 317.332 17.5 528673
2013 07 02 07 37 05 85.31 96.582 25.4 528755
