2007 07 21 13 26 53 98.0859 288.7929 633.7 493050
2007 07 21 15 34 39 112.2136 294.2505 290.6 493053
2007 07 31 22 55 29 90.1853 342.2246 17.6 493455
2007 08 15 23 40 52 103.3836 283.4445 41.2 494141
2007 08 16 05 16 37 104.2784 283.9081 24.7 494189
2007 08 16 11 35 38 104.2544 283.7994 31.8 494222
2007 09 10 01 49 14 86.9995 282.0999 29.0 554354
2007 10 02 17 59 57 35.4576 198.224 44.5 496151
2007 11 14 15 40 40 112.3208 290.2197 33.6 496527
2007 12 13 05 20 13 113.1885 289.5823 41.7 550862
2007 12 13 07 23 39 113.2335 289.4724 30.6 550863
2007 12 16 08 09 15 112.8877 289.8711 57.0 551132
2008 01 09 08 26 35 57.5958 85.2551 27.7 497275
2008 02 04 17 01 16 110.1855 290.0524 42.8 554333
2008 02 08 09 38 10 79.2749 318.098 4.1 497646
2008 02 16 14 44 58 111.3193 291.6372 131.8 497726
2008 02 21 02 46 17 12.9388 18.5685 10.5 550476
2008 02 21 14 15 50 48.8997 245.124 10.0 551273
2008 05 12 06 28 00 58.9364 103.372 7.6 550881
2008 05 23 19 35 26 82.6407 325.109 10.0 550883
2008 05 25 08 21 38 57.3969 105.377 14.0 550741
2008 05 29 15 45 58 26.0436 339.0125 10.0 553046
2008 06 27 11 40 16 79.004 91.841 27.6 499672
2008 07 05 02 11 56 36.0538 152.863 646.1 499789
2008 07 08 09 12 56 105.9861 288.2518 122.6 499837
2008 08 05 09 49 18 57.1895 105.503 10.8 500169
2008 08 11 23 38 34 90.9785 338.2025 16.2000009766 554334
2008 08 25 13 22 00 58.9388 83.6521 25.5 554335
2008 08 28 15 22 11 90.0245 342.5605 4.5 500463
2008 08 30 08 30 46 63.6912 101.895 2.4 500488
2008 09 03 11 25 07 116.83 296.8067 570.6 500549
2008 09 10 11 00 30 63.2277 55.8332 12.0 550898
2008 09 10 13 08 04 81.8735 321.3198 3.1 500636
2008 09 24 02 33 02 72.4791 254.545 10.0 500793
2008 10 06 08 30 33 60.1555 90.3787 6.4 550905
2008 10 11 10 40 11 70.8065 295.174 25.7 501027
2008 10 12 20 55 31 110.1808 295.0179 357.8 550909
2008 10 16 19 41 23 75.459 267.6655 83.5 551335
2008 10 28 23 09 42 59.4072 67.3746 18.8 501217
2008 10 29 11 32 28 59.5027 67.5633 2.9 501224
2008 11 22 18 49 38 91.1892 345.9806 8.0 553098
2008 11 24 09 02 57 35.7799 154.293 505.3 501578
2009 03 06 10 50 27 9.6857 358.0363 14.2 502990
2009 03 12 23 23 23 84.482 277.2835 10.7 551295
2009 04 17 02 07 56 109.5806 289.4976 28.7 503568
2009 05 28 08 24 42 73.1922 273.757 29.0 504022
2009 05 28 08 24 47 69.72 273.4 10.0 554336
2009 06 06 20 33 17 66.1698 313.7838 14.6 550918
2009 07 04 06 49 28 80.2477 280.9779 48.6 554337
2009 08 10 19 55 31 75.9478 92.8685 30.7 550971
2009 08 20 06 34 56 17.7911 0.9513 9.5 551000
2009 10 29 17 44 25 53.6178 70.7684 213.9 551019
2009 11 13 03 05 48 109.469 289.5819 36.0 551028
2009 11 14 19 44 18 112.9595 293.4137 214.3 506399
2009 11 17 15 30 39 38.0378 228.402 8.7 506425
2010 01 10 00 27 37 49.3346 235.533 20.6 551464
2010 01 12 21 53 04 71.6177 287.412 15.0 507104
2010 03 04 22 39 21 112.2651 291.5421 108.4 508136
2010 03 08 02 32 30 51.2116 40.044 12.2 508208
2010 03 26 14 52 06 118.0601 289.0878 41.4 554338
2010 03 30 16 54 45 76.3872 92.8746 38.5 508622
2010 04 04 22 40 38 57.7236 244.737 5.2 508685
2010 04 13 23 49 28 56.8072 96.7466 13.8 508820
2010 05 06 02 42 48 108.0961 289.4135 46.8 553550
2010 05 24 16 18 14 98.1152 288.3588 582.1 509297
2010 06 01 03 26 04 80.6792 275.8102 28.4 551339
2010 07 12 00 11 15 112.2789 291.6841 109.4 509853
2010 08 12 11 54 15 91.2779 282.6306 206.5 510310
2011 01 01 09 56 43 116.8513 296.7627 584.3 512345
2011 01 18 20 23 09 61.3169 63.9948 79.9 550843
2011 02 04 13 53 41 65.3906 94.7347 86.5 512855
2011 02 25 13 07 18 72.1786 264.8292 130.600007812 550714
2011 03 06 12 31 50 108.2064 290.4994 114.5 551065
2011 08 24 17 46 00 97.6203 285.462 149.3 517876
2011 09 02 13 47 02 118.4135 296.864 592.7 551097
2011 09 09 19 41 25 40.6114 232.935 15.4 553196
2011 09 18 12 40 43 62.1961 88.1536 29.6 518230
2011 10 23 10 41 20 51.2706 43.4465 7.6 518671
2011 10 28 18 54 33 104.5572 283.8793 29.0 518760
2011 11 07 22 35 24 78.3082 274.2162 177.2 518915
2011 11 17 01 56 49 91.7479 278.2943 19.6 519021
2011 11 22 18 48 14 105.3083 294.8366 560.3 519114
2011 12 07 22 23 07 117.9324 288.8656 13.8 519310
2011 12 11 01 47 23 72.0976 260.0702 65.4 519351
2011 12 27 15 21 54 38.1651 95.9643 12.8 551440
2012 01 30 05 10 50 104.2139 284.3416 34.2 520094
2012 02 26 06 17 15 38.1992 95.9804 13.0 520525
2012 03 05 07 45 58 118.2579 296.7084 551.9 520700
2012 03 20 18 02 47 73.5266 261.6306 19.4 520986
2012 04 02 17 36 35 73.6271 261.5385 16.2999990234 521195
2012 04 11 22 41 38 46.4487 232.371 16.4 521362
2012 04 11 22 55 10 71.7958 257.124 27.6 521364
2012 04 12 07 15 46 61.1614 246.873 10.0 521380
2012 05 14 10 00 28 107.7968 290.2074 108.7 521959
2012 05 28 05 07 13 118.021 296.8866 591.1 553201
2012 06 02 07 52 44 112.1017 296.3426 539.4 553202
2012 06 04 03 15 15 84.5497 277.4369 9.5 522271
2012 06 07 16 03 14 105.9117 287.5277 106.7 522329
2012 06 24 03 14 58 32.4988 163.415 16.0 522562
2012 06 29 21 07 26 46.5665 84.6125 17.1 522641
2012 08 02 09 38 18 98.454 285.7274 148.8 523107
2012 08 11 12 23 12 51.5977 46.838 8.7 523253
2012 08 11 12 34 33 51.6202 46.7958 18.9 523255
2012 08 30 13 43 20 18.5536 348.9659 11.1 553181
2012 09 05 14 42 02 79.9758 274.6116 20.7 523691
2012 09 25 23 45 19 65.2258 249.816 8.10000048828 524027
2012 09 30 16 31 31 88.0921 283.6284 155.2 524079
2012 10 24 00 45 33 79.9255 274.6284 22.3 553205
2012 10 28 03 03 55 37.3223 227.828 7.4 524471
2012 10 28 18 54 18 37.4616 227.341 5.1 524515
2012 11 07 16 35 46 75.9682 267.9331 38.7 553206
2012 11 10 14 57 43 98.9367 284.9116 128.600007812 524739
2012 11 14 19 02 03 119.1789 288.6137 61.5 553208
2012 11 15 09 20 19 71.8005 259.475 57.9 524840
2013 01 05 08 58 18 34.7653 225.199 3.1 525642
2013 01 28 16 38 48 47.4176 79.7217 14.3 525963
2013 01 30 20 15 35 118.1096 289.1117 46.1 553210
2013 02 09 14 15 59 88.9655 282.538 144.2 526478
2013 02 14 13 13 48 22.4827 142.702 8.9 526587
2013 02 22 12 01 55 117.9052 296.8651 585.6 526749
2013 04 09 11 52 46 61.5537 51.629 12.8 527405
2013 04 16 10 44 12 62.0296 62.136 63.1 527535
2013 04 22 01 16 30 71.9588 257.802 31.5 527690
2013 05 11 02 08 09 63.3417 57.8438 15.1 527912
2013 05 24 05 44 44 35.185 153.391 607.0 528250
2013 06 24 22 04 11 79.3095 317.3313 17.5 528673
2013 07 21 23 45 48 55.4953 104.261 5.1 529026
2013 07 22 07 01 40 136.0946 34.8615 3.2 529033
2013 08 12 09 49 29 95.4117 278.021 12.8 529326
2013 08 13 15 43 09 84.282 281.8749 18.6 529340
2013 08 21 12 38 24 73.1428 260.4812 18.9 529460
2013 09 04 00 23 01 38.8289 229.733 10.0 529664
2013 09 05 04 01 31 74.7482 314.7861 10.4 529693
2013 09 24 11 29 47 63.0891 65.5315 15.5 529974
2013 09 25 16 42 42 105.9001 285.3988 38.2 530007
2014 01 13 04 00 55 71.0078 293.1315 30.9 531704
2014 02 12 09 19 45 54.1233 82.5807 4.1 532175
2014 02 18 09 27 04 75.404 301.0281 28.3 532249
2014 03 15 08 59 14 104.1014 283.648 10.0 532623
2014 03 15 23 51 28 95.6717 279.0649 26.5 532639
2014 03 16 21 16 17 109.9051 289.3844 9.4 532652
2014 03 17 05 11 26 110.06 289.1716 5.3 553338
2014 03 22 12 59 54 109.8225 289.0559 4.4 532786
2014 03 23 18 20 00 109.7033 289.2186 13.9 532817
2014 04 01 23 46 35 109.6193 289.2123 17.1 532955
2014 04 03 01 58 24 110.3644 289.4993 10.6 533010
2014 04 03 02 43 02 110.5887 289.5095 12.0 533012
2014 04 03 05 26 05 110.7493 289.4592 13.0 533026
2014 04 04 01 37 48 110.6075 289.4663 19.3 533056
2014 04 10 23 27 41 77.5658 273.6699 12.6 533172
2014 04 11 00 01 33 110.6954 289.3384 10.4 533175
2014 04 11 20 29 10 78.2802 273.986 142.3 533219
2014 04 15 03 56 48 143.609 8.7098 10.0 533357
2014 04 18 14 27 18 72.6789 259.006 24.4 533427
2014 04 24 03 10 03 40.3517 232.348 9.8 533604
2014 05 08 17 00 10 72.8514 259.189 24.9 533841
2014 05 10 07 35 58 72.9421 259.068 23.3 533868
2014 05 13 06 35 15 82.8549 277.76 13.1 533921
2014 07 07 11 23 49 75.276 267.5386 53.0 534879
2014 07 17 11 49 30 29.7005 219.663 10.0 535033
2014 07 25 10 54 49 31.6938 223.04 10.0 553560
2014 08 18 18 08 10 57.4173 47.7037 5.0 535494
2014 08 24 23 21 28 104.589 286.55 74.4 535618
2014 08 24 23 21 32 104.52 286.465 70.0 535618
2014 09 24 11 16 08 113.7849 293.4112 204.5 536099
2014 09 25 17 51 09 28.0137 208.084 106.9 536121
2014 10 07 13 49 33 66.6566 100.501 12.8 536316
2014 10 14 03 51 31 77.4107 271.928 63.9 536453
2014 11 22 08 55 23 59.686 101.803 2.0 537173
2014 12 06 17 21 47 82.0176 277.2661 15.0 537419
2014 12 08 08 54 46 82.0599 277.3135 20.0 537452
2015 02 02 10 49 41 122.6484 292.8499 172.7 538333
2015 02 11 18 57 06 113.0653 293.3379 203.6 553365
2015 03 23 04 51 34 108.3544 290.8117 127.1 539087
2015 04 24 13 56 10 38.358 229.141 6.4 539589
2015 04 25 06 11 24 61.8698 84.7168 13.4 539594
2015 04 25 06 45 17 61.8397 84.8433 14.7 539604
2015 04 26 07 09 01 62.2635 85.9788 13.4 539668
2015 05 12 07 05 18 62.1986 86.126 12.3 539984
2015 05 12 07 36 47 62.4752 86.1418 13.8 539990
2015 05 24 04 53 13 106.8146 345.7385 11.7 540236
2015 05 29 07 00 08 33.2921 203.324 64.6 540317
2015 06 10 13 52 03 112.4098 291.5481 121.8 540537
2015 06 17 12 51 31 125.3709 342.191 27.1 540638
2015 07 03 01 07 35 52.5297 78.1205 19.0 540849
2015 07 16 15 16 25 76.1992 301.4298 19.4 541050
2015 07 29 02 35 53 30.0278 206.675 121.2 541259
2015 09 13 08 14 07 65.087 250.377 10.0 542038
2015 09 18 15 59 36 74.7233 314.0114 10.0 553214
2015 09 28 15 28 01 113.8 293.4 219.0 542450
2015 10 26 09 09 41 53.4756 70.3676 231.0 542863
2015 11 11 01 54 35 119.5067 287.9932 12.0 553217
2015 11 11 02 46 15 119.5097 287.9415 10.0 553218
2015 11 24 22 45 39 100.5372 289.0563 606.21 543408
2015 11 24 22 50 54 100.0598 288.9816 620.56 543409
2015 11 26 05 45 15 99.1825 288.7426 602.75 543439
2015 11 27 21 00 19 114.828 289.3991 34.0 543465
2015 12 07 07 49 59 51.7893 72.7797 22.0 553219
2015 12 17 19 49 46 74.1991 266.3706 85.0 543811
2015 12 25 19 14 45 53.5065 71.1263 206.0 543913
2016 01 03 23 05 14 65.17 93.66 55.0 544017
2016 01 03 23 05 21 65.1964 93.6505 55.0 544017
2016 01 14 03 25 18 109.7597 296.6712 582.56 544187
2016 01 24 10 30 26 30.3796 206.661 125.6 544330
2016 03 19 11 26 31 72.004 299.2981 26.0 545137
2016 04 02 05 49 53 32.992 202.068 11.4 554355
2016 04 10 10 28 51 53.5275 71.1311 212.0 545480
2016 04 13 13 55 14 66.9056 94.8654 136.0 553221
2016 04 16 23 58 31 89.6181 280.0782 20.59 545660
2016 04 20 08 33 41 89.361 279.7896 14.0 545747
2016 04 22 03 03 35 90.2921 279.4961 10.0 545775
2016 04 27 12 51 12 75.4822 266.9118 16.0 554326
2016 05 18 07 57 00 89.5739 280.2101 16.0 546223
2016 05 18 16 46 37 89.5053 280.384 29.95 546230
2016 06 07 10 51 36 71.6363 254.827 10.0 546526
2016 06 10 03 25 20 77.1682 273.0367 10.0 546564
2016 06 26 11 16 59 50.5207 73.3388 13.0 546856
2016 07 11 02 10 51 89.4188 280.362 21.0 547094
2016 07 25 17 26 43 116.1049 289.4926 72.0 553222
2016 08 04 14 15 06 112.3087 293.9739 270.0 553223
2016 08 24 10 34 43 69.0776 94.5687 82.0 547904
2016 08 29 04 29 43 90.0471 342.1706 10.0 547979
2016 09 10 10 08 19 95.573 283.0464 121.0 548213
2016 11 20 20 57 39 121.6428 291.2355 115.79 549319
2016 11 24 18 43 42 78.0403 271.1645 10.34 549430
2016 11 25 14 24 24 50.77 74.0208 17.0 549447
2016 12 01 22 40 13 105.2943 289.1772 10.0 549543
2016 12 08 14 49 46 49.5247 233.847 12.08 549628
2016 12 18 13 30 09 99.9661 289.0302 622.53 553225
2017 01 08 23 46 58 15.6082 267.5959 31.0 553596
2017 02 18 12 10 08 113.8613 293.3408 222.0 553227
2017 02 21 14 08 51 109.2814 296.0953 595.98 553228
2017 03 29 04 09 19 33.062 162.787 15.52 553608
2017 04 03 17 40 10 112.6784 25.1558 29.0 553609
2017 04 05 06 09 13 54.2001 60.4364 13.0 553230
2017 04 15 08 19 36 113.2706 292.2345 155.0 553231
2017 05 01 12 31 54 30.1702 223.324 8.0 553617
2017 05 01 14 18 04 30.1705 223.296 2.53 553618
2017 06 14 07 29 05 75.0177 268.0118 94.0 553630
2017 06 22 12 30 55 76.2473 269.0512 46.82 553632
2017 06 30 22 29 45 90.2882 279.5065 13.0 553636
2017 07 18 02 05 02 106.4206 286.3704 44.92 553237
2017 07 27 17 53 21 76.604 310.6741 10.0 553240
2017 08 08 13 19 49 56.8074 103.855 9.0 553449
2017 08 08 23 27 50 45.6986 82.8268 20.0 553241
2017 08 18 02 59 19 91.0907 346.3369 10.0 553243
2017 09 19 18 14 28 71.4322 261.5192 51.0 553663
2017 10 10 06 31 58 108.5212 290.3589 82.43 553246
2017 10 10 18 53 03 144.2584 8.6055 9.0 553247
2017 11 11 00 36 14 101.7424 345.8858 10.0 553248
2017 11 12 18 18 06 55.0948 45.9563 19.0 553249
2017 11 13 02 28 06 80.4853 275.5135 19.36 553687
2017 11 17 22 34 16 60.1673 94.9776 8.0 553250
2017 11 30 06 32 49 91.0802 336.5677 10.0 553251
2017 12 01 02 32 36 59.2569 57.3138 9.0 553252
2017 12 03 11 19 02 90.4895 279.6893 16.0 553697
2017 12 12 08 43 05 59.2804 57.2705 10.0 553253
2017 12 12 21 41 09 59.1774 57.2861 8.0 553254
2018 01 10 02 51 22 72.5257 276.4807 10.0 553709
2018 01 11 18 26 22 71.6371 96.0776 9.0 553257
2018 01 14 09 18 36 105.7589 285.2905 39.0 553258
2018 01 21 01 06 36 108.8524 290.5436 116.0 553259
2018 01 23 09 31 31 33.9536 210.927 25.0 553715
2018 01 25 02 10 19 34.4581 166.446 11.17 553718
2018 01 28 16 02 53 143.0623 9.6842 10.0 553261
2018 01 31 07 06 48 53.4568 70.8155 191.19 553262
2018 02 16 23 39 30 73.6113 262.0211 25.98 553728
2018 04 02 13 40 26 110.6588 296.9942 559.0 553265
2018 05 09 10 41 34 53.0084 71.3833 116.0 553268
2018 08 12 14 58 52 20.4381 214.7 2.2 553795
2018 08 12 21 14 40 20.4795 215.64 1.7 553797
2018 08 17 23 22 00 81.2306 276.8469 15.0 553800
2018 08 21 21 31 39 79.2209 297.093 146.18 553271
2018 08 22 09 31 38 46.3551 232.397 10.0 553802
2018 08 24 09 04 04 101.0424 289.1831 609.48 553272
2018 08 25 22 13 16 55.3889 46.2422 10.0 553273
2018 09 07 02 11 40 92.3453 281.1045 93.53 553816
2018 09 18 07 27 35 127.811 49.782 10.0 553274
2018 10 22 05 39 25 40.7504 230.522 10.96 553842
2018 10 22 06 16 21 40.6532 230.786 10.0 553843
2018 11 01 22 19 37 109.5882 290.7077 102.0 553526
2018 11 09 01 49 37 18.3736 348.7498 10.0 553852
2018 11 11 14 03 55 74.4347 310.1281 10.0 553276
2018 11 14 21 21 48 34.3676 162.001 50.21 553854
2018 11 25 16 37 32 55.6536 45.7432 18.0 553278
2018 11 30 17 29 28 28.6536 210.045 46.7 553865
2018 12 24 12 41 15 34.5829 164.435 10.0 553872
2019 01 05 19 25 33 98.1486 288.4166 571.18 553538
2019 01 20 01 32 49 120.071 288.5798 54.82 553541
2019 01 22 19 01 40 133.1219 42.3568 13.0 553549
2019 02 22 10 17 20 92.199 282.9769 132.36 554356
2019 03 01 08 50 30 104.7016 289.865 267.0 554357
2019 03 15 05 03 43 107.8744 294.0928 359.0 554358
2019 03 23 19 20 50 85.4371 283.7769 122.0 554359
2019 03 31 07 04 04 91.944 279.1911 18.0 554360
2019 05 26 07 41 05 95.8132 284.7225 122.4 554361
2019 05 30 09 03 16 76.8538 270.6337 25.0 554362
2019 06 25 09 05 26 33.792 164.184 10.0 554363
2019 06 26 02 17 41 33.8221 164.11 10.0 554364
2019 06 26 05 23 42 81.551 277.2323 26.22 554365
2019 08 29 15 07 36 46.4564 232.124 4.74 554366
2019 09 24 03 23 27 70.923 292.7299 10.0 554367
2019 09 24 21 19 38 123.8146 56.2955 10.0 554368
2019 10 23 16 08 14 91.0987 346.1633 10.0 554369
2019 11 20 04 27 02 76.1145 266.7867 14.16 554370
2019 12 03 08 46 28 108.5597 289.3496 32.4399980469 554371
2019 12 20 11 39 47 53.455 70.4485 212.0 554372
2019 12 24 16 43 26 116.9915 296.6252 581.63 554373
2019 12 24 19 03 38 86.4727 285.9499 11.0 554374
2019 12 25 03 35 59 39.3919 230.034 6.38 554375
2020 01 07 08 24 15 72.0839 293.1875 10.0 554376
2020 01 09 08 38 08 27.6592 171.06 10.0 554377
2020 01 24 17 55 08 51.6102 39.0814 11.91 554378
