2012 09 26 23 39 56 38.46 181.816 26.8 524038
2011 06 22 21 50 51 50.024 142.462 32.1 550365
2011 07 26 17 44 21 64.91 250.464 17 517475
2012 10 08 06 26 23 64.912 250.387 17 553195
2012 09 25 23 45 24 65.226 249.817 8.1 524027
2010 06 18 02 23 07 45.508 148.742 43.7 509594
2010 09 03 11 16 08 38.373 184.0 45.8 554003
2010 09 09 07 28 01 127.054 286.465 18.6 550938
2010 03 15 11 08 32 125.851 286.511 35 551039
2011 09 14 18 10 09 37.032 172.947 19.4 518169
2012 04 11 22 41 46 46.449 232.371 16.4 521362
2010 04 30 23 16 29 29.533 182.394 16 509026
2013 02 02 14 17 34 47.216 143.147 105 526071
2011 04 30 08 19 16 83.149 277.641 10 515900
2013 04 19 03 05 52 43.928 150.924 109 553284
2013 05 21 01 55 06 37.586 160.573 23.4 528158
2010 07 18 05 56 45 37.247 190.226 21.5 509919
2012 06 19 15 56 33 36.737 171.601 20.2 522501
2012 12 15 04 49 31 37.764 174.065 38.8 525328
2009 10 29 17 44 32 53.618 70.768 213.9 506217
2009 11 10 02 48 46 81.972 91.951 22.7 506357
2009 11 13 03 05 58 109.469 289.582 36 506382
2009 11 14 19 44 29 112.959 293.414 214.3 551030
2009 11 17 15 30 46 38.038 228.402 8.7 506425
2009 12 09 16 00 43 90.722 338.862 10 506703
2009 12 10 02 30 52 36.602 152.798 653.2 506708
2009 12 19 23 19 17 100.018 33.831 14 506810
2010 01 05 04 55 38 148.464 345.141 10 507018
2010 01 10 00 27 41 49.335 235.534 20.6 507076
2010 01 12 21 53 10 71.618 287.412 15 552742
2010 02 18 01 13 18 47.398 130.699 573.7 507582
2010 02 27 06 34 13 126.148 287.068 28.1 550507
2010 02 27 08 01 23 127.84 284.79 35 550681
2010 02 27 08 25 29 124.804 287.551 34.2 550682
2010 02 27 10 30 34 123.228 288.029 15 554004
2010 02 27 15 45 39 114.795 294.539 31.8 550688
2010 02 27 19 00 05 123.467 287.972 19 554005
2010 02 28 11 25 35 125.002 288.405 41.6 554006
2010 03 04 01 59 49 123.216 287.807 30.3 550702
2010 03 04 22 39 25 112.265 291.543 108.4 508136
2010 03 05 09 19 36 126.631 286.761 34.3 550804
2010 03 05 11 47 07 126.667 286.551 21.8 508153
2010 03 08 02 32 35 51.212 40.044 12.2 508208
2010 03 11 14 39 45 124.352 288.045 19.3 508292
2010 03 11 14 55 29 124.293 288.198 24.4 508294
2010 03 26 14 52 06 118.06 289.088 41.4 553947
2010 03 30 16 54 47 76.388 92.874 38.5 552744
2010 04 02 22 58 09 126.263 287.073 34.3 508656
2010 04 04 22 40 43 57.724 244.737 5.2 508685
2010 04 06 22 15 02 87.64 97.111 33.4 508706
2010 04 13 23 49 37 56.808 96.746 13.8 508820
2010 04 14 01 25 16 56.851 96.489 12.2 508826
2010 04 23 10 03 06 127.472 287.117 40.7 508933
2010 04 30 23 11 43 29.53 182.15 13.3 509025
2010 05 03 23 09 45 128.132 286.308 22 554007
2010 05 06 02 42 48 108.096 289.414 46.8 553545
2010 05 09 05 59 42 86.268 96.027 42.3 509134
2010 05 19 04 15 42 95.125 282.504 129 509236
2010 05 23 22 46 51 104.0 285.569 102.6 553546
2010 05 24 16 18 28 98.115 288.359 582.1 509297
2010 05 31 19 51 47 78.79 93.651 131.6 509381
2010 06 01 03 26 17 80.68 275.811 28.4 509385
2010 06 12 19 26 50 82.15 91.954 31.4 509523
2010 06 30 07 22 27 73.71 262.042 27.8 550514
2010 07 12 00 11 20 112.278 291.685 109.4 509853
2010 07 14 08 32 21 128.063 286.536 25.7 550807
2010 07 30 03 56 14 37.579 159.922 30.3 510120
2010 08 04 12 58 25 38.616 181.507 33.3 510192
2010 08 12 11 54 15 91.277 282.631 206.5 510310
2010 08 16 03 30 54 107.807 65.602 14.7 510398
2010 09 17 19 21 15 53.465 70.969 215.4 551205
2010 10 08 03 26 14 38.655 184.684 24.4 510998
2010 10 08 03 49 11 38.578 184.813 32.4 511000
2011 01 24 02 45 30 51.599 72.846 101.9 512688
2011 01 27 08 38 30 61.849 59.052 18.5 512724
2011 02 14 03 40 09 125.486 286.899 17 512991
2011 03 06 14 32 36 146.386 332.975 92 513227
2011 03 06 14 32 42 146.41 333.32 101.2 553192
2011 05 13 22 47 55 79.889 275.812 76.8 516183
2011 05 15 13 08 15 89.542 334.392 18.9 516209
2011 07 19 19 35 43 49.844 71.501 19.5 551088
2011 08 10 23 45 43 97.102 347.195 11.7 517677
2011 09 09 19 41 33 40.612 232.936 15.4 553197
2012 01 22 05 53 43 146.931 334.771 18.7 519966
2012 04 12 07 15 49 61.162 246.873 10 521380
2012 04 17 03 50 15 122.637 288.436 29.7 521513
2012 04 17 19 03 57 149.187 343.193 13.6 553177
2012 07 26 05 33 33 107.55 66.29 16.2 523026
2012 10 28 18 54 20 37.462 227.341 5.1 524515
2012 11 07 16 35 49 75.969 267.934 38.7 553203
2012 11 08 02 01 49 40.874 231.459 11 553204
2012 11 10 14 57 50 98.936 284.912 128.6 524739
2012 11 12 20 42 15 32.443 217.141 19 524794
2012 11 14 19 02 05 119.178 288.614 61.5 553205
2012 11 15 09 20 21 71.801 259.476 57.9 524840
2012 11 16 18 12 43 40.764 155.654 50.8 524862
2012 12 14 10 36 01 58.888 240.373 15.8 553206
2013 01 05 08 58 19 34.766 225.2 3.1 525642
2013 01 28 16 38 53 47.418 79.721 14.3 525963
2013 01 30 20 15 43 118.109 289.112 46.1 553207
2013 02 09 14 16 06 88.966 282.538 144.2 526478
2013 02 14 13 13 52 22.483 142.701 8.9 526587
2013 02 22 12 01 58 117.905 296.866 585.6 526749
2013 02 28 14 05 50 39.214 157.485 52.8 526847
2013 03 01 13 20 52 39.168 157.625 58 526856
2013 03 19 03 29 02 148.981 335.431 52 527097
2013 03 24 04 18 37 39.338 160.233 30 527159
2013 03 25 23 02 12 75.41 269.523 193.7 527186
2013 04 05 13 00 02 47.265 131.064 571.3 527339
2013 04 09 11 52 50 61.554 51.629 12.8 527405
2013 04 16 10 44 19 62.03 62.136 63.1 527535
2013 04 19 19 58 41 40.07 157.717 24.6 527624
2013 04 20 00 02 47 59.732 103.02 18 553182
2013 04 20 13 12 52 39.993 157.368 32.8 554008
2013 04 22 01 16 32 71.959 257.802 31.5 527690
2013 05 11 02 08 11 63.342 57.843 15.1 527912
2013 05 21 05 43 22 37.784 160.224 45.9 528176
2013 05 24 05 44 49 35.185 153.391 607 528250
2013 05 24 14 56 31 37.865 151.568 632 528265
2012 06 23 04 34 53 86.998 97.911 101.9 553181
2010 10 21 17 53 13 65.213 250.826 13.9 511143
2011 01 02 20 20 18 128.39 286.601 24.4 512363
2011 01 29 06 55 26 19.132 353.092 6.4 550705
2011 04 07 13 11 23 72.735 265.857 165.1 515365
2012 05 01 22 43 35 75.546 266.958 28.7 553196
2012 08 27 04 37 19 77.869 271.34 16 523419
2011 11 07 22 35 25 78.309 274.217 177.2 518915
2012 04 02 17 36 42 73.628 261.539 16.3 521195
2012 04 11 22 55 10 71.796 257.124 27.6 521364
2010 12 08 05 24 35 146.431 334.36 29 551229
2010 12 20 18 41 59 61.632 59.15 14.5 550837
2011 10 23 10 41 22 51.271 43.446 7.6 518671
2011 11 24 10 25 34 48.109 142.797 48.2 519133
2012 03 20 18 02 47 73.527 261.631 19.4 520986
2012 04 11 10 43 10 89.233 92.428 21.6 521308
2012 06 04 00 45 16 84.706 277.368 15 522270
2012 10 24 00 45 33 79.926 274.629 22.3 553202
2012 10 28 03 04 07 37.323 227.828 7.4 524471
2011 01 01 09 56 58 116.851 296.763 584.3 512345
2011 01 18 20 23 25 61.317 63.994 79.9 512610
2011 02 04 13 53 46 65.391 94.734 86.5 512855
2011 02 11 20 05 28 126.46 286.845 12.8 512958
2011 02 25 13 07 26 72.179 264.83 130.6 550714
2011 03 06 12 31 58 108.206 290.5 114.5 551065
2011 03 24 13 55 13 69.371 99.917 12.8 514977
2011 05 14 21 07 21 53.575 70.723 207.6 516197
2011 06 20 16 36 00 111.771 291.617 126.2 516819
2011 06 24 03 09 38 38.02 188.18 49.8 516862
2011 07 16 19 59 12 35.229 198.684 40.9 517334
2011 08 04 13 51 36 41.233 154.839 49.8 517601
2011 08 24 17 46 11 97.62 285.462 149.3 517876
2011 09 02 10 55 54 37.899 188.282 46 518006
2011 09 02 13 47 10 118.413 296.864 592.7 518009
2011 09 03 04 48 58 146.561 333.077 96.3 518020
2011 09 05 17 55 12 86.975 97.999 106.6 553194
2011 09 16 19 26 40 49.705 142.923 29.7 518197
2011 09 18 12 40 49 62.197 88.153 29.6 518230
2011 10 14 06 10 14 35.927 123.813 13.9 551442
2011 10 21 08 02 37 46.128 142.531 189 518640
2011 10 23 20 45 37 51.411 43.116 10.1 518698
2011 10 28 18 54 34 104.557 283.88 29 518760
2011 11 17 01 57 04 91.747 278.295 19.6 519021
2011 11 22 18 48 16 105.308 294.837 560.3 519114
2011 12 07 22 23 07 117.932 288.866 13.8 519310
2011 12 11 01 47 25 72.098 260.071 65.4 519351
2011 12 11 09 54 56 146.049 331.787 130.6 550967
2011 12 27 15 21 57 38.166 95.964 12.8 519571
2012 01 10 18 37 00 87.57 93.208 20.9 519785
2012 01 21 18 47 13 75.067 266.858 63.5 519956
2012 01 23 16 04 53 126.455 286.819 23.5 519982
2012 01 30 05 10 59 104.213 284.342 34.2 520094
2012 02 26 06 17 19 38.2 95.98 13 520525
2012 03 05 07 46 09 118.257 296.709 551.9 520700
2012 03 14 09 08 36 49.158 145.015 19.2 520862
2012 03 14 10 49 25 49.198 144.856 14.4 520867
2012 03 25 22 37 06 125.203 287.874 28.2 553198
2012 04 11 08 38 37 87.763 93.014 26.3 521291
2012 05 14 10 00 39 107.796 290.208 108.7 521959
2012 05 23 15 02 27 48.644 142.126 64.1 522116
2012 05 24 22 47 46 16.973 5.505 8.2 553179
2012 05 28 05 07 23 118.021 296.887 591.1 553199
2012 06 02 07 52 54 112.101 296.343 539.4 553200
2012 06 04 03 15 24 84.55 277.437 9.5 522271
2012 06 07 04 05 04 126.051 289.146 5.8 553201
2012 06 07 16 03 18 105.911 287.528 106.7 522329
2012 06 24 03 15 01 32.499 163.414 16 522562
2012 06 29 21 07 32 46.567 84.612 17.1 522641
2012 07 08 11 33 05 44.58 151.39 37.7 522762
2012 07 20 06 10 27 40.753 156.109 37.9 553185
2012 08 02 09 38 31 98.454 285.728 148.8 523107
2012 08 10 18 37 42 37.529 192.578 12.3 523239
2012 08 11 12 23 17 51.598 46.838 8.7 523253
2012 08 11 12 34 36 51.621 46.795 18.9 523255
2012 08 12 10 47 07 54.348 82.541 14 523270
2012 08 14 02 59 38 40.25 145.305 590.7 523282
2012 08 30 13 43 25 18.554 348.966 11.1 553178
2012 09 05 14 42 07 79.976 274.612 20.7 523691
2012 09 30 16 31 34 88.093 283.629 155.2 524079
2012 10 30 02 49 01 37.855 227.889 9.5 524556
