1999 08 17 00 01 22 49.244 29.955 17 554009
1998 03 29 07 14 51 90.0504 342.0338 10 309866
1999 10 18 02 43 20 146.194 333.39 25.1 339585
1998 05 30 06 22 17 52.8467 70.1183 30.4 554010
1998 08 29 08 30 19 145.7478 332.9356 33 318621
1998 10 08 04 51 36 106.0485 288.6528 111.6 554011
1998 09 03 17 37 56 119.3682 288.3804 12 318925
1998 06 27 13 55 51 53.1549 35.325 46.6 315163
1998 06 27 13 55 37 53.1549 35.325 46.6 315163
1999 01 24 08 00 04 116.45 74.497 10 325461
1999 11 11 18 05 38 88.754 100.214 214.6 341679
1999 10 18 02 43 20 146.194 333.39 25.1 339585
1998 03 29 07 14 54 90.0504 342.0338 10 309866
