2013 11 25 06 27 34 143.971 305.036 10 531009
2014 07 14 07 59 57 84.286 126.477 20 534985
2014 08 06 11 45 28 97.13 127.92 19.5 553521
2014 07 27 01 28 41 66.14 314.41 13.7 535168
2014 03 13 17 06 51 56.378 131.807 83.4 532589
2014 08 06 11 45 22 97.274 128.036 10 535321
2014 06 14 11 11 03 100.113 91.038 23.1 553515
2013 07 02 07 37 05 85.31 96.582 25.4 528755
2013 07 06 05 05 06 93.294 100.531 26.1 528806
2013 07 15 14 03 41 151.052 334.773 19.9 553183
2013 07 21 23 45 55 55.496 104.26 5.1 529026
2013 07 22 07 01 41 136.094 34.861 3.2 529033
2013 07 26 21 33 00 148.035 335.72 17 553176
2013 08 12 00 53 44 97.116 129.791 104.8 529319
2013 08 17 16 32 31 124.886 54.127 10.9 529414
2013 10 24 19 25 10 148.259 347.198 10 530474
2014 05 05 11 08 45 70.385 99.703 15.2 533793
2014 11 03 08 48 29 131.824 80.043 7.4 553474
2013 03 19 03 29 02 148.981 335.431 52 527097
2013 03 27 02 03 19 66.119 121.135 18.6 527207
2013 04 05 13 00 02 47.265 131.064 571.3 527339
2013 04 09 11 52 50 61.554 51.629 12.8 527405
2013 04 16 10 44 19 62.03 62.136 63.1 527535
2013 04 20 00 02 47 59.732 103.02 18 553182
2013 04 20 04 51 12 96.278 130.223 113.9 527649
2013 05 11 02 08 11 63.342 57.843 15.1 527912
2013 06 02 05 43 03 66.169 121.059 17 528376
2013 06 13 16 47 25 99.951 107.302 20.6 528532
2013 06 15 16 11 02 55.55 25.044 21.5 528549
2013 06 16 21 39 06 55.576 25.186 25 528583
2013 06 24 22 04 14 79.31 317.332 17.5 528673
2014 01 25 05 14 20 98.044 109.222 87.8 553512
2014 01 26 13 55 43 51.809 20.507 13.8 531898
2014 02 01 03 58 45 146.933 332.655 142.9 531990
2014 02 03 03 08 46 51.745 20.436 14.5 532035
2014 02 12 09 19 48 54.124 82.58 4.1 532175
2014 02 18 09 27 14 75.404 301.029 28.3 532249
2014 03 02 20 11 22 62.577 127.327 118.9 532425
2014 03 11 02 44 06 150.843 339.882 10 553513
2014 03 21 13 41 09 82.32 94.225 19.3 532745
2014 04 15 03 57 01 143.609 8.709 10 533357
2014 05 15 10 16 44 80.651 122.035 30.1 533960
2014 05 18 01 02 31 85.76 92.737 32.9 533999
2014 05 21 16 21 54 71.76 88.064 45.1 534049
2014 05 24 09 25 03 49.724 25.369 8.2 534090
2014 06 29 07 52 56 145.475 331.605 15.1 534719
2014 06 29 14 32 49 145.418 331.776 11.9 534744
2014 07 05 09 39 27 88.067 96.938 20 534852
2014 08 03 08 30 14 62.783 103.458 28 535273
2014 08 18 02 32 04 57.289 47.638 10 535475
2014 08 18 18 08 22 57.418 47.703 5 535494
2014 09 10 02 46 08 90.224 125.026 39.9 535864
2014 10 07 13 49 41 66.657 100.5 12.8 536316
2014 11 15 02 31 42 88.166 126.462 47.8 536993
2014 11 17 16 52 47 136.407 33.701 12.2 537073
2014 11 21 10 10 20 87.73 127.03 45.2 537155
2014 11 22 08 55 26 59.686 101.803 2 537173
2014 11 26 14 33 45 88.036 126.465 47.7 537244
2014 12 02 05 11 31 83.843 123.126 614 537349
2014 12 06 22 05 10 96.11 130.482 116 537420
2013 01 21 22 22 54 85.038 95.921 24.6 525877
2013 01 28 16 38 53 47.418 79.721 14.3 525963
2013 02 14 13 13 52 22.483 142.701 8.9 526587
2013 02 16 04 37 37 84.222 125.779 116.4 526624
2013 02 22 12 01 58 117.905 296.866 585.6 526749
2013 09 01 11 52 32 97.539 128.256 135.2 529616
2013 09 05 04 01 36 74.749 314.787 10.4 529693
2013 09 06 11 33 54 69.814 122.333 189.4 529722
2013 09 21 01 39 15 97.267 119.95 550.1 529928
2013 09 24 11 29 48 63.09 65.531 15.5 529974
2013 09 28 07 34 07 62.839 65.619 18.7 530039
2013 10 04 17 26 14 128.707 78.5 11 530134
2013 10 12 13 11 53 54.473 23.371 46.9 530236
2013 10 15 00 12 33 80.167 124.123 23.2 530266
2013 10 31 12 02 09 66.457 121.458 14.8 530577
2013 11 03 11 03 40 85.359 123.4 556.8 530630
2013 11 13 23 45 48 150.309 312.713 10 530766
2013 11 16 03 34 34 150.307 312.801 24 530792
2013 11 17 09 04 56 150.378 313.413 7.9 530832
2013 11 19 13 32 53 87.285 128.447 56.1 530912
2013 12 01 01 24 15 97.028 128.415 25.9 553386
2013 12 01 06 29 58 87.983 96.848 21.6 531087
