2012 05 28 05 07 23 118.021 296.887 591.1 553201
2012 06 02 07 52 54 112.101 296.343 539.4 553202
2012 06 07 04 05 04 126.051 289.146 5.8 553203
2012 06 07 16 03 18 105.911 287.528 106.7 522329
2012 06 10 12 44 16 53.616 28.967 32.0 522378
2012 06 23 04 34 53 86.998 97.911 101.9 553180
2012 06 29 21 07 32 46.567 84.612 17.1 522641
2012 07 25 00 27 45 87.375 96.11 28.6 523007
2012 07 26 05 33 33 107.55 66.29 16.2 523026
2012 08 11 12 23 17 51.598 46.838 8.7 523253
2012 08 11 12 34 36 51.621 46.795 18.9 523255
2012 08 12 10 47 07 54.348 82.541 14.0 523270
2012 08 18 09 41 55 91.351 120.127 27.9 523332
2012 08 26 15 05 37 87.802 126.869 90.9 523406
2012 08 30 13 43 25 18.554 348.966 11.1 553181
2012 09 03 18 23 08 100.677 113.964 34.8 523642
2012 09 14 04 51 48 93.3 100.67 23.3 523871
2012 10 09 12 32 08 150.641 153.933 12.1 524210
2012 10 17 04 42 31 85.821 124.561 338.4 524317
2012 11 11 01 12 39 67.11 95.848 14.2 524746
2012 11 13 04 31 30 135.669 282.916 35.0 524800
2012 11 14 19 02 05 119.178 288.614 61.5 553208
2012 12 11 06 18 28 89.44 126.223 43.8 525266
2012 12 17 09 16 31 90.693 123.883 46.4 525356
