2012 01 01 05 27 55 58.532 138.183 359.7 519643
2012 03 20 17 56 19 93.833 140.263 69.2 520985
2012 03 21 22 15 05 96.223 146.008 117.7 521018
2012 04 17 07 13 49 95.533 147.125 208.2 521517
2013 04 21 03 22 16 60.036 138.974 431.3 527672
2012 04 21 01 16 53 91.694 134.322 24.4 521585
2011 08 22 20 12 21 96.356 104.004 33.4 517851
2012 07 26 05 33 33 107.55 66.29 16.2 523026
2013 07 17 02 37 43 105.666 288.255 13 528946
2012 04 17 19 03 57 149.187 343.193 13.6 553177
2012 05 14 10 00 39 107.796 290.208 108.7 521959
2012 05 20 02 03 53 45.127 11.222 17.7 522040
2012 05 23 22 59 54 140.492 139.591 19.1 522121
2012 05 28 05 07 23 118.021 296.887 591.1 553199
2012 06 02 07 52 54 112.101 296.343 539.4 553200
2012 06 07 04 05 04 126.051 289.146 5.8 553201
2012 06 10 12 44 16 53.616 28.967 32 522378
2012 06 16 22 18 49 74.458 119.603 44.9 522454
2012 06 23 04 34 53 86.998 97.911 101.9 553181
2012 06 29 21 07 32 46.567 84.612 17.1 522641
2012 07 25 00 27 45 87.375 96.11 28.6 523007
2012 11 14 19 02 05 119.178 288.614 61.5 553205
2013 01 30 20 15 43 118.109 289.112 46.1 553207
2013 09 05 04 01 36 74.749 314.787 10.4 529693
2013 07 22 07 01 41 136.094 34.861 3.2 529033
2013 09 01 11 52 32 97.539 128.256 135.2 529616
2013 09 06 11 33 54 69.814 122.333 189.4 529722
2011 08 30 06 57 41 96.359 126.75 467.2 517955
2011 09 02 13 47 10 118.413 296.864 592.7 518009
2011 09 03 04 48 58 146.561 333.077 96.3 518020
2011 09 05 17 55 12 86.975 97.999 106.6 553194
2011 09 18 12 40 49 62.197 88.153 29.6 518230
2011 10 13 03 16 32 99.363 114.555 63.2 518533
2011 11 22 18 48 16 105.308 294.837 560.3 519114
2011 12 07 22 23 07 117.932 288.866 13.8 519310
2012 01 15 13 40 21 150.701 304.143 17.3 553208
2012 01 15 14 21 34 150.868 303.967 23 553209
2012 03 05 07 46 09 118.257 296.709 551.9 520700
2012 03 25 22 37 06 125.203 287.874 28.2 553198
2012 04 11 08 38 37 87.763 93.014 26.3 521291
2012 04 11 09 27 57 88.782 91.714 10 521296
2012 04 11 10 43 10 89.233 92.428 21.6 521308
2012 04 14 10 56 18 147.575 294.628 8.4 521454
2012 04 15 05 57 40 87.419 90.335 25 521481
2012 04 17 03 50 15 122.637 288.436 29.7 521513
2012 08 18 09 41 55 91.351 120.127 27.9 523332
2012 08 30 13 43 25 18.554 348.966 11.1 553178
2012 10 09 12 32 08 150.641 153.933 12.1 524210
2011 10 23 10 41 22 51.271 43.446 7.6 518671
2011 10 23 20 45 37 51.411 43.116 10.1 518698
2011 11 08 02 59 08 62.75 125.723 228.2 518921
2011 11 14 04 05 12 90.953 126.879 24.4 518995
2011 11 30 00 27 08 74.571 119.098 21.1 519198
2011 12 11 09 54 56 146.049 331.787 130.6 550967
2011 12 13 07 52 12 89.953 123.063 167.4 550665
2011 12 14 05 04 57 97.527 146.814 128.5 519397
2011 12 27 15 21 57 38.166 95.964 12.8 519571
2012 01 10 18 37 00 87.57 93.208 20.9 519785
2012 02 06 03 49 13 80.081 123.216 17.5 520221
2012 02 06 10 10 19 80.101 123.174 12.6 520226
2012 02 26 06 17 19 38.2 95.98 13 520525
2013 02 22 12 01 58 117.905 296.866 585.6 526749
2012 09 08 10 51 45 93.218 135.097 32.3 523755
2013 02 16 04 37 37 84.222 125.779 116.4 526624
2013 04 05 13 00 02 47.265 131.064 571.3 527339
2013 06 15 16 11 02 55.55 25.044 21.5 528549
2013 07 06 05 05 06 93.294 100.531 26.1 528806
2013 07 07 20 30 07 96.036 149.726 65.9 554012
2012 08 11 12 23 17 51.598 46.838 8.7 523253
2012 08 11 12 34 36 51.621 46.795 18.9 523255
2012 08 12 10 47 07 54.348 82.541 14 523270
2012 08 26 15 05 37 87.802 126.869 90.9 523406
2012 08 31 12 47 35 79.19 126.826 44.4 523494
2012 09 03 18 23 08 100.677 113.964 34.8 523642
2012 09 14 04 51 48 93.3 100.67 23.3 523871
2012 10 08 11 43 34 94.541 129.234 29.6 524192
2012 10 12 00 31 31 94.885 134.082 34.6 524240
2012 10 17 04 42 31 85.821 124.561 338.4 524317
2012 11 02 18 17 34 80.765 126.281 55.5 524608
2012 11 11 01 12 39 67.11 95.848 14.2 524746
2012 12 10 16 53 09 96.496 129.868 161.5 525254
2012 12 11 06 18 28 89.44 126.223 43.8 525266
2012 12 17 09 16 31 90.693 123.883 46.4 525356
2013 01 21 22 22 54 85.038 95.921 24.6 525877
2013 01 28 16 38 53 47.418 79.721 14.3 525963
2013 03 19 03 29 02 148.981 335.431 52 527097
2013 03 27 02 03 19 66.119 121.135 18.6 527207
2013 04 06 04 42 36 93.471 138.474 69.4 527357
2013 04 09 11 52 50 61.554 51.629 12.8 527405
2013 04 16 10 44 19 62.03 62.136 63.1 527535
2013 04 16 22 55 27 93.223 142.567 16.3 527545
2013 04 20 00 02 47 59.732 103.02 18 553182
2013 04 20 04 51 12 96.278 130.223 113.9 527649
2013 05 11 02 08 11 63.342 57.843 15.1 527912
2013 06 02 05 43 03 66.169 121.059 17 528376
2013 06 13 16 47 25 99.951 107.302 20.6 528532
2013 06 16 21 39 06 55.576 25.186 25 528583
2013 06 24 22 04 14 79.31 317.332 17.5 528673
2013 07 02 07 37 05 85.31 96.582 25.4 528755
2013 07 15 14 03 41 151.052 334.773 19.9 553183
2013 07 21 23 45 55 55.496 104.26 5.1 529026
2013 07 26 21 33 00 148.035 335.72 17 553176
2013 08 12 00 53 44 97.116 129.791 104.8 529319
