2017 04 28 20 23 17 84.496 125.071 26 553403
2018 08 28 07 08 11 100.885 124.118 14 553684
2017 07 06 08 03 57 78.889 124.619 6.96 553409
2018 11 25 16 37 32 55.654 45.743 18 553250
2018 11 04 07 55 28 82.249 123.864 581 553701
2018 05 05 06 19 05 75.43 123.919 18 553456
2017 04 05 06 09 12 54.201 60.436 13 553268
2017 05 10 23 23 37 146.427 334.218 17.39 553211
2017 11 11 00 36 14 101.742 345.886 10 553223
2017 11 17 22 34 19 60.168 94.977 8 553212
2018 05 09 10 41 45 53.009 71.383 116 553242
2018 07 28 17 07 23 97.122 122.747 577.48 553351
2018 07 28 22 47 38 98.239 116.508 14 553352
2018 08 05 11 46 38 98.259 116.436 31 553353
2018 08 14 03 29 53 148.11 334.742 35 553243
2018 08 17 15 35 01 97.426 119.834 529 553355
2018 08 19 04 10 23 98.329 116.598 21.41 553327
2018 08 19 14 56 28 98.33 116.631 25.21 553356
2018 08 25 22 13 25 55.389 46.242 10 553246
2018 09 18 07 27 41 127.811 49.782 10 553224
2018 09 28 06 59 59 90.399 119.77 5.19 553690
2018 09 28 10 02 43 90.178 119.84 10 553359
2018 10 01 23 59 42 100.557 120.241 29 553978
2018 10 10 18 44 55 97.453 114.455 9 553360
2018 10 25 22 54 52 52.486 20.563 14 553247
2018 11 09 01 49 40 18.374 348.75 10 553868
2018 11 11 14 03 59 74.435 310.129 10 553248
2018 11 15 20 02 22 146.706 334.454 15 553249
2017 02 07 22 03 55 64.799 63.257 24.05 553265
2017 03 14 02 51 16 83.871 92.316 10 553214
2017 05 03 04 47 13 50.501 71.451 10 553217
2017 05 20 01 06 14 80.616 123.958 533 553405
2017 05 29 14 35 21 91.287 120.433 12 553406
2017 06 12 12 28 39 51.085 26.371 12 553270
2017 07 19 12 16 23 107.415 66.483 10 553218
2017 07 20 22 31 11 53.076 27.413 7 553272
2017 07 27 17 53 24 76.604 310.675 10 553273
2017 08 08 13 19 49 56.808 103.855 9 553414
2017 08 08 23 27 53 45.699 82.826 20 553274
2017 08 11 05 28 25 76.002 120.678 172 553415
2017 08 13 03 08 10 93.768 101.622 31 553219
2017 08 18 02 59 21 91.09 346.337 10 553275
2017 08 31 17 06 55 91.159 99.688 43.14 553417
2017 09 04 08 07 35 147.788 334.422 35 553220
2017 10 10 18 53 27 144.258 8.605 9 553226
2017 10 24 10 47 47 97.236 123.04 549.19 553425
2017 11 12 18 18 17 55.095 45.956 19 553227
2017 11 30 06 32 50 91.08 336.568 10 553228
2017 12 01 02 32 46 59.257 57.313 9 553229
2017 12 12 08 43 17 59.281 57.27 10 553230
2017 12 12 21 41 31 59.178 57.286 8 553231
2017 12 13 18 03 42 144.217 2.168 10 553232
2017 12 15 16 47 58 97.492 108.174 90 553233
2018 01 11 18 26 24 71.638 96.077 9 553234
2018 01 23 06 34 54 97.195 105.918 43.91 553237
2018 01 28 16 03 03 143.062 9.684 10 553221
2018 01 31 07 07 00 53.457 70.815 191.19 553238
2018 02 04 13 56 41 65.843 121.707 12 553438
2018 02 06 15 50 43 65.865 121.658 17 553439
2018 03 24 19 58 33 135.778 96.069 10 553239
2018 04 19 21 09 17 132.779 42.187 10 553222
