2019 02 02 09 27 36 92.845 100.076 20 553904
2019 02 02 10 59 30 92.883 100.132 18 553927
2019 02 14 19 57 05 54.579 323.922 10 554013
2019 03 08 15 06 12 79.616 126.006 30 553905
2019 03 24 04 37 35 88.339 126.38 45 553937
2019 04 01 18 39 05 108.205 65.365 10 553906
2019 04 05 16 14 16 145.92 332.144 58.6 553907
2019 04 06 21 55 01 96.849 125.014 539 553908
2019 04 09 17 53 59 148.606 334.745 44.83 553940
2019 04 12 11 40 49 91.851 122.552 17.48 553909
2019 04 18 05 01 06 66.012 121.693 20 553910
2019 04 22 09 11 11 75.077 120.497 20 553911
2019 04 22 14 49 05 146.263 332.65 79 554014
2019 04 23 05 37 52 78.155 125.186 54 553912
2019 05 31 10 12 32 83.736 126.551 90.21 553913
2019 07 07 15 08 40 89.488 126.189 35 553943
2019 07 13 00 57 44 60.647 128.153 251 554015
2019 07 14 05 39 23 108.223 120.357 10 553914
2019 07 26 23 37 58 69.157 121.975 10 553928
2019 08 02 12 03 27 97.266 104.824 52.76 553944
2019 08 27 23 55 19 150.215 333.42 16 553915
2019 09 19 07 06 33 96.07 111.842 610 553916
2019 09 24 21 19 47 123.814 56.295 10 553917
2019 09 29 02 02 51 84.308 126.549 73 553918
2019 10 16 11 37 05 83.287 125.001 12.76 553919
2019 10 23 16 08 14 91.098 346.164 10 553920
2019 10 29 01 04 43 83.242 124.995 14.95 553929
2019 10 31 01 11 19 83.093 125.183 10 553930
2019 11 02 18 08 41 145.665 333.767 8 553931
2019 11 14 16 17 40 88.381 126.414 33 553921
2019 11 14 21 12 54 88.433 126.413 23 553922
2019 11 20 23 50 43 70.547 101.355 10 554016
2019 11 26 02 54 12 48.486 19.521 20 553932
2019 11 27 07 23 42 54.273 23.267 71.76 553933
2019 12 15 06 11 51 83.304 125.173 18 553923
2019 12 20 11 39 52 53.455 70.448 212 553924
