2016 02 12 10 02 24 99.6338 119.401 0.028 544610
2016 02 17 17 26 02 89.1549 129.073 0.01 544694
2016 03 02 12 49 48 94.9521 94.3299 0.024 544905
2016 04 06 14 45 29 98.2036 107.386 0.029 553220
2016 04 13 13 55 17 66.9056 94.8654 0.136 553221
2016 04 13 18 21 52 82.2083 122.023 0.017 545542
2016 04 14 12 26 35 57.212 130.704 0.009 545551
2016 04 14 15 03 47 57.3027 130.72 0.008 545563
2016 04 15 16 25 06 57.2094 130.754 0.01 545597
2016 04 19 05 25 39 145.7283 332.7693 0.014 545711
2016 05 28 09 46 59 146.2409 333.0647 0.078 546353
2016 06 01 22 56 00 92.0967 100.665 0.05 546440
2016 06 07 19 15 15 88.7211 126.371 0.031 546534
2016 06 09 04 13 08 101.2487 116.267 0.019 546550
2016 06 21 16 26 34 67.3418 314.8598 0.01 546768
2016 06 26 11 17 11 50.5207 73.3388 0.013 546856
2016 08 19 07 32 22 145.2793 328.126 0.01 547766
2016 08 21 03 45 23 145.2775 328.2454 0.01 547837
2016 08 24 01 36 32 47.277 13.1877 0.00444000005722 547889
2016 08 24 10 34 54 69.0776 94.5687 0.082 547904
2016 08 29 04 29 57 90.0471 342.1706 0.01 547979
2016 09 23 22 53 10 83.4283 126.492 0.065 548437
2016 10 26 19 18 08 47.0657 13.0434 0.01 548901
2016 10 30 06 40 19 47.1453 13.0884 0.01 548956
2016 11 25 14 24 30 50.77 74.0208 0.017 549447
2016 12 06 22 03 33 84.7166 96.1678 0.013 549607
2016 12 29 22 30 19 99.0279 118.664 0.079 553399
2017 02 10 14 03 43 80.0929 125.452 0.015 553409
2017 03 14 02 51 16 83.8708 92.3167 0.01 553229
2017 04 03 17 40 18 112.6784 25.1558 0.029 553609
2017 04 05 06 09 12 54.2001 60.4364 0.013 553230
2017 04 28 20 23 17 84.4954 125.072 0.026 553427
2017 05 03 04 47 13 50.5004 71.4519 0.01 553234
2017 05 09 01 54 14 65.5506 126.318 0.01 553619
2017 05 10 23 23 37 146.4277 334.2173 0.0173899993896 553235
2017 05 29 14 35 21 91.2872 120.434 0.012 553436
2017 06 12 12 28 39 51.0846 26.3713 0.012 553236
2017 07 06 08 03 57 78.8889 124.619 0.00696000003815 553443
2017 07 19 12 16 23 107.4154 66.4836 0.01 553238
2017 07 20 22 31 11 53.0751 27.4135 0.007 553239
2017 07 26 10 32 57 63.1025 130.184 0.012 553447
2017 07 27 17 53 24 76.604 310.6741 0.01 553240
2017 08 08 13 19 49 56.8074 103.855 0.009 553449
2017 08 08 23 27 53 45.6986 82.8268 0.02 553241
2017 08 13 03 08 10 93.7682 101.623 0.031 553242
2017 08 18 02 59 21 91.0907 346.3369 0.01 553243
2017 08 31 17 06 55 91.159 99.6881 0.0431399993896 553244
2017 09 03 03 30 01 48.6657 129.031 0.0 553453
2017 09 04 08 07 35 147.7886 334.4217 0.035 553245
