2012 04 17 03 50 15 122.637 288.436 29.7 521513
2012 05 14 10 00 39 107.796 290.208 108.7 521959
2012 05 20 02 03 53 45.127 11.222 17.7 522040
2012 06 07 04 05 04 126.051 289.146 5.8 553201
2013 01 30 20 15 43 118.109 289.112 46.1 553207
2013 03 19 03 29 02 148.981 335.431 52 527097
2012 11 14 19 02 05 119.178 288.614 61.5 553205
2012 03 25 22 37 06 125.203 287.874 28.2 553198
2012 04 11 08 38 37 87.763 93.014 26.3 521291
2012 04 11 09 27 57 88.782 91.714 10 521296
2012 04 11 10 43 10 89.233 92.428 21.6 521308
2012 04 14 10 56 18 147.575 294.628 8.4 521454
2012 04 15 05 57 40 87.419 90.335 25 521481
2012 04 17 19 03 57 149.187 343.193 13.6 553177
2012 05 24 22 47 46 16.973 5.505 8.2 553179
2012 05 28 05 07 23 118.021 296.887 591.1 553199
2012 06 02 07 52 54 112.101 296.343 539.4 553200
2012 06 10 12 44 16 53.616 28.967 32 522378
2012 06 16 22 18 49 74.458 119.603 44.9 522454
2012 06 23 04 34 53 86.998 97.911 101.9 553181
2012 06 29 21 07 32 46.567 84.612 17.1 522641
2012 07 25 00 27 45 87.375 96.11 28.6 523007
2012 07 26 05 33 33 107.55 66.29 16.2 523026
2012 08 11 12 23 17 51.598 46.838 8.7 523253
2012 08 11 12 34 36 51.621 46.795 18.9 523255
2012 08 12 10 47 07 54.348 82.541 14 523270
2012 08 18 09 41 55 91.351 120.127 27.9 523332
2012 08 26 15 05 37 87.802 126.869 90.9 523406
2012 08 30 13 43 25 18.554 348.966 11.1 553178
2012 08 31 12 47 35 79.19 126.826 44.4 523494
2012 09 03 18 23 08 100.677 113.964 34.8 523642
2012 09 14 04 51 48 93.3 100.67 23.3 523871
2012 11 02 18 17 34 80.765 126.281 55.5 524608
2012 11 11 01 12 39 67.11 95.848 14.2 524746
2012 12 17 09 16 31 90.693 123.883 46.4 525356
2013 01 21 22 22 54 85.038 95.921 24.6 525877
2013 01 28 16 38 53 47.418 79.721 14.3 525963
2013 02 22 12 01 58 117.905 296.866 585.6 526749
