2000 09 12 00 27 58 54.63 99.371 12 550190
2000 10 05 13 39 12 58.109 319.076 10 370680
2001 01 11 00 04 06 40.835 231.102 10 554017
2001 02 17 20 11 30 36.026 226.244 20 380300
2001 03 15 01 22 43 81.311 93.955 33 381981
2001 06 29 18 35 50 109.725 293.728 271.9 389807
2001 08 25 02 02 00 82.399 277.206 8.2 393940
2001 10 08 18 20 40 37.352 160.189 48.5 396792
2001 10 12 05 02 35 37.291 227.821 20 397019
2001 11 09 00 47 57 80.188 277.791 18.1 398712
2001 11 14 09 26 10 54.073 90.587 11 399036
2001 11 23 20 43 03 53.597 71.478 105.3 399606
2001 11 28 14 32 33 74.321 266.871 86.2 399884
2001 12 28 22 09 27 98.359 285.825 158.2 401695
2002 01 03 07 05 26 53.961 70.679 115 553893
2002 01 30 08 42 30 65.6 264.4 120 554018
2002 03 03 12 08 06 53.528 70.45 194.7 405582
2002 03 03 12 08 18 53.504 70.517 208.9 405583
2002 03 25 14 56 37 53.992 69.269 33 554019
1999 06 15 20 42 05 71.631 262.556 63.9 331311
1999 06 21 17 43 06 71.563 258.459 77.7 331565
1999 08 17 00 01 38 49.244 29.955 17 554009
1999 08 20 10 02 23 80.742 275.944 44.9 334608
1999 08 22 09 35 40 130.469 285.153 33.9 554020
1999 08 28 12 40 08 91.254 282.469 219 335311
1999 09 07 11 56 49 51.878 23.582 9.4 554021
1999 09 15 03 01 21 110.799 292.824 184.8 336789
1999 09 30 16 31 15 73.932 263.069 60.1 554022
1999 10 16 09 46 45 55.422 243.558 0 339336
1999 11 08 16 45 41 53.476 71.233 214.5 341441
1999 11 12 16 57 19 49.194 31.187 10.4 341752
1999 11 30 04 01 47 108.862 290.889 79 343229
1999 12 01 19 23 06 72.375 277.652 10 343334
1999 12 06 23 12 28 32.605 205.426 19.5 343685
1999 12 07 00 19 47 32.653 205.436 25.7 343687
2000 04 23 09 27 23 118.289 297.056 603.6 354473
2000 04 23 17 01 17 118.332 297.074 604.6 354496
2000 05 12 18 43 15 113.779 293.26 193.5 356203
2000 05 12 23 10 26 54.089 70.683 77.3 356220
2000 07 21 01 53 36 80.582 274.676 42.2 363924
2000 08 09 11 41 44 71.838 257.423 16.2 366004
2000 09 28 23 23 42 90.248 279.397 18.7 370203
2000 10 02 02 25 32 97.845 30.817 39.6 370447
2000 10 04 14 37 45 78.847 297.519 113.3 554023
2000 11 07 00 18 06 145.61 330.188 10 373016
2000 11 08 06 59 59 82.859 282.159 17 373132
2000 11 25 18 09 11 49.778 49.935 51 374742
2000 11 25 18 10 46 49.813 49.952 22.2 374742
2000 12 06 17 11 06 50.507 54.811 33 375510
2000 12 12 05 26 46 83.972 277.34 10 553894
2001 01 10 16 02 43 33.014 206.538 33 377730
2001 01 13 17 33 34 77.003 271.271 82.9 377900
2001 01 26 03 16 40 66.558 70.31 16 378754
2001 02 13 14 22 05 76.301 271.126 7.6 554024
2001 02 28 18 54 31 42.85 237.372 56 554025
2001 07 04 12 09 03 107.191 294.273 33 390137
2001 07 28 07 32 43 30.986 204.911 134.1 553896
2001 08 02 23 41 06 33.754 163.77 16.2 392420
2001 09 02 02 25 54 89.092 82.471 13.1 394489
2000 06 04 16 28 28 94.692 102.141 52.7 357944
2000 06 04 16 39 46 94.636 102.02 37.1 554026
2000 06 04 17 52 12 61.338 65.311 8.1 357950
2000 06 07 21 46 55 63.202 97.187 33 358262
2000 06 07 23 45 24 94.615 101.936 20.2 358267
2000 06 10 18 23 29 66.139 121.185 35.6 358835
2000 06 17 15 40 41 26.078 339.533 10 359563
2000 06 18 14 44 13 103.798 97.424 10 359663
2000 06 21 00 51 47 26.095 339.258 10 359893
2000 07 17 22 53 44 53.735 70.958 114.3 363572
2000 08 04 21 13 03 41.25 142.244 13 365533
2001 02 18 13 04 53 137.432 32.603 10 380361
2001 02 25 02 21 58 53.518 70.865 186.2 550192
2001 02 26 05 58 22 43.234 144.49 389.6 380900
2001 03 23 11 30 12 45.876 148.036 43 554027
2001 03 24 06 27 53 55.905 132.552 52 554028
