2010 01 17 12 00 01 147.692 293.963 10.0 554435
2010 02 05 06 59 07 137.934 99.51 16.0 507438
2010 03 05 16 07 00 93.838 100.915 24.2 508158
2010 03 08 02 32 35 51.212 40.044 12.2 508208
2010 03 25 05 29 26 76.171 120.013 24.6 550442
2010 03 30 16 54 47 76.388 92.874 38.5 552744
2010 04 06 22 15 02 87.64 97.111 33.4 508706
2010 04 11 22 08 11 52.993 356.524 619.6 553186
2010 04 13 23 49 37 56.808 96.746 13.8 508820
2010 04 14 01 25 16 56.851 96.489 12.2 508826
2010 05 05 16 29 03 94.139 101.105 26.3 509087
