2013 08 12 00 53 44 97.116 129.791 104.8 529319
2013 08 17 16 32 31 124.886 54.127 10.9 529414
2013 09 01 11 52 32 97.539 128.256 135.2 529616
2013 09 05 04 01 36 74.749 314.787 10.4 529693
2013 09 06 11 33 54 69.814 122.333 189.4 529722
2013 09 21 01 39 15 97.267 119.95 550.1 529928
2013 09 24 11 29 48 63.09 65.531 15.5 529974
2013 09 28 07 34 07 62.839 65.619 18.7 530039
2013 10 04 17 26 14 128.707 78.5 11.0 530134
2013 10 12 13 11 53 54.473 23.371 46.9 530236
2013 10 15 00 12 33 80.167 124.123 23.2 530266
2013 10 31 12 02 09 66.457 121.458 14.8 530577
2013 10 31 23 03 58 120.313 288.499 19.8 530584
2013 11 03 11 03 40 85.359 123.4 556.8 530630
2013 11 13 23 45 48 150.309 312.713 10.0 530766
2013 11 16 03 34 34 150.307 312.801 24.0 530792
2013 11 17 09 04 56 150.378 313.413 7.9 530832
2013 11 19 13 32 53 87.285 128.447 56.1 530912
2013 11 25 06 27 34 143.971 305.036 10.0 531009
2013 12 01 01 24 15 97.028 128.415 25.9 553331
2013 12 01 06 29 58 87.983 96.848 21.6 531087
2014 01 25 05 14 20 98.044 109.222 87.8 553335
2014 01 26 13 55 43 51.809 20.507 13.8 531898
2014 02 01 03 58 45 146.933 332.655 142.9 531990
2014 02 03 03 08 46 51.745 20.436 14.5 532035
2014 02 12 09 19 48 54.124 82.58 4.1 532175
2014 02 18 09 27 14 75.404 301.029 28.3 532249
2014 03 02 20 11 22 62.577 127.327 118.9 532425
2014 03 11 02 44 06 150.843 339.882 10.0 553336
2014 03 21 13 41 09 82.32 94.225 19.3 532745
2014 04 03 02 43 14 110.588 289.51 12.0 533012
2014 04 03 05 26 13 110.749 289.46 13.0 533026
2014 04 15 03 57 01 143.609 8.709 10.0 533357
2014 05 05 11 08 45 70.385 99.703 15.2 533793
2014 05 15 10 16 44 80.651 122.035 30.1 533960
2014 05 18 01 02 31 85.76 92.737 32.9 533999
2014 05 21 16 21 54 71.76 88.064 45.1 534049
2014 05 24 09 25 03 49.724 25.369 8.2 534090
2014 06 14 11 11 03 100.113 91.038 23.1 553345
2014 06 29 07 52 56 145.475 331.605 15.1 534719
2014 06 29 14 32 49 145.418 331.776 11.9 534744
2014 07 05 09 39 27 88.067 96.938 20.0 534852
2014 07 14 07 59 57 84.286 126.477 20.0 534985
2014 07 14 08 00 02 84.28 126.51 50.0 534985
2014 07 19 14 14 02 78.291 57.957 10.0 535067
2014 07 27 01 28 41 66.14 314.41 13.7 535168
2014 08 03 05 57 24 60.55 85.638 2.0 535271
2014 08 03 08 30 14 62.783 103.458 28.0 535273
2014 08 06 11 45 22 97.274 128.036 10.0 535321
2014 08 06 11 45 28 97.13 127.92 19.5 553355
2014 08 18 02 32 04 57.289 47.638 10.0 535475
2014 08 18 18 08 22 57.418 47.703 5.0 535494
2014 08 23 22 32 23 122.695 288.559 32.0 535593
2014 09 10 02 46 08 90.224 125.026 39.9 535864
2014 09 24 11 16 13 113.784 293.412 204.5 536099
2014 10 07 13 49 41 66.657 100.5 12.8 536316
2014 11 03 08 48 29 131.824 80.043 7.4 553363
2014 11 15 02 31 42 88.166 126.462 47.8 536993
2014 11 17 16 52 47 136.407 33.701 12.2 537073
2014 11 21 10 10 20 87.73 127.03 45.2 537155
2014 11 22 08 55 26 59.686 101.803 2.0 537173
2014 11 26 14 33 45 88.036 126.465 47.7 537244
2014 12 02 05 11 31 83.843 123.126 614.0 537349
2014 12 06 22 05 10 96.11 130.482 116.0 537420
2014 12 10 21 03 39 64.46 122.45 256.0 537491
2014 12 20 00 25 17 78.355 126.291 2.0 554436
2014 12 21 11 34 14 87.949 126.544 71.0 537660
2014 12 29 09 29 37 81.366 121.521 8.0 537767
2015 02 02 10 49 48 122.648 292.85 172.7 538333
2015 02 11 18 57 20 113.065 293.338 203.6 553365
2015 02 13 18 59 13 37.491 327.98 16.9 553366
2015 02 13 20 06 32 67.39 121.444 30.5 538481
2015 02 16 22 00 54 145.518 331.771 18.1 538527
2015 02 27 13 45 05 97.358 122.49 559.1 538719
2015 03 03 10 37 31 90.719 98.754 33.5 538783
2015 03 06 08 22 20 131.316 80.614 13.1 538824
2015 03 15 23 17 17 90.616 122.403 32.1 538966
2015 03 17 22 12 30 88.329 126.433 55.7 538997
2015 03 18 18 27 28 126.111 286.311 9.7 553370
2015 03 23 04 51 37 108.354 290.812 127.1 539087
2015 04 16 18 07 43 54.805 26.837 22.6 553371
2015 04 20 01 42 58 65.943 122.431 28.1 539507
2015 04 20 12 00 00 66.019 122.52 31.4 539515
2015 04 25 06 11 26 61.87 84.716 13.4 539594
2015 04 25 06 45 21 61.84 84.843 14.7 539604
2015 04 26 07 09 09 62.264 85.978 13.4 539668
2015 05 12 07 05 18 62.199 86.126 12.3 539984
2015 05 12 07 36 53 62.476 86.141 13.8 539990
2015 05 15 20 26 55 92.566 102.223 158.5 540083
2015 05 24 04 53 23 106.814 345.739 11.7 540236
2015 06 04 23 15 45 83.957 116.665 18.1 540435
2015 06 10 13 52 08 112.409 291.549 121.8 540537
2015 06 17 12 51 35 125.37 342.191 27.1 540638
2015 06 20 02 10 07 126.334 286.333 17.4 540661
2015 07 03 01 07 46 52.53 78.12 19.0 540849
2015 07 03 06 43 22 79.862 125.977 50.8 540861
2015 07 16 15 16 32 76.2 301.43 19.4 541050
2015 08 13 10 39 54 127.022 77.953 15.4 553212
2015 09 16 07 40 58 88.12 126.43 41.5 542074
2015 09 16 07 40 58 88.116 126.428 41.55 542074
2015 09 16 22 54 32 121.572 288.326 22.44 542090
2015 09 16 23 18 41 121.562 288.574 28.41 542096
2015 09 17 01 41 05 121.104 288.35 42.32 553213
2015 09 17 03 55 15 121.424 288.313 27.0 542140
2015 09 17 04 10 27 121.52 288.19 23.0 542145
2015 09 17 04 10 27 121.517 288.196 23.0 542145
2015 09 18 09 10 44 122.368 287.771 8.0 542215
2015 09 18 15 59 42 74.724 314.012 10.0 553214
2015 09 19 05 06 47 119.641 287.923 6.0 553215
2015 09 19 12 52 20 122.33 287.93 18.0 553216
2015 09 19 12 52 20 122.333 287.938 18.0 553216
2015 09 21 05 39 34 121.58 288.26 30.0 542298
2015 09 21 05 39 34 121.575 288.257 30.0 542298
2015 09 21 17 40 00 121.727 288.621 35.0 542307
2015 09 22 07 13 00 121.44 288.74 58.0 542332
2015 09 22 07 13 00 121.444 288.735 58.0 542332
2015 09 24 15 53 27 90.62 131.26 18.0 542369
2015 09 24 15 53 27 90.621 131.262 18.0 542369
2015 09 26 02 51 18 120.814 288.679 46.0 542397
2015 09 28 15 28 05 113.8 293.4 219.0 542450
