2014 08 03 05 57 24 60.55 85.638 2 535271
2015 12 09 10 21 48 94.106 129.507 21 543671
2014 03 21 13 41 09 82.32 94.225 19.3 532745
2014 05 18 01 02 31 85.76 92.737 32.9 533999
2014 07 05 09 39 27 88.067 96.938 20 534852
2014 11 03 08 48 29 131.824 80.043 7.4 553474
2015 02 13 18 59 13 37.491 327.98 16.9 553526
2015 02 13 20 06 32 67.39 121.444 30.5 538481
2015 09 16 07 40 58 88.12 126.43 41.5 542074
2015 09 16 07 40 58 88.116 126.428 41.55 542074
2015 09 18 15 59 42 74.724 314.012 10 553253
2015 10 23 01 40 06 144.225 6.165 11 542822
2015 10 23 04 04 18 135.81 37.17 10 542824
2015 10 23 04 04 18 135.814 37.171 10 542824
2015 10 26 09 09 42 53.476 70.367 231 542863
2015 11 04 03 44 15 98.338 124.875 20 542989
2015 11 08 16 47 02 83.157 94.648 10 543097
2015 12 20 18 47 36 86.355 117.635 14 543851
2015 12 25 19 14 47 53.507 71.126 206 543913
2016 01 03 23 05 22 65.17 93.66 55 544017
2016 01 03 23 05 22 65.197 93.65 55 544017
2016 01 11 16 38 05 86.104 126.856 13 544153
2016 01 25 04 22 02 54.351 356.319 12 544342
2016 02 05 19 57 27 67.062 120.592 23 544520
2016 02 12 10 02 24 99.633 119.401 28 544610
2014 04 15 03 57 01 143.609 8.709 10 533357
2014 05 15 10 16 44 80.651 122.035 30.1 533960
2014 05 05 11 08 45 70.385 99.703 15.2 533793
2014 05 21 16 21 54 71.76 88.064 45.1 534049
2014 05 24 09 25 03 49.724 25.369 8.2 534090
2014 06 14 11 11 03 100.113 91.038 23.1 553515
2014 06 29 07 52 56 145.475 331.605 15.1 534719
2014 06 29 14 32 49 145.418 331.776 11.9 534744
2014 07 14 07 59 57 84.286 126.477 20 534985
2014 07 14 08 00 02 84.28 126.51 50 534985
2014 07 27 01 28 41 66.14 314.41 13.7 535168
2014 08 03 08 30 14 62.783 103.458 28 535273
2014 08 06 11 45 22 97.274 128.036 10 535321
2014 08 06 11 45 28 97.13 127.92 19.5 553521
2014 09 10 02 46 08 90.224 125.026 39.9 535864
2014 10 07 13 49 41 66.657 100.5 12.8 536316
2014 11 15 02 31 42 88.166 126.462 47.8 536993
2014 11 17 16 52 47 136.407 33.701 12.2 537073
2014 11 21 10 10 20 87.73 127.03 45.2 537155
2014 11 22 08 55 26 59.686 101.803 2 537173
2014 11 26 14 33 45 88.036 126.465 47.7 537244
2014 12 02 05 11 31 83.843 123.126 614 537349
2014 12 10 21 03 39 64.46 122.45 256 537491
2014 12 21 11 34 14 87.949 126.544 71 537660
2014 12 29 09 29 37 81.366 121.521 8 537767
2015 02 16 22 00 54 145.518 331.771 18.1 538527
2015 02 27 13 45 05 97.358 122.49 559.1 538719
2015 03 03 10 37 31 90.719 98.754 33.5 538783
2015 03 06 08 22 20 131.316 80.614 13.1 538824
2015 03 15 23 17 17 90.616 122.403 32.1 538966
2015 03 17 22 12 30 88.329 126.433 55.7 538997
2015 04 16 18 07 43 54.805 26.837 22.6 553528
2015 04 20 01 42 58 65.943 122.431 28.1 539507
2015 04 20 12 00 00 66.019 122.52 31.4 539515
2015 04 25 06 11 26 61.87 84.716 13.4 539594
2015 04 25 06 45 21 61.84 84.843 14.7 539604
2015 04 26 07 09 09 62.264 85.978 13.4 539668
2015 05 12 07 05 18 62.199 86.126 12.3 539984
2015 05 12 07 36 53 62.476 86.141 13.8 539990
2015 05 15 20 26 55 92.566 102.223 158.5 540083
2015 05 24 04 53 23 106.814 345.739 11.7 540236
2015 06 04 23 15 45 83.957 116.665 18.1 540435
2015 06 17 12 51 35 125.37 342.191 27.1 540638
2015 07 03 01 07 46 52.53 78.12 19 540849
2015 07 03 06 43 22 79.862 125.977 50.8 540861
2015 08 13 10 39 54 127.022 77.953 15.4 553251
2015 11 13 20 51 31 59.0 128.872 12 553392
2015 11 17 07 10 07 51.33 20.6 11 543269
2015 12 04 22 25 00 137.616 85.091 35 543591
2015 12 07 07 50 05 51.79 72.779 22 553258
