2012 05 20 02 03 54 45.127 11.2227 17.7 522040
2012 05 23 22 59 34 140.4928 139.591 19.1 522121
2012 06 10 12 43 59 53.6153 28.9676 32.0 522378
2012 06 16 22 18 37 74.4577 119.604 44.9 522454
2012 06 23 04 34 45 86.9978 97.9116 101.9 553180
2012 06 29 21 07 19 46.5665 84.6125 17.1 522641
2012 07 25 00 27 09 87.3745 96.1109 28.6 523007
2012 08 11 12 23 11 51.5977 46.838 8.7 523253
2012 08 11 12 34 33 51.6202 46.7958 18.9 523255
2012 08 12 10 46 54 54.3474 82.5417 14.0 523270
2012 08 26 15 05 09 87.8017 126.87 90.9 523406
2012 08 31 12 47 33 79.1893 126.826 44.4 523494
2012 09 03 18 22 54 100.677 113.965 34.8 523642
2012 09 08 10 51 38 93.2181 135.098 32.3 523755
2012 09 14 04 51 46 93.3008 100.67 23.3 523871
2012 10 08 11 43 17 94.5414 129.235 29.6 524192
2012 10 12 00 30 57 94.8858 134.082 34.6 524240
2012 10 17 04 42 19 85.8209 124.561 338.4 524317
2012 11 02 18 17 12 80.765 126.281 55.5 524608
2012 11 11 01 12 10 67.1092 95.848 14.2 524746
2012 12 10 16 52 54 96.4969 129.868 161.5 525254
2012 12 11 06 18 20 89.4394 126.224 43.8 525266
2012 12 17 09 16 09 90.6936 123.884 46.4 525356
2013 01 21 22 22 43 85.0375 95.9215 24.6 525877
2013 01 28 16 38 17 47.4176 79.7217 14.3 525963
2013 02 16 04 37 29 84.2215 125.779 116.4 526624
2013 03 19 03 28 49 148.9815 335.4303 52.0 527097
2013 03 27 02 03 00 66.1185 121.135 18.6 527207
2013 04 09 11 52 27 61.5537 51.629 12.8 527405
2013 04 16 10 44 07 62.0296 62.136 63.1 527535
2013 04 20 00 02 43 59.7312 103.02 18.0 553182
2013 04 20 04 50 38 96.2786 130.223 113.9 527649
2013 05 11 02 07 23 63.3417 57.8438 15.1 527912
2013 06 02 05 42 28 66.1682 121.059 17.0 528376
2013 06 13 16 47 01 99.9513 107.302 20.6 528532
2013 06 15 16 10 39 55.5493 25.044 21.5 528549
2013 06 16 21 38 45 55.5758 25.1864 25.0 528583
2013 07 02 07 36 38 85.3093 96.5824 25.4 528755
2013 07 06 05 04 59 93.294 100.531 26.1 528806
2013 07 15 14 03 32 151.0527 334.7726 19.9 553183
2013 07 21 23 45 48 55.4953 104.261 5.1 529026
2013 07 26 21 32 27 148.0352 335.72 17.0 553184
2013 08 12 00 52 57 97.1167 129.791 104.8 529319
2013 09 01 11 52 08 97.5393 128.257 135.2 529616
2013 09 06 11 33 19 69.8138 122.334 189.4 529722
2013 09 21 01 39 05 97.2679 119.951 550.1 529928
2013 09 24 11 29 27 63.0891 65.5315 15.5 529974
2013 09 28 07 33 37 62.8383 65.6192 18.7 530039
2013 10 04 17 25 36 128.707 78.5007 11.0 530134
2013 10 12 13 11 47 54.4723 23.3718 46.9 530236
2013 10 15 00 12 33 80.1669 124.123 23.2 530266
2013 10 29 10 37 41 151.7154 154.829 10.0 530548
2013 10 31 12 01 49 66.4564 121.458 14.8 530577
2013 11 03 11 03 26 85.3585 123.4 556.8 530630
2013 11 13 23 45 34 150.3091 312.7128 10.0 530766
2013 11 16 03 34 16 150.3079 312.801 24.0 530792
2013 11 17 09 04 47 150.3783 313.4124 7.9 530832
2013 11 19 13 32 17 87.2847 128.447 56.1 530912
2013 11 25 06 27 26 143.9716 305.0352 10.0 531009
2013 12 01 01 23 50 97.0288 128.415 25.9 553331
2013 12 01 06 29 31 87.9829 96.8488 21.6 531087
2014 01 25 05 13 47 98.0446 109.223 87.8 553335
2014 01 26 13 55 39 51.809 20.507 13.8 531898
2014 02 01 03 58 43 146.9339 332.6544 142.9 531990
2014 02 03 03 08 45 51.7448 20.4368 14.5 532035
2014 02 12 09 19 36 54.1233 82.5807 4.1 532175
2014 03 11 02 43 31 150.8439 339.8819 10.0 553336
2014 03 21 13 40 41 82.3196 94.2252 19.3 532745
2014 04 15 03 56 47 143.609 8.7098 10.0 533357
2014 05 05 11 08 14 70.3848 99.7038 15.2 533793
2014 05 15 10 16 39 80.6509 122.035 30.1 533960
2014 05 18 01 02 13 85.7599 92.7377 32.9 533999
