2013 03 25 23 02 12 75.41 269.523 193.7 527186
2011 08 10 23 45 43 97.102 347.195 11.7 517677
2012 02 26 06 17 19 38.2 95.98 13 520525
2012 03 05 07 46 09 118.257 296.709 551.9 520700
2012 03 20 18 02 47 73.527 261.631 19.4 520986
2012 04 02 17 36 42 73.628 261.539 16.3 521195
2012 04 11 08 38 37 87.763 93.014 26.3 521291
2012 04 11 10 43 10 89.233 92.428 21.6 521308
2012 04 11 22 55 10 71.796 257.124 27.6 521364
2012 04 12 07 15 49 61.162 246.873 10 521380
2013 03 24 04 18 37 39.338 160.233 30 527159
2013 04 09 11 52 50 61.554 51.629 12.8 527405
2013 04 16 10 44 19 62.03 62.136 63.1 527535
2013 04 20 00 02 47 59.732 103.02 18 553182
2013 04 22 01 16 32 71.959 257.802 31.5 527690
2013 05 11 02 08 11 63.342 57.843 15.1 527912
2013 05 24 05 44 49 35.185 153.391 607 528250
2013 05 24 14 56 31 37.865 151.568 632 528265
2011 06 20 16 36 00 111.771 291.617 126.2 516819
2011 06 24 03 09 38 38.02 188.18 49.8 516862
2011 07 16 00 26 12 123.875 287.9 20.5 517320
2011 07 16 19 59 12 35.229 198.684 40.9 517334
2011 07 19 19 35 43 49.844 71.501 19.5 551088
2011 08 24 17 46 11 97.62 285.462 149.3 517876
2011 09 02 10 55 54 37.899 188.282 46 518006
2011 09 02 13 47 10 118.413 296.864 592.7 518009
2011 09 03 04 48 58 146.561 333.077 96.3 518020
2011 09 09 19 41 33 40.612 232.936 15.4 553197
2011 09 18 12 40 49 62.197 88.153 29.6 518230
2011 10 14 06 10 14 35.927 123.813 13.9 551442
2011 10 23 10 41 22 51.271 43.446 7.6 518671
2011 10 23 20 45 37 51.411 43.116 10.1 518698
2011 10 28 18 54 34 104.557 283.88 29 518760
2011 11 07 22 35 25 78.309 274.217 177.2 518915
2011 11 17 01 57 04 91.747 278.295 19.6 519021
2011 11 22 18 48 16 105.308 294.837 560.3 519114
2011 12 07 22 23 07 117.932 288.866 13.8 519310
2011 12 11 01 47 25 72.098 260.071 65.4 519351
2011 12 11 09 54 56 146.049 331.787 130.6 550967
2011 12 27 15 21 57 38.166 95.964 12.8 519571
2012 01 10 18 37 00 87.57 93.208 20.9 519785
2012 01 21 18 47 13 75.067 266.858 63.5 519956
2012 01 23 16 04 53 126.455 286.819 23.5 519982
2012 01 30 05 10 59 104.213 284.342 34.2 520094
2012 03 25 22 37 06 125.203 287.874 28.2 553198
2012 04 17 03 50 15 122.637 288.436 29.7 521513
2012 04 17 19 03 57 149.187 343.193 13.6 553177
2012 05 14 10 00 39 107.796 290.208 108.7 521959
2012 05 24 22 47 46 16.973 5.505 8.2 553179
2012 05 28 05 07 23 118.021 296.887 591.1 553199
2012 06 02 07 52 54 112.101 296.343 539.4 553200
2012 06 04 00 45 16 84.706 277.368 15 522270
2012 06 04 03 15 24 84.55 277.437 9.5 522271
2012 06 07 04 05 04 126.051 289.146 5.8 553201
2012 06 07 16 03 18 105.911 287.528 106.7 522329
2012 06 10 12 44 16 53.616 28.967 32 522378
2012 06 24 03 15 01 32.499 163.414 16 522562
2012 06 29 21 07 32 46.567 84.612 17.1 522641
2012 07 26 05 33 33 107.55 66.29 16.2 523026
2012 08 02 09 38 31 98.454 285.728 148.8 523107
2012 08 10 18 37 42 37.529 192.578 12.3 523239
2012 08 11 12 23 17 51.598 46.838 8.7 523253
2012 08 11 12 34 36 51.621 46.795 18.9 523255
2012 08 12 10 47 07 54.348 82.541 14 523270
2012 08 14 02 59 38 40.25 145.305 590.7 523282
2012 08 30 13 43 25 18.554 348.966 11.1 553178
2012 09 05 14 42 07 79.976 274.612 20.7 523691
2012 09 25 23 45 24 65.226 249.817 8.1 524027
2012 09 30 16 31 34 88.093 283.629 155.2 524079
2012 10 24 00 45 33 79.926 274.629 22.3 553202
2012 10 28 03 04 07 37.323 227.828 7.4 524471
2012 10 28 18 54 20 37.462 227.341 5.1 524515
2012 10 30 02 49 01 37.855 227.889 9.5 524556
2012 11 07 16 35 49 75.969 267.934 38.7 553203
2012 11 08 02 01 49 40.874 231.459 11 553204
2012 11 10 14 57 50 98.936 284.912 128.6 524739
2012 11 12 20 42 15 32.443 217.141 19 524794
2012 11 14 19 02 05 119.178 288.614 61.5 553205
2012 11 15 09 20 21 71.801 259.476 57.9 524840
2012 11 16 18 12 43 40.764 155.654 50.8 524862
2012 12 14 10 36 01 58.888 240.373 15.8 553206
2013 01 05 08 58 19 34.766 225.2 3.1 525642
2013 01 28 16 38 53 47.418 79.721 14.3 525963
2013 01 30 20 15 43 118.109 289.112 46.1 553207
2013 02 09 14 16 06 88.966 282.538 144.2 526478
2013 02 14 13 13 52 22.483 142.701 8.9 526587
2013 02 22 12 01 58 117.905 296.866 585.6 526749
2013 02 28 14 05 50 39.214 157.485 52.8 526847
2013 03 01 13 20 52 39.168 157.625 58 526856
2013 03 19 03 29 02 148.981 335.431 52 527097
