2010 09 29 17 11 24 94.986 133.775 20.5 510884
2011 03 11 06 49 15 52.706 144.226 35 551456
2011 03 17 04 13 57 49.833 142.374 37.7 550310
2010 06 16 03 58 10 92.351 136.601 20.6 509572
2011 04 21 13 37 03 54.358 140.552 43.4 515728
2011 01 26 15 42 29 87.835 96.812 23.8 512715
2011 03 15 15 23 54 49.65 143.383 22.9 550307
2011 05 13 23 35 52 52.6 141.456 38.6 516184
2011 03 11 06 57 14 54.204 140.968 33.4 513353
2011 03 11 07 25 34 51.987 144.602 28.4 554029
2010 04 14 01 25 16 56.851 96.489 12.2 508826
2010 11 30 03 24 41 61.606 139.239 485 511646
2010 11 03 11 18 17 94.649 134.106 24.6 511283
2010 01 02 08 45 35 77.579 142.053 24 506970
2011 01 18 11 33 44 87.425 96.381 23.7 550842
2011 01 24 02 45 30 51.599 72.846 101.9 512688
2011 03 09 21 24 01 51.758 142.872 14.7 513287
2011 03 11 06 15 22 52.1 143.92 35 554030
2011 03 11 06 15 37 53.773 141.088 25.4 513333
2011 03 11 08 15 39 52.916 144.632 24.6 554031
2011 03 11 10 10 34 50.784 142.588 28.1 550259
2011 03 11 15 13 14 54.004 141.879 19.2 513545
2011 03 11 18 59 17 53.001 138.542 14.6 513616
2011 03 11 19 02 58 50.674 142.998 24.2 554032
2011 03 13 01 26 06 54.274 141.739 24 514037
2011 03 15 13 27 56 52.413 142.338 30.9 514419
2011 03 15 13 31 47 54.691 138.72 14.9 514420
2011 03 22 09 19 05 52.629 141.792 28.4 514864
2011 03 31 07 15 29 51.083 142.024 41.7 553193
2011 04 11 23 08 17 54.562 140.703 16.7 515497
2011 04 13 19 57 23 50.415 143.56 16.2 515547
2011 05 05 14 58 19 51.799 144.154 19.7 550354
2010 08 13 21 19 34 77.526 141.562 16.4 510330
2010 08 14 23 01 05 77.799 141.482 28.4 510370
2011 01 17 19 20 56 95.103 102.602 39.1 512592
2011 03 09 18 16 16 51.721 142.7 25 513283
2011 03 09 21 22 17 51.701 142.817 29.4 513286
2011 03 11 20 11 23 50.989 142.777 14.7 550279
2011 03 12 01 47 16 52.411 142.751 24.8 513744
2011 03 29 10 54 34 52.56 142.347 19.8 515137
2011 04 23 10 12 46 50.831 142.938 31.7 550351
2010 03 08 09 47 10 70.649 144.759 446.9 508219
2010 01 05 04 55 38 148.464 345.141 10 507018
2010 07 21 09 16 05 86.998 128.179 111.9 550234
2010 09 17 19 21 15 53.465 70.969 215.4 551205
2010 09 26 12 12 40 95.299 133.897 20.4 510837
2010 09 29 17 10 52 94.918 133.807 18.3 510883
2010 10 04 13 28 38 65.783 125.249 32.8 551209
2010 10 08 05 43 10 87.237 128.221 140.8 511005
2010 10 25 14 42 22 93.524 100.104 20 511191
2010 10 25 19 37 30 93.006 100.37 22.6 553190
2010 11 10 04 05 25 135.599 96.364 15.3 511358
2010 12 08 05 24 35 146.431 334.36 29 551229
2010 12 15 11 29 30 97.266 128.793 140.4 511818
2011 03 11 07 28 11 53.139 141.886 25.3 513369
2011 03 11 08 12 06 53.393 141.59 34.6 513392
2011 03 22 09 44 29 50.137 143.538 19.2 514865
2010 02 05 06 59 07 137.934 99.51 16 507438
2010 02 06 04 45 00 43.247 152.78 44.3 507448
2010 02 07 06 10 00 66.564 123.69 23 551425
2010 02 15 21 51 48 97.267 128.766 134.7 507563
2010 02 18 01 13 18 47.398 130.699 573.7 507582
2010 02 26 20 31 26 64.016 128.507 24.2 507693
2010 03 04 00 18 52 67.07 120.8 27 508109
2010 03 05 16 07 00 93.838 100.915 24.2 508158
2010 03 14 00 57 46 91.648 128.081 63.6 508374
2010 03 14 08 08 05 52.217 141.654 40.1 508388
2010 03 25 05 29 26 76.171 120.013 24.6 550442
2010 03 30 16 54 47 76.388 92.874 38.5 552744
2010 04 05 10 05 44 90.089 125.104 28.1 550443
2010 04 06 22 15 02 87.64 97.111 33.4 508706
2010 04 11 22 08 11 52.993 356.524 619.6 553188
2010 04 13 23 49 37 56.808 96.746 13.8 508820
2010 04 24 07 41 01 91.898 128.111 38.7 508941
2010 04 26 02 59 52 67.76 123.815 23.2 508961
2010 05 03 10 27 45 60.334 141.012 89.6 509064
2010 05 05 16 29 03 94.139 101.105 26.3 509087
2010 05 09 05 59 42 86.268 96.027 42.3 509134
2010 05 25 10 09 06 54.717 324.064 15.4 550452
2010 05 26 08 53 08 64.262 129.955 12 550453
2010 05 31 10 16 02 83.063 123.962 34.3 553189
2010 05 31 19 51 47 78.79 93.651 131.6 509381
2010 06 12 19 26 50 82.15 91.954 31.4 509523
2010 06 16 03 16 29 92.203 136.587 22.1 509567
2010 06 18 02 23 07 45.508 148.742 43.7 509594
2010 07 04 21 55 52 50.339 142.579 30.1 509780
2010 07 23 22 08 11 83.289 123.487 610.2 510016
2010 07 23 22 51 13 83.577 123.579 584.7 510022
2010 07 23 23 15 09 83.26 123.327 633.7 510027
2010 07 24 05 35 01 83.829 123.562 564.7 550527
2010 07 29 07 31 56 83.442 123.36 615.8 510108
2010 07 30 03 56 14 37.579 159.922 30.3 510120
2010 08 03 12 08 27 88.703 126.279 50.6 510175
2010 08 16 03 30 54 107.807 65.602 14.7 510398
2010 08 21 05 42 54 87.802 96.723 33.2 510452
2010 12 21 17 19 41 63.102 143.704 13.8 511895
2011 01 12 21 32 54 63.033 140.015 524.5 553191
2011 01 29 06 55 26 19.132 353.092 6.4 550705
2011 02 04 13 53 46 65.391 94.734 86.5 512855
2011 02 10 14 39 28 85.871 123.062 532.8 551436
2011 02 10 14 41 59 85.954 123.033 531.2 512940
2011 02 15 13 33 54 92.489 121.468 26.8 513004
2011 03 06 14 32 36 146.386 332.975 92 513227
2011 03 06 14 32 42 146.41 333.32 101.2 553192
2011 03 09 02 45 19 51.56 142.98 26.2 550241
2011 03 10 17 08 37 96.856 116.73 518.6 513310
2011 03 11 05 46 23 51.704 142.498 19.7 513319
2011 03 11 06 25 50 51.949 144.629 19.8 551455
2011 03 11 07 14 58 53.425 141.886 24.7 513364
2011 03 11 08 19 27 53.814 141.663 26 550256
2011 03 11 11 36 40 50.779 142.531 18.9 550263
2011 03 11 19 46 35 51.2 142.2 33 554033
2011 03 11 19 46 50 49.596 139.153 11.2 550278
2011 03 14 06 12 36 52.22 142.5 18.8 514267
2011 03 20 08 26 11 70.926 121.306 39.9 553180
2011 03 22 07 18 46 52.784 144.052 16.4 550319
2011 03 24 13 55 13 69.371 99.917 12.8 514977
2011 03 25 11 36 24 51.252 141.993 39 515015
2011 03 27 22 23 58 51.621 142.215 19.8 515100
2011 04 03 20 06 43 99.734 107.769 31.9 515284
2011 04 07 14 32 44 51.749 141.729 53.2 515366
2011 04 09 12 57 50 59.985 131.846 26.2 550466
2011 04 11 08 16 12 53.048 140.584 13.3 515458
2011 04 24 23 07 54 94.48 122.864 28.3 515785
2011 05 14 21 07 21 53.575 70.723 207.6 516197
