2011 04 24 23 07 54 94.48 122.864 28.3 515785
2011 08 10 23 45 43 97.102 347.195 11.7 517677
2010 07 23 22 08 11 83.289 123.487 610.2 510016
2010 07 23 22 51 13 83.577 123.579 584.7 510022
2010 07 23 23 15 09 83.26 123.327 633.7 510027
2010 07 24 05 35 01 83.829 123.562 564.7 550527
2011 01 24 02 45 30 51.599 72.846 101.9 512688
2010 04 26 02 59 52 67.76 123.815 23.2 508961
2010 02 07 06 10 00 66.564 123.69 23 551425
2010 09 09 07 28 01 127.054 286.465 18.6 550938
2011 01 02 20 20 18 128.39 286.601 24.4 512363
2011 01 29 06 55 26 19.132 353.092 6.4 550705
2011 02 11 20 05 28 126.46 286.845 12.8 512958
2011 02 11 23 39 21 127.236 286.513 16.5 512965
2011 02 12 01 17 00 127.003 286.846 10 512968
2011 02 14 03 40 09 125.486 286.899 17 512991
2011 06 01 12 55 21 127.554 286.168 10 516484
2011 06 20 16 36 00 111.771 291.617 126.2 516819
2011 07 16 00 26 12 123.875 287.9 20.5 517320
2010 09 17 19 21 15 53.465 70.969 215.4 551205
2010 10 25 14 42 22 93.524 100.104 20 511191
2010 10 25 19 37 30 93.006 100.37 22.6 553190
2010 11 10 04 05 25 135.599 96.364 15.3 511358
2011 01 01 09 56 58 116.851 296.763 584.3 512345
2011 01 17 19 20 56 95.103 102.602 39.1 512592
2011 01 18 11 33 44 87.425 96.381 23.7 550842
2011 01 18 20 23 25 61.317 63.994 79.9 512610
2011 01 26 15 42 29 87.835 96.812 23.8 512715
2011 01 27 08 38 30 61.849 59.052 18.5 512724
2011 02 04 13 53 46 65.391 94.734 86.5 512855
2010 08 16 03 30 54 107.807 65.602 14.7 510398
2010 08 21 05 42 54 87.802 96.723 33.2 510452
2010 12 08 05 24 35 146.431 334.36 29 551229
2010 12 20 18 41 59 61.632 59.15 14.5 550837
2011 02 15 13 33 54 92.489 121.468 26.8 513004
2011 03 06 14 32 36 146.386 332.975 92 513227
2011 03 06 14 32 42 146.41 333.32 101.2 553192
2011 03 10 17 08 37 96.856 116.73 518.6 513310
2011 03 24 13 55 13 69.371 99.917 12.8 514977
2011 04 01 13 29 11 54.269 26.546 75.5 515229
2011 04 03 20 06 43 99.734 107.769 31.9 515284
2011 05 14 21 07 21 53.575 70.723 207.6 516197
2011 05 15 13 08 15 89.542 334.392 18.9 516209
2011 07 15 13 26 02 150.986 336.338 8.6 550951
2011 07 19 19 35 43 49.844 71.501 19.5 551088
2010 04 05 10 05 44 90.089 125.104 28.1 550443
2010 05 31 10 16 02 83.063 123.962 34.3 553189
2010 04 06 22 15 02 87.64 97.111 33.4 508706
2010 04 11 22 08 11 52.993 356.524 619.6 553188
2010 04 13 23 49 37 56.808 96.746 13.8 508820
2010 04 14 01 25 16 56.851 96.489 12.2 508826
2010 05 05 16 29 03 94.139 101.105 26.3 509087
2010 05 09 05 59 42 86.268 96.027 42.3 509134
2010 05 25 10 09 06 54.717 324.064 15.4 550452
2010 05 31 19 51 47 78.79 93.651 131.6 509381
2010 06 12 19 26 50 82.15 91.954 31.4 509523
2010 01 05 04 55 38 148.464 345.141 10 507018
2010 01 17 12 00 01 147.692 293.963 10 553939
2010 02 05 06 59 07 137.934 99.51 16 507438
2010 03 04 00 18 52 67.07 120.8 27 508109
2010 03 05 16 07 00 93.838 100.915 24.2 508158
2010 03 08 02 32 35 51.212 40.044 12.2 508208
2010 03 25 05 29 26 76.171 120.013 24.6 550442
2010 03 30 16 54 47 76.388 92.874 38.5 552744
