2007 07 03 08 25 59 89.28 329.7386 10 492281
2007 07 25 23 37 24 82.9009 92.5074 27.7 493212
2007 08 08 17 05 02 95.8913 107.451 295.8 493807
2007 09 12 23 49 02 92.6161 100.726 36 495417
2007 09 13 02 30 01 91.6708 99.5879 24.8 495434
2007 09 13 03 35 21 92.1573 99.5731 20 495438
2007 09 13 16 09 15 93.2096 101.365 50.9 495466
2007 09 14 06 01 29 94.1551 101.1 32.9 495507
2007 07 03 08 25 56 89.28 329.7386 10 492281
2007 07 03 08 25 53 89.28 329.7386 10 492281
2007 06 26 22 22 58 100.4979 108.214 18.2 492054
2007 07 03 08 25 55 89.28 329.7386 10 492281
2007 07 25 23 37 30 82.9009 92.5074 27.7 493212
2007 07 31 22 55 28 90.1853 342.2246 17.6 493455
2007 08 20 22 42 27 81.8748 320.7515 0.7 553174
2007 08 08 17 04 54 95.8913 107.451 295.8 493806
2007 08 08 17 04 53 96.089 107.584 293.8 553172
2007 09 12 11 10 20 94.4637 101.396 35.5 495373
2007 09 13 16 09 15 93.2096 101.365 50.9 495466
2007 09 19 07 27 45 92.7753 100.83 38.4 495719
2007 10 04 12 40 26 87.455 92.8891 36.7 496188
2007 06 02 21 34 48 66.9347 101.024 11.6 552970
2007 06 24 00 25 08 145.6106 357.5663 10 491970
2007 06 26 22 22 58 100.4979 108.214 18.2 492054
2007 07 25 23 37 25 82.9009 92.5074 27.7 493212
2007 07 31 22 55 23 90.1853 342.2246 17.6 493455
2007 08 08 17 04 53 95.8913 107.451 295.8 493806
2007 08 08 17 04 52 96.089 107.584 293.8 553172
2007 08 20 22 42 19 81.8748 320.7515 0.7 553174
2007 09 12 11 10 20 94.4637 101.396 35.5 495373
2007 09 13 02 29 49 91.6708 99.5879 24.8 495434
2007 09 13 16 09 04 93.2096 101.365 50.9 495466
2007 09 26 15 42 51 91.8162 99.4029 31.3 495964
2008 01 04 07 29 14 92.7929 100.916 40.6 497210
2008 01 06 05 14 15 52.7431 22.7037 83.8 552903
2007 07 03 08 25 53 89.28 329.7386 10 492281
2007 07 25 23 37 28 82.9009 92.5074 27.7 493212
2007 07 31 22 55 22 90.1853 342.2246 17.6 493455
2007 08 08 17 04 54 95.8913 107.451 295.8 493806
2007 08 08 17 04 53 96.089 107.584 293.8 553172
2007 09 06 17 51 19 65.6606 122.254 58.2 495175
2007 09 12 23 49 01 92.6161 100.726 36 495417
2007 09 13 03 35 24 92.1573 99.5731 20 495438
2007 10 04 12 40 29 87.455 92.8891 36.7 496188
2007 10 24 21 02 44 93.9514 100.987 29.9 496356
2007 09 19 07 27 39 92.7753 100.83 38.4 495719
2007 09 20 08 31 07 92.0214 100.059 30.9 553171
2007 09 26 15 42 58 91.8162 99.4029 31.3 495964
2007 10 24 21 02 39 93.9514 100.987 29.9 496356
2007 11 25 19 52 58 98.2256 118.526 31.6 496687
2007 07 31 22 55 26 90.1853 342.2246 17.6 493455
2007 09 13 02 29 55 91.6708 99.5879 24.8 495434
2007 09 20 08 31 04 92.0214 100.059 30.9 553171
2007 07 03 08 25 53 89.28 329.7386 10 492281
2007 07 25 23 37 31 82.9009 92.5074 27.7 493212
2007 07 31 22 55 26 90.1853 342.2246 17.6 493455
2007 08 08 17 05 05 95.8913 107.451 295.8 493807
2007 08 08 17 04 46 96.089 107.584 293.8 553172
2007 07 03 08 26 00 89.28 329.7386 10 492281
2007 07 31 22 55 24 90.1853 342.2246 17.6 493455
2007 06 26 22 22 55 100.4979 108.214 18.2 492054
2007 07 03 08 25 59 89.28 329.7386 10 492281
2007 07 25 23 37 28 82.9009 92.5074 27.7 493212
2007 07 31 22 55 30 90.1853 342.2246 17.6 493455
2007 07 31 22 55 24 90.1853 342.2246 17.6 493455
2007 08 08 17 05 05 95.8913 107.451 295.8 493807
2007 08 20 22 42 21 81.8748 320.7515 0.7 553174
2007 09 06 17 51 14 65.6606 122.254 58.2 495175
2007 09 12 11 10 19 94.4637 101.396 35.5 495373
2007 09 12 23 48 53 92.6161 100.726 36 495417
2007 09 13 02 30 02 91.6708 99.5879 24.8 495434
2007 09 13 03 35 23 92.1573 99.5731 20 495438
2007 09 13 16 09 09 93.2096 101.365 50.9 495466
2007 09 20 08 31 13 92.0214 100.059 30.9 553171
2007 10 04 12 40 26 87.455 92.8891 36.7 496188
2007 09 06 17 51 12 65.6606 122.254 58.2 495175
2007 10 24 21 02 50 93.9514 100.987 29.9 496356
2007 10 04 12 40 21 87.455 92.8891 36.7 496188
2007 07 03 08 25 53 89.28 329.7386 10 492281
2007 08 08 17 05 06 95.8913 107.451 295.8 493807
2007 08 20 22 42 18 81.8748 320.7515 0.7 553174
2007 09 06 17 51 19 65.6606 122.254 58.2 495175
2007 09 13 03 35 17 92.1573 99.5731 20 495438
2007 09 14 06 01 22 94.1551 101.1 32.9 495507
2007 06 26 22 22 52 100.4979 108.214 18.2 492054
2007 07 03 08 25 50 89.28 329.7386 10 492281
2007 07 25 23 37 22 82.9009 92.5074 27.7 493212
2007 09 12 11 10 20 94.4637 101.396 35.5 495373
2007 09 12 23 49 00 92.6161 100.726 36 495417
2007 09 13 03 35 15 92.1573 99.5731 20 495438
2007 09 13 09 48 33 86.2059 126.458 24.4 495451
2007 09 19 07 27 45 92.7753 100.83 38.4 495719
2007 09 20 08 31 12 92.0214 100.059 30.9 553171
2007 06 24 00 25 07 145.6106 357.5663 10 491970
2007 06 26 22 22 55 100.4979 108.214 18.2 492054
2007 07 25 23 37 28 82.9009 92.5074 27.7 493212
2007 08 08 17 04 58 95.8913 107.451 295.8 493806
2007 09 06 17 51 15 65.6606 122.254 58.2 495175
2007 09 13 02 30 01 91.6708 99.5879 24.8 495434
2007 09 13 03 35 16 92.1573 99.5731 20 495438
2007 09 13 16 09 04 93.2096 101.365 50.9 495466
2007 09 19 07 27 43 92.7753 100.83 38.4 495719
2007 09 20 08 31 12 92.0214 100.059 30.9 553171
2007 09 29 05 37 05 87.1035 95.5175 32.6 496065
2007 10 24 21 02 39 93.9514 100.987 29.9 496356
2007 12 22 12 26 10 87.8749 96.7849 32.8 497052
2008 01 06 05 14 15 52.7431 22.7037 83.8 552903
2008 01 09 08 26 35 57.5958 85.2551 27.7 497275
2007 08 08 17 04 51 95.8913 107.451 295.8 493806
2007 08 08 17 04 50 96.089 107.584 293.8 553172
