2008 01 04 07 29 19 92.792 100.916 40.6 497210
2008 01 09 08 26 48 57.596 85.255 27.7 497275
2008 01 20 20 26 06 87.569 126.901 50.6 497422
2008 01 22 17 14 58 88.968 97.45 40.6 497448
2008 01 30 07 32 48 97.262 127.815 38.3 553008
2008 02 08 09 38 13 79.275 318.098 4.1 497646
2008 02 09 18 34 00 90.236 125.11 27.7 550470
2008 02 10 12 22 03 150.784 334.406 10.0 497671
2008 02 14 10 09 23 53.483 21.669 31.5 497708
2008 02 14 12 08 57 53.616 21.832 35.3 497710
2008 02 20 08 08 31 87.237 95.964 31.4 497771
2008 02 25 08 36 33 92.489 99.92 29.8 497848
2008 03 03 14 11 15 76.577 125.716 26.0 497951
2008 03 15 14 43 26 87.288 94.573 23.5 551153
