2014 06 29 07 52 56 145.475 331.605 15.1 534719
2014 06 29 14 32 49 145.418 331.776 11.9 534744
2014 07 05 09 39 27 88.067 96.938 20.0 534852
2014 07 19 14 14 02 78.291 57.957 10.0 535067
2014 07 27 01 28 41 66.14 314.41 13.7 535168
2014 08 03 08 30 14 62.783 103.458 28.0 535273
2014 08 18 02 32 04 57.289 47.638 10.0 535475
2014 08 18 18 08 22 57.418 47.703 5.0 535494
2014 10 07 13 49 41 66.657 100.5 12.8 536316
2014 11 03 08 48 29 131.824 80.043 7.4 553363
2014 11 17 16 52 47 136.407 33.701 12.2 537073
2014 11 22 08 55 26 59.686 101.803 2.0 537173
2015 02 13 18 59 13 37.491 327.98 16.9 553366
2015 02 16 22 00 54 145.518 331.771 18.1 538527
2015 02 27 13 45 05 97.358 122.49 559.1 538719
2015 03 03 10 37 31 90.719 98.754 33.5 538783
2015 03 06 08 22 20 131.316 80.614 13.1 538824
2015 04 16 18 07 43 54.805 26.837 22.6 553371
2015 04 25 06 11 26 61.87 84.716 13.4 539594
2015 04 25 06 45 21 61.84 84.843 14.7 539604
2015 04 26 07 09 09 62.264 85.978 13.4 539668
2015 05 12 07 05 18 62.199 86.126 12.3 539984
2015 05 12 07 36 53 62.476 86.141 13.8 539990
2015 05 15 20 26 55 92.566 102.223 158.5 540083
2015 05 24 04 53 23 106.814 345.739 11.7 540236
2015 06 04 23 15 45 83.957 116.665 18.1 540435
2015 06 17 12 51 35 125.37 342.191 27.1 540638
2015 07 03 01 07 46 52.53 78.12 19.0 540849
2015 08 13 10 39 54 127.022 77.953 15.4 553212
